0 0.5667945377403996 0.5876755088013248 0.3458589146918254 0.17693696004503295
0 0.5724111095417369 0.4157026093130032 0.35027415851448834 0.17218521030209588
1 0.5935807337723151 0.7311518954732127 0.3215263151556748 0.114213189786012
1 0.5911017661903836 0.27516152316013603 0.3074956867176273 0.11885305439943873
2 0.599762392509776 0.8322812616290169 0.36822966853499517 0.09794569235664105
2 0.5596797228375382 0.17373845853936706 0.3484102265766819 0.09051038363608176
3 0.570646678287768 0.9089386113695065 0.28375175990902063 0.06334082260195636
3 0.545133757805286 0.10138531802377278 0.269132458743429 0.060769148753844496
4 0.5392741869107586 0.9542900185452409 0.24273930629479137 0.031643282083914724
4 0.5299255855460674 0.05188270161090576 0.23150497249561944 0.041118810287411156
5 0.5430272235064553 0.9820041775204158 0.22350853706402227 0.03141951182489377
5 0.5204572699295273 0.02049284519901772 0.1850469986024838 0.030971971306852007
6 0.5618901218740302 0.9972700174741591 0.15963496736641952 0.005459965051681883
0 0.14904044519929052 0.5912359528472715 0.28787246900182867 0.11382159183272546
0 0.1556629142011192 0.48063105848797083 0.28748002051679933 0.10901389952503329
1 0.14728572399716153 0.7018828041301386 0.29457144799432305 0.10912578465454349
1 0.1533193219053633 0.3758259948954535 0.3066386438107266 0.10705759388922878
2 0.17186400056862133 0.8031520266978307 0.34372800113724267 0.10264149953482288
2 0.16065335174391124 0.2784702256646842 0.3213067034878225 0.0952061908142636
3 0.16756084378983788 0.8801869887504181 0.3007257519847882 0.09475865029622209
3 0.154877025400646 0.1954955764334255 0.2857140023341673 0.08737928414041783
4 0.18137086872961858 0.9320794656759426 0.23484078461836871 0.08198419490279572
4 0.16429598740743306 0.1390611343827961 0.2272367976718009 0.07709258874797066
5 0.19697148947386645 0.974613608217447 0.19422077948916888 0.050772783565105985
5 0.16498257389015153 0.0716974995103486 0.20015666200827908 0.09839154874405474
6 0.32106390276071534 0.9720777405376212 0.07461714452440524 0.055844518924757565
6 0.2581928580401947 0.0499238697791592 0.1542873608426875 0.09545624822503405
7 0.37156924961331966 0.9868784297727958 0.04582014592192142 0.026243140454408394
7 0.3281741552436701 0.032692205173074855 0.062401689512659786 0.05836361846937028