0 0.5497571883188579 0.409698973139477 0.3783316257585536 0.20578765635844043
0 0.5311502864574018 0.594487401214103 0.3779819018614561 0.19376842558920965
1 0.5939670605195875 0.2543721504540603 0.36202003979114994 0.1405481093629277
1 0.5412717594461789 0.7426596405173082 0.33763185435559084 0.127969377190919
2 0.611747486854801 0.13932323591111162 0.3950443829302206 0.11969679594220121
2 0.496091909069703 0.8486516669086008 0.3707261422740808 0.10952190992403879
3 0.602316212924092 0.05010117751741504 0.30498295876720066 0.07916510229038488
3 0.4746578792872193 0.9239252196325325 0.2949479054752989 0.06451822480619694
4 0.4613796424884373 0.9669146997003744 0.24157367663474716 0.04646039864316265
5 0.46895376667386474 0.988962911502778 0.2076400513632229 0.022074176994443917
0 0.3701110916219633 0.42476145691955164 0.36188015023231096 0.13574041705523526
0 0.36431492366627094 0.5412920452408123 0.3591265801813673 0.12366523614572682
1 0.3387525613621696 0.3037578721932161 0.2946424027040381 0.1365776592813036
1 0.29859746381297353 0.6504142646705131 0.3375619095761713 0.12556553103707285
2 0.3529272184666137 0.1886250324398507 0.4045898227661856 0.11751675034946615
2 0.21976376728265154 0.7556229890979169 0.3132436689200318 0.11539064501891041
3 0.31719352640243614 0.09397983019540625 0.22147784639736082 0.09884146276527797
3 0.22071163489547937 0.8470530681544874 0.18754422112583669 0.08844277618600452
4 0.34782327212378744 0.033353154955662684 0.2178149942139636 0.05551628185576941
4 0.24526543354346034 0.9125723658513891 0.16500032360876765 0.056689224923504394
5 0.2520002203758536 0.9674521740556892 0.16541999228528476 0.06509565188862172