0 0.3230993219324009 0.6341554767877953 0.3915088748733636 0.2594631504797205
0 0.28417896104205553 0.4536222748125747 0.39142495629197793 0.2546554581720285
1 0.3323911988065977 0.7904754026268692 0.35187247627242585 0.19193169548699165
1 0.24469214972735692 0.3055409959142773 0.3277500961525787 0.18698415150115133
2 0.3678046054007285 0.8964614034972294 0.39497386987888533 0.18256804389227346
2 0.2683617907105746 0.189080323963072 0.36587596028857455 0.16797714495541888
3 0.4148535258556772 0.9539081693976286 0.32615564310625117 0.09218366120474286
3 0.2854763455301701 0.10383468909232971 0.2881556568423338 0.12185654266226847
4 0.47573200987182584 0.9782403194602008 0.2459895342154715 0.04351936107959822
4 0.2983977010492967 0.0522219226237114 0.2538724213280953 0.08560305800516901
0 0.7800757636151497 0.5538729737810069 0.3179668743744229 0.17731282621450759
0 0.7616571172607133 0.43836948446996565 0.32277456668211524 0.17734079655013715
1 0.8057479077218175 0.6670145724416462 0.3396854083404238 0.18224638503253296
1 0.7551947627394683 0.3265416902287677 0.3371556843144991 0.17502086140317985
2 0.8001700518284852 0.7799743639206932 0.36119414585296067 0.17516071308132772
2 0.7487953471542627 0.21110812675680052 0.40226932692180956 0.18741769170341005
3 0.8155074200858128 0.8654087985569353 0.29831651223672534 0.1531624833335276
3 0.7238635739268969 0.12441582837237625 0.33445812312580314 0.1581799531584419
4 0.7129352847156797 0.06184590253330225 0.2664371228763329 0.116922983844243
4 0.8339199831480718 0.9123956798994536 0.2735647427564856 0.11215724703999487
5 0.7062692170331482 0.03055394702985786 0.22688464285678067 0.05419922115920625
6 0.6210165971529953 0.025249781264740277 0.17142834415554786 0.04426217768408132
7 0.5359318144356138 0.01033023088423808 0.05313637112877245 0.014730750615002449