0 0.5929499112836454 0.3893442154678283 0.2261317259845873 0.3725978379767819
0 0.4116536078358945 0.40647713852027706 0.22119805343823395 0.3701380492581805
1 0.744633957833991 0.3405976657444708 0.1532604599372357 0.3573356225823768
1 0.2566685210321482 0.40347106772999825 0.1541525432271481 0.32851744001860056
2 0.8547018491466276 0.3286492052464981 0.1400971854007704 0.38120625642657274
2 0.1474297228900935 0.4454955764334255 0.1347855721384335 0.3715349292464328
3 0.9363696282580661 0.33080215192425977 0.10038606617190464 0.31107514872937014
3 0.06893189298375212 0.474648572320419 0.0878629144480292 0.30131990770209743
4 0.026199738632456795 0.4981136225701396 0.05239947726491359 0.24343180103314638
5 0.00453362818817612 0.4857447507711887 0.00906725637635224 0.21668180923468514
0 0.5908951309903211 0.8186685098295765 0.1533966617951812 0.31409436309552363
0 0.47158979577828364 0.8232935467365002 0.14087351007130577 0.3043391220682511
1 0.7081745607644959 0.8068039631787366 0.14668904428828738 0.32362583386377525
1 0.35981606043407954 0.8421301918180408 0.14175537174193392 0.3157396163639184
2 0.8173554795968622 0.7888319016549595 0.14060110635541506 0.3908216410419571
2 0.25537473298043306 0.8391389487342651 0.13479579375771764 0.3217221025314699
3 0.8984461260150414 0.7561011078195746 0.13416589256441197 0.3138705928365027
3 0.16415967018258246 0.8590821436003491 0.12063489893124722 0.2818357127993018
4 0.9340577766777775 0.7420836144909728 0.06839040635922199 0.2506433394946851
4 0.10235767230486087 0.8695086954046845 0.10900383049728414 0.24631115898741193
5 0.0461379014029759 0.8650777733437758 0.0922758028059518 0.20561360206629303
6 0.9628051647371063 0.5836675242373365 0.017950523605589498 0.06747552000195789
6 0.03357303300015103 0.771090017443566 0.06714606600030205 0.15974472616657265
7 0.012536823749176139 0.7059204441071327 0.025073647498352277 0.07513459898153813