0 0.35944425319836015 0.645944088943601 0.26302667062399776 0.37481431341924865
0 0.5335885127205654 0.6255108366694687 0.2580508850183642 0.3720742806695206
1 0.21400332421570278 0.6877092766727665 0.20108149050049137 0.344169673278413
1 0.6745496993164477 0.6305366022913326 0.1880536999436138 0.3289061298656304
2 0.09984450198324582 0.705049276284918 0.19968900396649164 0.37525157998047176
2 0.7688122158852362 0.5779458701948942 0.1681000175384098 0.35143175172262175
3 0.03679819876493715 0.6781449920064921 0.0735963975298743 0.2985976763206767
3 0.8311776292535953 0.5496962795664994 0.11173598287970093 0.2637671770812426
4 0.8654785786078707 0.5255232313963969 0.08741187472802746 0.22379279893823395
0 0.35908223664470285 0.46112534503569397 0.17317688310938395 0.28720027876054005
0 0.4651623840184807 0.4468027881115178 0.16853728409963262 0.289267938318504
1 0.23998253538901246 0.4370956801386374 0.18933143299454244 0.27876154723074337
1 0.5687293685981067 0.41660309124042993 0.17781648211913514 0.28513261920257615
2 0.13247359498273498 0.4718509293705059 0.20081231723720966 0.4087373328363769
2 0.661336222178819 0.4049617904083467 0.15512276696420238 0.3026824554539341
3 0.0515739356338265 0.42864927190031554 0.103147871267653 0.23229854380063103
3 0.7419320816652656 0.34054519083195384 0.12441111349076604 0.1713619234647716
4 0.005589942106202474 0.44957800742686616 0.011179884212404949 0.18761755331527083
4 0.8055499580932182 0.3462015863043169 0.0809737894235943 0.165932397947985
5 0.8597793198613626 0.33066886962825254 0.1012636584246805 0.14821446839868607
6 0.8861293442297347 0.38565465123713205 0.06871945202382189 0.09331273343877705