0 0.604656608572805 0.38370912804139906 0.2256274971442823 0.3609725938150643
0 0.43410240557615387 0.3672488956934291 0.21834603284366977 0.34878551262500024
1 0.7476854547266512 0.38038009469487116 0.16536352128435075 0.33072768646196593
1 0.30216357788700393 0.32345115340870695 0.1507726223474964 0.3015458317741455
2 0.8569485733841329 0.3970651325430014 0.16309952680865245 0.3547101978601497
2 0.2060237169009726 0.323285312865972 0.1291659772985105 0.3058499728193377
3 0.9432353019019281 0.4383201582622321 0.1097254305505194 0.2693446793894232
3 0.13854120999559533 0.3548999937168268 0.08069746952277314 0.23742327770608979
4 0.9766653853707374 0.4759983947598817 0.04216600522216068 0.22450884469241464
4 0.09758492178941454 0.37147614610154905 0.05876916561404704 0.18643895721282056
0 0.5508909276158575 0.5363823388198179 0.1557761070045957 0.3353115782085471
1 0.6552065022874987 0.5772177384869652 0.16051387347321422 0.32340424771987186
2 0.7644556357771657 0.5963066224889417 0.1706187389621165 0.4077626636655985
3 0.8505116090260167 0.6772251097466339 0.12399467062763356 0.24323807253878207
4 0.9226759417287531 0.6671331439998389 0.08530936948105824 0.20388133183279925