0 0.46877297723286276 0.6279967357611742 0.25529614099584236 0.36241096528305294
0 0.6549604051256337 0.6624776011445221 0.1924832397001775 0.2147693269218093
1 0.31572429288231374 0.6481478796183715 0.19553576377941687 0.37097736763111655
2 0.19375772021690055 0.6640368019468833 0.19422319167218782 0.4021854083404238
3 0.09524199998792429 0.6635183941054004 0.15075553817640852 0.32695286962941483
4 0.044703991472596835 0.6266005363385049 0.05465510176831012 0.25800876498470215
1 0.33278012214806996 0.41421345217064626 0.18748478374355754 0.34681302822057664
2 0.2125878144557623 0.4121154876360047 0.21572045315362334 0.4674249288198127
3 0.09706201562915662 0.3716608828665568 0.1285027792780842 0.24007873376541072
4 0.047462660051424285 0.3960201223773919 0.07578605220833298 0.24396332167786083
0 0.4364507489814986 0.35596350711497693 0.14524575819757515 0.2379686026464144
1 0.8225466449683763 0.7146516383561737 0.0718101423973405 0.06131297327624616
2 0.9176931612330373 0.687483856137733 0.07041362613267939 0.09011716783170698