0 0.6237687902815713 0.5799281261439294 0.42406508905860874 0.290348283016724
0 0.6850338432706157 0.3872941221399278 0.4244293941975719 0.2951559753244163
1 0.5973236437727104 0.739422020867054 0.39510850814414467 0.22404435591408037
1 0.7420914557862912 0.23439358372182756 0.35850435812800757 0.21473269602934525
2 0.5456753948073272 0.852519089651813 0.4161966658203153 0.21809289030645965
2 0.7344632374681876 0.11397940961675516 0.4128820568190612 0.20593365144234915
3 0.49655935043939314 0.9164073163301657 0.351400407918226 0.12098269602934518
3 0.7289104229155527 0.05050672092212017 0.32437577976688803 0.10101344184424034
4 0.43473274718316435 0.9427440571636982 0.27101643217499927 0.07082936007011562
0 0.1606532661933137 0.5048443766942579 0.3213065323866274 0.20469728712932136
1 0.14213175645690132 0.621559068980231 0.28426351291380264 0.21842032357799931
1 0.19419668527884962 0.26391158320056846 0.3749669760659675 0.2109050603858113
2 0.1436786338892181 0.736593664127647 0.2873572677784362 0.21431267174470583
2 0.2362295496288482 0.15137454679532866 0.3917938991428906 0.2118851170499697
3 0.11497735045368354 0.8234002875854229 0.22995470090736708 0.1993532709830002
3 0.24768581072261805 0.07574486238704395 0.3555899170163024 0.1514897247740879
4 0.09523598626505528 0.8772649596341968 0.19047197253011056 0.14931623457776028
4 0.2652054813268817 0.03354940087030154 0.2868967296539289 0.06709880174060308