0 0.5986575333196575 0.6618335206024172 0.37958791150277804 0.22553118545451029
0 0.6054254904151706 0.47451567317189863 0.359797640869231 0.20003550336019635
1 0.603294360389369 0.8247306699802179 0.3491751537288463 0.15603766231303923
1 0.746081480302457 0.32864836963234845 0.08832886602735056 0.08348056942441372
2 0.591943516486324 0.9358738507871421 0.3947922805116454 0.1282522984257158
3 0.57209629077345 0.9981827325300141 0.3349738674887821 0.0036345349399717554
0 0.39737788300977517 0.618888473996734 0.3295527335161325 0.13775351868026348
0 0.40858885156212565 0.4993337002976118 0.31993734890074804 0.13702490840233714
1 0.36210047784882415 0.7378236450779634 0.3491751537288463 0.15603766231303895
1 0.32702794263028817 0.3823814372888336 0.19918553980566253 0.10387881838979687
2 0.35812902282815107 0.8567229534086073 0.45466463379668814 0.15203314460099795
3 0.28712962620117444 0.9511144851604711 0.218584159457265 0.09777102967905768
4 0.30029382496800133 0.9974250960767335 0.21204201280096152 0.005149807846533004