0 0.5851875749298483 0.717975507737258 0.20100543206546312 0.367376399828922
0 0.39912027410558193 0.6982486816901174 0.2057292057917698 0.36273659583609386
1 0.7411228802496521 0.7414607241241897 0.14280961288484142 0.33651558620439803
1 0.24519020167804245 0.6976839479221563 0.1329424725252998 0.32175673265159277
2 0.8566963124423851 0.7346727359886221 0.1242921515958501 0.37670941756032594
2 0.13667536713724548 0.6445856426051502 0.11940054070677235 0.3717338369377695
3 0.9437382854691607 0.7088485718100233 0.08482359015768391 0.3176740033491049
3 0.056796889989138205 0.60451389794656 0.07225888860944633 0.2860042825619446
4 0.9698178558984019 0.6616530623861372 0.04274138611220698 0.24653541421122108
4 0.015223656969603896 0.5787965532594567 0.03044731393920779 0.2393238757496826
0 0.6212656231283381 0.23576778862465003 0.13977637737060286 0.3003739497392738
0 0.5011152747267231 0.22916673459919956 0.12796694305483614 0.31197345972134405
1 0.7366502385129535 0.23979710818139016 0.13319422826945682 0.33617980957466975
1 0.39095794455672844 0.2012668418188621 0.13315226897876392 0.3337759634208236
2 0.8465138536480984 0.2845239240386507 0.12362080294476495 0.33824787909878756
2 0.2792630169842679 0.1925557461905778 0.12416627372377184 0.36949787909878756
3 0.9355191002764454 0.28402408863286865 0.11557007866937005 0.2899191235495683
3 0.19181634740373313 0.17266486136738354 0.11860331418360853 0.32606076001469264
4 0.9731353696319498 0.26489253076537367 0.050540354643445355 0.2804410928373635
4 0.12086092657457878 0.17259235487698318 0.1004756530952077 0.2509539201434373
5 0.058360926574578774 0.17040980678374898 0.11178157592266036 0.21050825631521314
6 0.04329356393794037 0.27571734468710324 0.08598082417509992 0.10870727627935374
7 0.01902264953898667 0.33016636465124394 0.03804529907797334 0.061439260365067236