0 0.42698700815258983 0.40460111664137427 0.22526562466335448 0.36237671330751386
0 0.5949905117392333 0.4342941008469241 0.2107026913283893 0.3497697871887964
1 0.2832177650810511 0.3590607016080458 0.1648058441462917 0.32867798268465265
1 0.7307518768667858 0.4446359243622827 0.14778312209272543 0.31116541503332845
2 0.1728366409807713 0.3377281141850581 0.15812576004992776 0.3740572119329863
2 0.8192746153234294 0.4843177379918097 0.13618346055915856 0.3467333612164485
3 0.08135063072272941 0.3460252744075398 0.11138977439650176 0.2808500228134578
3 0.8824870409587444 0.5289807001443502 0.09215900516573274 0.2800664290141422
4 0.029795493316364417 0.3666579553085032 0.05959098663272883 0.23331591061700643
4 0.9182230635190941 0.5580941692872977 0.06283733951915949 0.23802565369978432
0 0.4248472050507029 0.588495347410605 0.15029885337608193 0.3208787488736276
0 0.5268708101772763 0.6046774202386999 0.14065549747831968 0.3180831058201236
1 0.30575892094699664 0.5920603223158014 0.1691380246535647 0.2880084965190969
1 0.6238070101723814 0.6447020561554273 0.14789500722223564 0.3207807996487129
2 0.19186992710426923 0.5621673495169804 0.15588974159034732 0.38838233963114877
2 0.715599862471263 0.7133769474684798 0.1455750749155225 0.32789438888533723
3 0.09521259786762612 0.6015186112896334 0.10828664618321546 0.22065591974238963
3 0.7973026604196547 0.7191110672694171 0.07868526771286628 0.15457668288956994
4 0.03693626150664482 0.5701257775957038 0.07387252301328964 0.20275155519140758
4 0.8501313332395148 0.7260736425252273 0.06635835283748183 0.12764462907269009