0 0.30015453172076717 0.3558471263453523 0.39041793331535 0.203719511046261
0 0.29315005994387866 0.5506425900173075 0.3856941595890434 0.20841530307339767
1 0.29212751685953275 0.19624313274583308 0.3581609103387221 0.1452998515303422
1 0.2783195566982282 0.7119800330263887 0.3292308379111826 0.13982075753931647
2 0.30624471216340504 0.0757710743521365 0.39869062062856414 0.1270202346842952
2 0.3147670492065108 0.8264694461665596 0.3961608966026394 0.11975274608247889
3 0.33147901348661224 0.012548747223771299 0.34184966533446787 0.025097494447542598
3 0.3481752229083774 0.908590861440224 0.30161367007947565 0.07189761368856842
4 0.3796830619447118 0.9619220730080126 0.2604545704292412 0.054119538226923294
1 0.821546204422217 0.21996381912227495 0.35069761613302686 0.13070892418643193
1 0.8164122746045229 0.5829166132829052 0.34833572926987316 0.1330568202000002
0 0.8077978296735887 0.45696646583723227 0.34833572926987316 0.1330568202000002
2 0.8043714404353965 0.10262295870603566 0.3890752360131795 0.12679643412318406
2 0.8059847671128053 0.698497054158493 0.3602290821670254 0.12612503243985065
3 0.7900471784468744 0.03820373319599332 0.29962941683255767 0.07640746639198664
3 0.8163675855450158 0.791967303457104 0.3336189373119467 0.11589419628141055
4 0.8151088068242309 0.8640826880724887 0.2588899100892519 0.1021405111635687
5 0.8212084240824093 0.9276167607285785 0.23982697802125366 0.11130829465673085
6 0.6887661095220603 0.9439151722900102 0.09513465659286333 0.08150897854775635
7 0.6415134759058247 0.9666408154100422 0.058321697052700364 0.037400495674359144