0 0.5599190373967109 0.41707501771932826 0.3992497034102854 0.2417964498045184
0 0.5669802152085625 0.6076504171326312 0.3914219831047511 0.23192923271683752
1 0.5748937301303342 0.2585890598803463 0.3636864305023146 0.17339748345020894
1 0.5949200802027411 0.7543842438805208 0.34337734304455264 0.15589900711382917
2 0.5708848633330491 0.13316933909318587 0.39462833958031673 0.16968106518913373
2 0.5569691026492866 0.8578602775262113 0.38091460874009747 0.14281903670966564
3 0.5336699876622085 0.05597916249197054 0.2980446400601984 0.08476041797594526
3 0.5354437930118954 0.9305899761164945 0.28377560859812045 0.086660599185199
4 0.5245656040974505 0.9687577100270206 0.2509851539881308 0.0615308636001202
5 0.5376022718715368 0.9835737519149844 0.1925226189908284 0.03285249617003125
0 0.15249387011954404 0.46488479016871326 0.3049877402390881 0.17015419572204193
0 0.15378180788397583 0.5879846089594596 0.30756361576795166 0.15788313248051475
1 0.15146029160632615 0.34332267108461834 0.3029205832126523 0.1626068806307751
1 0.15493092049294296 0.6998893713494538 0.30986184098588593 0.15349516095998303
2 0.1696574823238775 0.22723979756767237 0.339314964647755 0.1660180566738063
2 0.1713736511201967 0.8040941975391594 0.3427473022403934 0.14977874269890798
3 0.15207463104466587 0.13157434915257657 0.30414926208933174 0.15257177522823007
3 0.15930275115710937 0.8789072328594025 0.29856765766533233 0.13034955074159008
4 0.1520907725530282 0.07036021638693174 0.2581035282108075 0.09775644422267672
4 0.15207691359286468 0.9352717012386389 0.2587197100548033 0.1073718288380613
5 0.16907402363914906 0.9650068768660509 0.20669848621404455 0.06998624626789808