0 0.3919670735476216 0.5722413518009325 0.3859459153332004 0.22728942872400937
0 0.3682405769205421 0.38282590338583666 0.37620465284573723 0.21974211363274257
1 0.3863858641309262 0.7342071626345354 0.3463514760229555 0.16104247605124983
1 0.33801584977370225 0.23402400711382917 0.32450706418487596 0.14826774786513028
2 0.3970021884307613 0.8607028902624709 0.3872168606383401 0.16246952672759546
2 0.3591320573168346 0.13626378430174169 0.36739866133787125 0.12814412731429242
3 0.4226980419515896 0.9501106694100658 0.3334930594398682 0.09977866117986824
3 0.3710944324422035 0.06461009255223353 0.28731647102847724 0.08210473934980284
4 0.47505208291036727 0.9865194055533286 0.25788288711262375 0.02696118889334269
4 0.3861110227271575 0.030299960344772857 0.23856819930046888 0.041964317739622656
0 0.578732785960497 0.5367216883883275 0.32425530844071904 0.13384467094205335
0 0.5635185658064338 0.4220773032147586 0.31953153471441237 0.1384844749348815
1 0.6013054020935237 0.660031367572654 0.36077455294603256 0.16154614099584236
1 0.5735447302677551 0.30831433169422673 0.3508234940051051 0.14197959513534478
2 0.6357713711237026 0.7765492290826026 0.41112944430472326 0.15609742984037758
2 0.6352326073914222 0.19515423648156166 0.3509074125864909 0.1467872874430371
3 0.6627740459481862 0.878392181197178 0.29292138985933336 0.12794570458774393
3 0.6134152584908665 0.11511378806646587 0.2709091408584824 0.10555559178623979
4 0.6761359740195876 0.9546303014749615 0.2538724213280953 0.09073939705007697
4 0.5943164504243532 0.05318612996264829 0.18121156593370374 0.05918042719202184
5 0.6697006824358666 0.9898294809383803 0.1304370816680847 0.02034103812323943
5 0.5782718575174249 0.028602031400878192 0.16615909965023443 0.022619069939737