0 0.3760600109632861 0.3555563667666541 0.21729243092311512 0.3738150697556287
0 0.5555312457116319 0.35172074070075643 0.22196023367196843 0.3692593379252588
1 0.22702154942482458 0.34774559196966237 0.15656677406218572 0.3490309484044844
1 0.7053041274339983 0.33429113088236356 0.15332359055530548 0.32005881431966937
2 0.11814902470755256 0.3661149427683719 0.14772078202041572 0.3749693351421474
2 0.8136299557427057 0.37608092404913845 0.13301792597966072 0.364598069094796
3 0.04235069990065023 0.3894128553037927 0.08470139980130045 0.32209494137681627
3 0.8937741056097445 0.3935224158904411 0.09761546034032684 0.3027381919073858
4 0.01708820472234727 0.44223959137871965 0.03417640944469454 0.25947918275743925
4 0.9481532850157524 0.4276699613796477 0.06716057656752437 0.24593796750499047
0 0.39083440231932715 0.7993128318189497 0.13694205980848226 0.25199524058001
0 0.5079933608430132 0.8271204788979619 0.15091974440145933 0.31993283408100837
1 0.28112254024902106 0.8427429882925235 0.14618199687318645 0.314514023414953
1 0.6232380866687894 0.8342282055624157 0.14907545648296916 0.3315435888751686
2 0.1734041043921709 0.8182423224783668 0.15019457295368135 0.3635153550432663
2 0.7280851734787751 0.8207738092744996 0.14800056113809362 0.3584523814510007
3 0.08827740026889098 0.8135503887900515 0.12144408754052989 0.296786455832459
3 0.8120449269148419 0.8411017947839118 0.1390404031910677 0.3177964104321764
4 0.04214166083032499 0.8372841213511444 0.08428332166064997 0.2786997303689243
4 0.8809392385862646 0.8346281851212104 0.11537738920328658 0.2532652645859059
5 0.9279891005348132 0.8310751843904876 0.1049926120142873 0.22631903593895358
6 0.9456995820906072 0.7188502965916853 0.07236944007947972 0.09499958076732731
7 0.9628283948481265 0.6679864758352904 0.040210157947026204 0.06211183766473246