0 0.45283088638933455 0.30149744413874563 0.2704174733115561 0.41348877967108216
0 0.6483706191497066 0.3532831109989304 0.2694374166473975 0.3966618565941591
1 0.2951226556635421 0.24225941818340402 0.19874582152170078 0.37373596418489996
1 0.8077245057779515 0.3791827547314087 0.1921180239805715 0.34206534561025603
2 0.17437031559171529 0.22212856920192278 0.1941944368628779 0.41877811324601105
2 0.9152460808836403 0.4460235164222205 0.16950783823271928 0.3784237911985752
3 0.08407422245715972 0.2321656624375355 0.13752960291650881 0.3492474627710824
3 0.9632992954196732 0.49826140324892976 0.07340140916065362 0.30345452055398847
4 0.05484248556247129 0.2846149485971509 0.07253316574956307 0.2598551152034187
4 0.9970812953979541 0.5287448093970066 0.005837409204091797 0.261718477488604
0 0.3935940033524278 0.7626763097951561 0.1840664369497545 0.3270113408252133
0 0.5162483069755764 0.794931544189529 0.18462646932927357 0.3366267254405979
1 0.27411359040496397 0.7438525385342588 0.18574653408831165 0.3558574946713672
1 0.6304772947898185 0.8319157424058043 0.191114258775523 0.33616851518839125
2 0.744508124732186 0.8404112025668086 0.19477817778328715 0.31917759486638286
3 0.8371143514322579 0.8665674676288455 0.16821957053698958 0.2668650647423091
3 0.08827110057786149 0.6737824942362535 0.11605870416766327 0.30910345001096845
4 0.05383535563173156 0.6779445480316239 0.04522710094708668 0.2837737114478631
4 0.9066040234810315 0.8928741093311958 0.14322476087525998 0.21425178133760825
5 0.9490199105762378 0.9105795912060889 0.10196017884752433 0.17884081758782217
6 0.9744880887396097 0.8443553167557675 0.05102382252078067 0.14510142768076897