0 0.4354318584992286 0.4049588506356686 0.25667824521027416 0.4153031090854047
0 0.6258395288561153 0.3830809034478593 0.225533578289588 0.31280148158018883
1 0.2748516571247484 0.37835170473236057 0.18757917795843765 0.3729213439672328
2 0.14828751797596984 0.3677432876071422 0.18433893872687152 0.4062951739313193
3 0.05751773843659899 0.3796332429767078 0.11503547687319798 0.3459427124362961
4 0.011479131514318988 0.41601724698070947 0.022958263028637977 0.27373473680781185
1 0.30245298498741274 0.6092846521373614 0.18584709740864552 0.38720441279542983
2 0.17946496787222738 0.6248385265146911 0.18920592542891587 0.45931979741081447
3 0.06944453553800176 0.670802352322742 0.12853671120332663 0.23762962741833932
4 0.022148203220746437 0.6482102672396279 0.044296406441492873 0.21319485013612868
1 0.7907038929201141 0.2919695918601456 0.10197581472231466 0.13060032379519074
2 0.8964994569591732 0.31097961625338055 0.09554800279883935 0.14700722258747453
0 0.417636697846491 0.6840850206715821 0.13451667939076592 0.21160734401067097