0 0.3921495597109503 0.6574519230769231 0.21557089139465846 0.3798076923076923
0 0.575345418665758 0.6358173076923077 0.21780688712767132 0.37259615384615385
1 0.24202007043707205 0.7043269230769231 0.1477596478244661 0.3581730769230769
1 0.7305053958693905 0.6310096153846154 0.1492682917338678 0.31971153846153844
2 0.1345173902582793 0.7271634615384616 0.13641181873856867 0.3870192307692308
2 0.8384836522405443 0.5877403846153846 0.1361880181774577 0.37740384615384615
3 0.051752548371420334 0.7199519230769231 0.09135218348044896 0.31009615384615385
3 0.918705777561912 0.5492788461538461 0.08598498976997877 0.2860576923076923
4 0.015661435440437795 0.6899038461538461 0.03132287088087559 0.25
4 0.9637084577407047 0.5264423076923077 0.05423143850747891 0.2644230769230769
0 0.3713342608727563 0.2091346153846154 0.14910044131303452 0.3125
0 0.48699862695876056 0.1971153846153846 0.14172105243066277 0.30528846153846156
1 0.25326604863290575 0.22115384615384615 0.1444605994261755 0.31971153846153844
1 0.5995607750764956 0.16346153846153846 0.14222460369316264 0.3269230769230769
2 0.143079771598878 0.25600961538461536 0.141219511046261 0.3870192307692308
2 0.7039882074181089 0.16947115384615385 0.13529281593301307 0.3389423076923077
3 0.06674316620966857 0.2824519230769231 0.1248381792134618 0.30288461538461536
3 0.7873125507077455 0.15264423076923078 0.12729797550758584 0.30528846153846156
4 0.027949946662660183 0.30528846153846156 0.05589989332532037 0.25
4 0.8572199146602563 0.14423076923076922 0.10426460661602568 0.24519230769230768
5 0.9246954573887819 0.13701923076923078 0.11555648556164536 0.21394230769230768
6 0.00225995104695495 0.46153846153846156 0.0045199020939099 0.07211538461538461
6 0.9438682666011751 0.24278846153846154 0.08050388590085497 0.15384615384615385
7 0.9651382011349356 0.31009615384615385 0.03561210106356846 0.08413461538461539