0 0.550613354149574 0.5595663643739764 0.196407536211235 0.37812179142029506
0 0.3692068881155751 0.5494778412201111 0.1915159253221569 0.37317420955376374
1 0.7037462000539497 0.6049082148722097 0.13104213785976745 0.3497909746836606
1 0.2224883541495741 0.5500189019832133 0.13058058566214648 0.32334866699135306
2 0.81637031531383 0.628628311812619 0.12197222402338972 0.38076119556598254
2 0.11842455794558036 0.5181301502323109 0.10489354520230974 0.36584850518696904
3 0.9069131593446426 0.6084147025793121 0.07715049949852434 0.29055988184412374
3 0.044534716536742076 0.4799041697626138 0.06745119630175403 0.2854724104187535
4 0.9626631730807254 0.5835811248136531 0.04742320054782102 0.23923977526032042
4 0.010137145980230787 0.4691346962868073 0.020274291960461575 0.23153862334284542
5 0.9850801186353355 0.6082840617566 0.01318192432427523 0.20460670219460106
0 0.5311335589434621 0.3665941966617988 0.1260246490986111 0.33763185435559084
0 0.4181737693580393 0.36210486895215876 0.11640926448322649 0.3373520752379129
1 0.651640561315966 0.3520625894789281 0.13475888860944624 0.28743086424249964
1 0.3093652197823925 0.32647045841164807 0.1258987712265327 0.3304203158940524
2 0.7643905544479246 0.3685711479577989 0.11505440059670108 0.39737828430464717
2 0.20485476773394667 0.251277503501805 0.1107623863616776 0.28913526260215067
3 0.8601606836933579 0.3244589667448695 0.09545816433405135 0.23823482469486434
3 0.11829532655013868 0.24996141451962575 0.07775009615257875 0.1872644420081587
4 0.9256580432090812 0.36123821740967527 0.09027283841012344 0.21646031975141009
4 0.05322364323352122 0.2576882900906836 0.063033304194652 0.17001785025471852
5 0.9733573326697686 0.3842717283826808 0.04355077921972576 0.15503521509628562
5 0.013873199613574316 0.27813384422516735 0.02774639922714863 0.154685491199188