0 0.6018010673176538 0.45323896861698587 0.37914918241302864 0.21170864906151038
0 0.5765210937230504 0.6338474915617425 0.3720496048854992 0.21373455449937304
1 0.6482381653636604 0.3098849502472027 0.3494600076344598 0.14061132797469925
1 0.5696354962814961 0.7816840300232809 0.32782539224984425 0.13947750582674892
2 0.6711932926139033 0.20506057126793062 0.3872497804919441 0.12820393487020088
2 0.5252136950476516 0.8817688176238333 0.3656151651073286 0.12707011272225033
3 0.6569711182163633 0.12238495024720272 0.31105113571257803 0.08824085516401267
3 0.48929098301644924 0.9545873151711385 0.28667679137208946 0.07976951431586261
4 0.6338579913471499 0.07538908081818364 0.2565990672518366 0.05181544375962106
4 0.46907889864942737 0.9836991015199155 0.2572708328558905 0.032601796960169176
5 0.6446489657696292 0.05065261715744366 0.23703241521904006 0.04359606338879336
0 0.1824978548725134 0.4276496477398449 0.3136262371947853 0.14352931670247424
0 0.17351796080931164 0.5428452927664685 0.31317839345874926 0.13391393208708963
1 0.19622946077640302 0.31390788626746663 0.3156942005466044 0.13644375847959694
1 0.15117216899037567 0.6459008375948424 0.30234433798075133 0.13213998712654929
2 0.22164441464749635 0.2080075644499326 0.39239335560166333 0.1356674338090616
2 0.15122483553003258 0.7467363958177197 0.30244967106006515 0.13289586855851626
3 0.24588377871149503 0.12734762724778317 0.32955747279963626 0.12518040914233305
3 0.13524747216574373 0.8316320034439441 0.27049494433148746 0.11645710781686074
4 0.26780161035848055 0.07066316146476474 0.26638570719558224 0.10748184601406609
4 0.11920096169953613 0.894132003443944 0.23840192339907226 0.09901050516591589
5 0.298159236813756 0.03972300125177555 0.20175844944941104 0.05853328288579907
5 0.11213739200044952 0.9528653733082145 0.19885409301987186 0.09426925338357087
6 0.42665304511051627 0.048866790173993584 0.06977083285589049 0.056412062067127774
6 0.21248314532493845 0.968223080401966 0.1449618292291754 0.06355383919606794
7 0.4708179633518191 0.031903665239125176 0.05836407329636181 0.01744660265094469
7 0.2752334004627849 0.9907003961830809 0.06865122351580041 0.018599207633838086