0 0.32242957589849003 0.4473823564129624 0.3956387625617022 0.24539825679729269
0 0.3484412838828638 0.6448731376063385 0.3691964548693946 0.24308485463675128
1 0.293128388592598 0.2867305720295579 0.36164618426409767 0.17535654375441528
1 0.3406297796415121 0.8058708972670222 0.3375097735007217 0.1708496047273497
2 0.2944364411813198 0.1718717298632473 0.3993241289263206 0.15949072312079693
2 0.3980200593721921 0.9210746246650279 0.3943205381687994 0.15426241223846085
3 0.31234898601918615 0.08241835960299088 0.33775873670645 0.11817529863005632
3 0.43956699841853564 0.9758700044226494 0.3129366813686728 0.048259991154701254
4 0.3627093637905334 0.054488086203489335 0.26868795835029763 0.06901740781581146
0 0.83206331260494 0.5805947690865368 0.3180831058201235 0.16435943812108206
0 0.798368672125521 0.4590806730232891 0.27471592582597826 0.15817002479544107
1 0.8221704408885806 0.3378063075480754 0.34702720889119176 0.16928699572279135
1 0.8431908285457598 0.7001708595672349 0.3136183429084805 0.15925099253276295
2 0.7946813142436059 0.2216256770108247 0.39692028277247443 0.15928041383347505
2 0.8382321222572535 0.8125207009360383 0.3235357554854929 0.16532054056438683
3 0.7923080906111516 0.13399044703910107 0.3559569489321754 0.153301309795156
3 0.8606237990632348 0.9044525606475055 0.2787524018735304 0.1497260519106831
4 0.7834803899385248 0.09369605763867371 0.2977300106462802 0.07634881157136696
4 0.8821451539622398 0.957996165120334 0.2357096920755204 0.08400766975933202
5 0.9014228527337451 0.9902225232367871 0.19715429453250977 0.019554953526425906
6 0.7926875099716342 0.9950381158924494 0.11542949985363048 0.009923768215101129