0 0.5880854252922953 0.6620899570625978 0.24998761754248405 0.4182620045879017
0 0.39676987854430423 0.6315928747187564 0.25223762685036744 0.39188964167501356
1 0.7421553418234861 0.6960750296412876 0.17995442022120536 0.36094514444627446
1 0.23324540682759917 0.6255318120269753 0.17502086140317985 0.33917063950282017
2 0.859971773697577 0.6974554277574239 0.17781629225584028 0.4065482765899318
2 0.13073231609376773 0.5684083113061505 0.15609776586433607 0.39149569665207934
3 0.9480982433319488 0.6792074985291923 0.1038035133361024 0.32759680106368916
3 0.054724466307410555 0.521332725704019 0.1050855602566046 0.29868070243811573
4 0.02568252011184955 0.488518216903207 0.04714151954363055 0.2537327969628168
0 0.5526476688869132 0.1590807410116922 0.17260303008151878 0.3181614820233844
1 0.43599120458630086 0.1487052125588199 0.16525163994183245 0.2974104251176398
1 0.7944579700334885 0.18124514586848495 0.17504883173880942 0.34397833181051235
2 0.9040567327185252 0.21652419686643576 0.16325336365461524 0.38209014637495325
2 0.3194116587086698 0.1515858103418112 0.1628617789558011 0.3031716206836224
3 0.9557246385032533 0.21378348864228347 0.08855072299349341 0.3511456491462142
3 0.2303294993382141 0.12873641005348133 0.14815899867642818 0.25747282010696265
4 0.16527181633840518 0.10313343971420776 0.13342824806142575 0.2062668794284155
5 0.10387584324062468 0.08707590921089928 0.11640553263509552 0.17415181842179855
6 0.08038979583084761 0.18038412997146389 0.08727967543264575 0.1299218582129485
7 0.04941250660323614 0.2281684121039175 0.03154368852411073 0.05139005136322288