0 0.609844935289541 0.4222066584437751 0.3705191403118704 0.24599869521042997
0 0.5669315415940999 0.5979101238395942 0.38279033155842335 0.2511561114152198
1 0.6632028067709486 0.27690099386813033 0.35825817068460136 0.19523814686198268
1 0.5472905063858692 0.742993092250189 0.333589807952834 0.1825194682985569
2 0.6979700318341767 0.16475956199039524 0.3820446717457405 0.19112990234848554
2 0.48721479577828364 0.8327305161696942 0.35864633301986903 0.15684655317986357
3 0.6787188193648391 0.0727139603500463 0.28185945795473744 0.11140903424862822
3 0.4467426843078088 0.8929444490117687 0.2719921128620305 0.10632156282325794
4 0.4005707972397293 0.9241023936694309 0.2005168510592359 0.07063931806624606
0 0.40842577932110874 0.40671591235715165 0.3085435045050833 0.16258925127359256
0 0.3814370037933942 0.5082498708808376 0.3158810232052829 0.16520293176569714
1 0.41700265716935164 0.28899739559810966 0.3268821904459402 0.19192501857568295
1 0.36982126778835733 0.6150461627784427 0.2750156385898983 0.16401387051556562
2 0.4639780833598023 0.17359991838670283 0.4379630344775079 0.204757863044365
2 0.3423234604963561 0.703323995066265 0.22682295689359824 0.11460799662967193
3 0.42739091604925494 0.06780857705455373 0.24617970636302863 0.11757140101887403
4 0.4547099746025486 0.028879535699997034 0.19154158925644127 0.03677563757414125
6 0.2808245311923777 0.935063204011242 0.08715814111248317 0.06014037497199053