0 0.596387813609821 0.35595705604102407 0.2437347386154228 0.37248184404747064
0 0.4293426164804316 0.40488080947734323 0.2464883086663665 0.38459902404161583
1 0.7304215294269312 0.28912484791028087 0.18046534604180828 0.34349285650738737
1 0.2894170642746267 0.43464930067329993 0.1825194682985569 0.3315715749630711
2 0.826693154576698 0.2478982889166303 0.17203902267655516 0.3839664442231142
2 0.19363505258079644 0.49270278274387364 0.16688160647176545 0.37175131500405456
3 0.9036861762791943 0.24716775987321413 0.12405776803263481 0.3027784858728166
3 0.12387567990275679 0.5352557464173114 0.11628667133574003 0.28325386896730403
4 0.9536294978375258 0.26799633922400634 0.0863913457982936 0.24602078596063834
4 0.07886707838416519 0.5599533201522243 0.08865530239330068 0.2413110428778606
5 0.9721312665203871 0.2563954377323831 0.05573746695922593 0.2111915491078188
5 0.046520072476371396 0.5648814039193386 0.0663212392144902 0.21639103831516893
0 0.6828676016597879 0.7639783223763685 0.18237957873971775 0.3267638826553789
0 0.5729901263770599 0.7925224482608948 0.16739694358128487 0.3069454180751228
1 0.787867439855404 0.733226248787825 0.1702904031910677 0.32387029037696036
1 0.47534171620182114 0.8277883664823871 0.17001062407338957 0.3142549057615757
2 0.8853409880820938 0.6919507151817174 0.1791106715792545 0.37945259959016514
2 0.3781957813093105 0.8389668485529607 0.162379416935334 0.2995379811637555
3 0.9393591723000795 0.6543523676533436 0.12128165539984109 0.30846772120473887
3 0.2982264933908204 0.861478916818364 0.1444333773876988 0.2603907981278158
4 0.9718460677667122 0.6241838992708447 0.056307864466575645 0.24332309213204878
4 0.2350841285492534 0.8833053405093659 0.12167964553237126 0.22104771664204748
5 0.9982184306796005 0.5702218424121703 0.0035631386407991147 0.14501436303008466
5 0.16943300038471096 0.9016239441945134 0.1375972864768407 0.19048336121644846
6 0.984087994700993 0.47580864007227675 0.03182401059801411 0.08118795835029748
6 0.1323739706022272 0.827323054109619 0.13449399252879943 0.16634695045307252
7 0.10040241224511376 0.7624416501902804 0.07449350711564792 0.0846692459782026