0 0.5629224731106125 0.7134893652353185 0.22881800459365784 0.3951977246629218
0 0.37036264085600845 0.707016715373195 0.23105375744956286 0.3929198587477368
1 0.7231396989285991 0.7339492719948466 0.16636854457632813 0.3583943725425468
1 0.21131383144864468 0.7216015482024278 0.16535998478868136 0.34397129561946993
2 0.8412390770716077 0.7184246981852974 0.14742342195877084 0.3957220888561348
2 0.09688723586900576 0.6673515934311081 0.13970760360340903 0.38813260967861285
3 0.920263320218949 0.6924079888993776 0.0929084135774146 0.3353841961519427
3 0.031225569958324713 0.6353610444280674 0.062451139916649426 0.3042601763906039
4 0.0003958032031775409 0.6006414770552435 0.0007916064063550818 0.26137910795664077
0 0.5919603103467229 0.21197249156174244 0.15473604038565 0.32904429774174826
1 0.7108413783218018 0.20252052325613915 0.16004801258716567 0.336507796680609
1 0.3533659445818245 0.1910239962764958 0.15591269347123793 0.3458712208186713
2 0.8260831703998112 0.22786133406197445 0.14110288996960835 0.3738355129941971
2 0.23585489298160983 0.19813510854758357 0.1524497475470746 0.36485002957211815
3 0.9171519143077181 0.21936443916561402 0.14165770984610213 0.3475191855405505
3 0.14311345276925663 0.17879880231672152 0.13774102401078578 0.32575858991727397
4 0.07502407062949408 0.16919875013026317 0.12286420717655577 0.2842633041085835
4 0.959387315297967 0.2191652471883381 0.0665166458677772 0.30047054761148506
5 0.032922696304446226 0.16769209807597138 0.06584539260889245 0.2248072730750197
6 0.015465703343463868 0.2993367254635346 0.030931406686927735 0.1082888355424539