0 0.6862306431107056 0.6024021729620721 0.36998004866871004 0.23916175181089783
0 0.7137891950853484 0.42250435746650583 0.3697841502188812 0.23435405950320537
1 0.6851409312063201 0.7528104079982901 0.3431010596077296 0.16889071194658156
1 0.7378623692886439 0.2751703653284182 0.31656080269050746 0.1658714142496798
2 0.6581517224900987 0.8581050675142089 0.37425311038281517 0.1672142176163465
2 0.7033576026319597 0.16649474208189044 0.36174413348901224 0.15491523614572683
3 0.6240264823027457 0.9358953716115915 0.31421002129256065 0.10817910655737197
3 0.6853593789995054 0.07909005830817252 0.2777605320852106 0.09772446983782074
4 0.5683196914866766 0.9564409691388884 0.24293129523239104 0.06809501402777804
4 0.6593129583502976 0.03399800736581174 0.24082129675328817 0.06799601473162348
0 0.2391683232512203 0.5550606412211536 0.2947302888560632 0.1605601706794875
0 0.24888983737840376 0.4393403249948716 0.3017459288677727 0.15592032879262846
1 0.2148278337511311 0.6663089659814101 0.3381954180751228 0.16637496551217978
1 0.24553712149680493 0.3275335037708865 0.3211725965483708 0.16117562222254295
2 0.24002543252364614 0.22179224807179468 0.38887208575572096 0.1723576107657055
3 0.2484205419710423 0.13257018967809808 0.3400115688794823 0.15200783872938065
3 0.20919774483584702 0.8529147686760149 0.3229887473527303 0.1468084954397437
4 0.2615478367357239 0.0709084368432156 0.25479951202080797 0.12360727612735065
4 0.1959235262337938 0.9109707522801281 0.278740024334355 0.12176293137628245
5 0.2694491099151057 0.03292548939118583 0.2071674505994421 0.06585097878237166
6 0.37031269915172965 0.02889908916928406 0.13004847522653626 0.05779817833856812
7 0.4380876953494867 0.009639339929326751 0.05406000608358879 0.019278679858653502