0 0.43875670812822665 0.3736596045702872 0.41770695523925083 0.25679020614428316
0 0.42684080106731004 0.5622232334433728 0.39324846941614994 0.24845905834265464
1 0.43156999978280874 0.20888418209781665 0.3630259431620886 0.18232364191470923
1 0.395927845458834 0.7143109734699061 0.3480428338594926 0.17203649169527052
2 0.44224842095546707 0.0882919044670607 0.4137867285826173 0.1765838089341214
2 0.42351280487583953 0.8154667866022864 0.38043660715942085 0.1519693293867814
3 0.4634985748667783 0.026880209646300966 0.3452663805027874 0.05376041929260193
3 0.43259074407736475 0.8885601724265761 0.30806491489516685 0.10304938537744317
4 0.45787742419929917 0.9295638512457983 0.23002177321305176 0.08023586625838555
0 0.63654842467712 0.41747538430017267 0.3595020322492044 0.16298091174993098
0 0.6179584245685243 0.5328336664149596 0.335323562615863 0.15945745625599478
1 0.682432635317747 0.2948199360596667 0.3217405342620647 0.17320876757501763
1 0.6476553596791714 0.6495584990803356 0.35695817800047835 0.1604651046620758
2 0.6779760848224844 0.17691951358719615 0.4519682508543961 0.18646619647304272
2 0.7026626834526429 0.7663096650155399 0.35779822656975707 0.17488818158515274
3 0.7130311335003588 0.07580172154483687 0.34451892294660824 0.15160344308967375
3 0.6733490882400697 0.8423963488608968 0.3245881132414402 0.1397788432891896
4 0.7095309311283645 0.031608813070031765 0.26211182178233045 0.06321762614006353
4 0.6664520072043955 0.9102078653716297 0.1912802185617538 0.0736367990065492
5 0.6493213593968228 0.9471612451513942 0.17361324691555205 0.058429995545408855
5 0.4876217763917265 0.964333992812387 0.05696855867701864 0.03142125532836104
6 0.6214552622148274 0.9653316994364253 0.14761467204877368 0.023656540051472774