0 0.5594045046780143 0.35127789399738446 0.21469325125479946 0.386584642742585
0 0.36801883311222244 0.34838661512828345 0.2186052560904196 0.3675777953798338
1 0.7203798832488736 0.3346848345705222 0.1486697957608631 0.3595232359858802
1 0.21107073423833994 0.3302358662583856 0.13966688235518052 0.32072581472231465
2 0.8349807720954258 0.3568858824798778 0.13352228669407504 0.3947972017555095
2 0.09722061080532708 0.3695008366731204 0.12519113889244665 0.3704228574150209
3 0.9266331615464308 0.38042714766999397 0.08711814977259226 0.32547421263565496
3 0.025288080264020144 0.4040997229113479 0.05057616052804029 0.29618021505346503
4 0.9634975997346669 0.44237065692729655 0.047701629444629336 0.25167941401013516
0 0.5587029137278319 0.8318528500957734 0.14128700197096358 0.30401085257940086
0 0.4383426646345106 0.8298605726260919 0.13418742444343415 0.3060788159312197
1 0.6768535913381489 0.8392009367229993 0.13402279696976813 0.32159812655400144
1 0.3220063813108186 0.8368974527574455 0.13827068460741548 0.326205094485109
2 0.20575572565130723 0.8252239574978084 0.13447064070580422 0.3495520850043832
3 0.10635832633854733 0.8412375068394925 0.1087527651572075 0.31752498632101506
3 0.8818819272163021 0.8240190767914424 0.11059680664100842 0.3145745912065144
4 0.04409890691777944 0.8474447108222974 0.08819781383555889 0.26593786345954623
4 0.9389024693045557 0.8411292161307357 0.06128831328998639 0.28589306483402654
5 0.013672133360585212 0.8549328376915107 0.027344266721170424 0.19980244703160083
6 0.006225163359788296 0.763138840109321 0.012450326719576592 0.15094179741661462