0 0.38430897086158133 0.4053685353975634 0.35623033021465716 0.22843411251637422
0 0.3614328434208241 0.5873625849575406 0.36550983202801474 0.22155835068456411
1 0.37836527772601325 0.24958022826343987 0.3410761932931741 0.1607066994215215
1 0.3173995915286635 0.73409641170543 0.3284971578538982 0.14826774786513014
2 0.3910629019539933 0.1315399342526821 0.3818296169745497 0.1597299039440208
2 0.3331859050749818 0.8331425017518728 0.3660630088433645 0.13038008515327432
3 0.4409904943694126 0.04654111266497704 0.3026673213712925 0.09308222532995408
3 0.36954651906017755 0.902670884692705 0.24111567538302153 0.07561816389346877
4 0.4848491770058645 0.009203271956445429 0.2370324152190402 0.018406543912890858
4 0.37731454826441346 0.9419985696014381 0.2017584494494109 0.05504428814378615
0 0.5493609817417269 0.4428036472252642 0.32346554367818786 0.1432921672425738
0 0.5357973172388508 0.5536743748531996 0.3304531602717083 0.13873630740717774
1 0.6099675876456163 0.32669023929663393 0.3102740370292102 0.16923080999028897
1 0.549821903038201 0.6647816677475891 0.3357086963154367 0.14851958033742654
2 0.6143637112691439 0.2065399036830423 0.403128349557138 0.15327386289937106
2 0.5572507355130623 0.762919639268121 0.2041096290636002 0.10552505737455539
3 0.6823761303054139 0.11176730658801508 0.2308878195579348 0.11365998156784683
4 0.6835550340398562 0.03901667290777366 0.20081009543768202 0.07803334581554731