0 0.25487090135920404 0.5229659691062162 0.4251938672260839 0.2712906603337355
0 0.30772249280978703 0.33104643913379156 0.4133567890263346 0.27306460529427584
1 0.1975400599893063 0.679205747486932 0.37995682094314137 0.21145668858418804
1 0.33546063868031173 0.17037179835172475 0.350017751680098 0.1955218487971773
2 0.19489626938142174 0.7983221123409778 0.3897925387628435 0.19373768221735277
2 0.4069951222449425 0.07770706780807535 0.39459791318628556 0.1554141356161507
3 0.19112601849031227 0.8902402880707491 0.3386167041204834 0.1398554465427324
3 0.4530697864658449 0.024452177921939624 0.3053988886067718 0.04890435584387925
4 0.23435796710068077 0.9358605964937795 0.2661728771167213 0.10014432731386663
0 0.721324643457115 0.5918978620899683 0.33300867603369366 0.192236140972703
0 0.755399427692356 0.4739885311224877 0.3378163683413857 0.19248810145002546
1 0.7048233239520161 0.7148719566521057 0.3642586760336934 0.193873884075298
1 0.7988163676887592 0.35918104843113174 0.35427898627934584 0.18856227081296117
3 0.6262580350870519 0.8985618846344183 0.3319516233673897 0.14668904428828738
3 0.8419435668639239 0.15340535260960533 0.29753330418503166 0.16643395609298534
2 0.8100546134624617 0.2424685297309321 0.3500177516800983 0.1955218487971773
4 0.6304640561521443 0.9378474054568964 0.2922867424206515 0.06559839787010802
4 0.8698803772709465 0.08490084803463203 0.25040300670610205 0.14480956232765416
5 0.8872178953057285 0.04905077932110876 0.2186424117482428 0.09810155864221752
6 0.7956537261395075 0.02620913004992821 0.11957412448269157 0.05241826009985642