0 0.3836618348186039 0.38505049763003096 0.3532551836165022 0.20324144105653785
0 0.3839538491529406 0.5664989229547227 0.345959731307831 0.19590402472292098
1 0.3481364389414001 0.23666240509730824 0.3429405169416775 0.1429774500476127
1 0.3750920050311234 0.7084517239037242 0.29953142976055863 0.130202952045911
2 0.3458732912647561 0.1213407286487321 0.3644352759144048 0.13133585289461744
2 0.4148525239925925 0.8026903390388693 0.3569719959114679 0.10957535963792363
3 0.3733365507638464 0.03764941558520567 0.28698074462615336 0.07529883117041133
3 0.4417695014200055 0.8647078071959017 0.2627464841110486 0.06707356268551862
4 0.4628866480806351 0.90880132742582 0.2192814543651745 0.04949137237612433
0 0.5444258286613313 0.4074796097689959 0.3331852759144049 0.13079038211561064
0 0.5467728901851081 0.5155897477560335 0.32354192001664256 0.12821869879899322
1 0.5710507917544074 0.2880486526013365 0.3262254789942649 0.15229911962814752
1 0.585275543504899 0.6146570348442173 0.3066590543749644 0.12311729145645109
2 0.5676276779244067 0.1691421865673376 0.41013632411985934 0.13453692557162739
2 0.6250640337487459 0.706491803825516 0.2776171015521672 0.10578685689121414
3 0.6276967025534971 0.06715264548382477 0.22470451488517432 0.10245990634212557
3 0.6613586398913337 0.7887741271274694 0.15488109129412536 0.09162770229664884
4 0.6115410902536365 0.01594304820355942 0.19518705026195787 0.03188609640711884
4 0.6642091844979074 0.8536150343452763 0.1761800512902093 0.0631591820667306
5 0.6551383978235722 0.9102522764780859 0.11851571488027937 0.06455600524394847
6 0.6091716224355305 0.9362898876166342 0.07032690667384582 0.0541014348147077