0 0.4176473596155107 0.5603634296980289 0.4175519268416474 0.26194077172547353
0 0.3844895193286362 0.3685172895879577 0.3857143177396226 0.24456837786954358
1 0.43408892585576814 0.7212323051976034 0.38154764427970267 0.19404564934808158
1 0.29569600320654 0.23657240322374518 0.26697193605772385 0.1464004857624417
2 0.46502224597069247 0.8493765222307516 0.42481687504893356 0.1948009165805525
2 0.22842645343875329 0.13552086288864368 0.16449940276240788 0.10136896478411199
3 0.4981342846400405 0.9365924157124758 0.347611431241876 0.11657710164599805
4 0.5439905170838238 0.9754796303731198 0.2558989663543094 0.03569768481344008
3 0.24281899595014592 0.0655156093922554 0.12726649225066636 0.06708572926987336
0 0.6570513499838149 0.49364652098339934 0.2795787759289793 0.16343720529282882
1 0.6791934598518333 0.6111202878416646 0.359577252265359 0.1840526311164615
2 0.7109929264139523 0.7296281406140817 0.4292048465694653 0.18286560439270752
3 0.776976608947384 0.8282968144406835 0.2355540477428596 0.14104732267574277
4 0.7667774447687852 0.9150660520779555 0.20287699706651424 0.09963646728135099
5 0.7441660339066691 0.9563510296002685 0.15253358173892467 0.0338934353136484