0 0.6055281066077649 0.42323657093325173 0.38495272413454396 0.2422484502970832
0 0.6177554378641996 0.6116867382660178 0.38727265644125725 0.2350788711262375
1 0.6314126727831486 0.2641631318724773 0.36245099899622263 0.16735158591161697
1 0.6400037373304943 0.7651132992052434 0.33844050874013887 0.1693358391585349
2 0.6339292461318192 0.15116138299636167 0.4127919118151039 0.1562135002469356
2 0.6182424091098657 0.8796526454838248 0.39831289232727174 0.15115405219508643
3 0.61327362563042 0.06740440122798175 0.3233461210399993 0.1113917757220701
3 0.5705002993561599 0.9549900824215658 0.24600347488125826 0.07399138611220699
4 0.565700185636294 0.028001196617394315 0.2506713107770626 0.05600239323478863
5 0.5707036769206295 0.01406369318337365 0.2335926461587411 0.0281273863667473
0 0.1569261984343719 0.4755541121389649 0.3138523968687438 0.16174666708076083
0 0.1624923188929408 0.5968014853907708 0.3239335179699291 0.16187254495283937
1 0.15580161741664422 0.3578285895365427 0.31160323483328844 0.15934282092691468
1 0.16595738964650794 0.7121021821940006 0.31417827694265643 0.14968547702083732
2 0.17691960614258792 0.2432892432579613 0.35383921228517584 0.16726766733023124
2 0.18514535988839673 0.8187166820692653 0.328629325148111 0.15234107891884024
3 0.16293707691695833 0.15580061438673365 0.32587415383391666 0.14272569430345577
3 0.17930273013273296 0.9077429083429588 0.2947796800176216 0.13492672577221754
4 0.18035754767909154 0.09418784278346051 0.25612234257943983 0.11742845404420928
4 0.17270571781818783 0.95832857580046 0.2629143118053142 0.08149663960859553
5 0.19763201127405633 0.05543258928707224 0.2100017251383212 0.07816968905950704
5 0.17955362960881738 0.9894526979283815 0.22853321230965026 0.018409209538895892
6 0.33363113230181846 0.0374368893629273 0.07281466667482484 0.06135493256693877
7 0.3879694123047554 0.014858189937723223 0.04600873231160822 0.02964338036931763