0 0.6337276528215668 0.3703415587180642 0.2116118699027232 0.37185961865543365
0 0.4568000874515885 0.378754425158277 0.20842442994956123 0.3524326251821499
1 0.7891450844097941 0.3371542906469183 0.14543468382498895 0.33531156410753754
1 0.3123999521489401 0.3567759214340537 0.1426390407714851 0.32549995524963826
2 0.9059764959336187 0.33364703026957215 0.1398882821869963 0.37558827599537814
2 0.2128097028362039 0.39867118577351596 0.10795263761259505 0.3562104377657644
3 0.9736209288677729 0.3621255116186146 0.05275814226445437 0.2913557468555884
3 0.14773240046703637 0.429307737058054 0.06817287475815369 0.26192092028189057
4 0.10649766118650149 0.453174353609753 0.05159491488695888 0.20785895944218724
2 0.8383096207649572 0.5670896675685031 0.1405739267613973 0.3924151990723014
3 0.9321045052339721 0.6197293001990996 0.11487850868627447 0.2321915589783378
4 0.984808586983879 0.6010138675625349 0.030382826032242002 0.20123609370819268