0 0.652747125383562 0.3500496922956166 0.4085766751930978 0.2592109819834661
0 0.6672345114405961 0.5550901407107124 0.391539917777916 0.2514118344199029
1 0.6612840015634067 0.1807044546856109 0.3724747617595685 0.17390114839480147
1 0.6972640908914192 0.7221727156088622 0.34850624500052657 0.17546555297432676
2 0.6400783035914354 0.08250924388052078 0.42657416204789855 0.13496647940035478
2 0.6517694890075555 0.8384921543922622 0.4033050930830517 0.16056934551834154
3 0.628678895081922 0.9291247829002434 0.31536773595619993 0.10947043277386334
4 0.6004879679041264 0.9750763462190908 0.25916999228528476 0.0498473075618185
0 0.15936976886549717 0.3686889719361511 0.31873953773099434 0.17487794387230216
0 0.16464033969814423 0.4988744129522878 0.32928067939628847 0.16791823788305996
1 0.158679569807429 0.24721079700948823 0.317359139614858 0.16749851709589952
1 0.1682654016691006 0.6204365320363827 0.3365308033382012 0.16593411251637408
2 0.17248239245185726 0.1250343639504948 0.3449647849037145 0.1683379586702204
2 0.1833611914553908 0.7414263092242952 0.3667223829107816 0.16909345608710916
3 0.1522024515297954 0.06186281069103811 0.30031515601834735 0.08733215244465556
3 0.16570295247469588 0.838362357667904 0.3286459727549818 0.15315938433025467
4 0.15992889508192187 0.9127556722009866 0.2798696018838636 0.1274420396431514
5 0.16563662078594088 0.9593177709053217 0.23081345189506747 0.08136445818935666
6 0.27720563260152853 0.9692574944834029 0.14145147552624265 0.06148501103319422
7 0.35830689881752215 0.9929907138038205 0.06326939257361466 0.014018572392358828