0 0.5889423076923077 0.3157882958505768 0.23317307692307693 0.38168966528490517
0 0.4074519230769231 0.3549216475374398 0.23557692307692307 0.38666545089053844
1 0.7355769230769231 0.25144806621462934 0.17548076923076922 0.363232349211241
1 0.2608173076923077 0.36637726178877195 0.15384615384615385 0.33768104799130927
2 0.8545673076923077 0.23110821719731262 0.16346153846153846 0.3744111134907661
2 0.16826923076923078 0.4269353922210439 0.1466346153846154 0.37323446040517827
3 0.9471153846153846 0.24867508676504063 0.10096153846153846 0.2931176108212198
3 0.10576923076923077 0.4673635102752056 0.08413461538461539 0.2775178808125549
4 0.07091346153846154 0.5082624015568905 0.06490384615384616 0.21367313442902586
0 0.59375 0.5125674938700792 0.16105769230769232 0.32376225096205585
0 0.4807692307692308 0.5288813404117738 0.14903846153846154 0.31090255370311937
1 0.7175480769230769 0.5111222274876493 0.17307692307692307 0.32941040975945357
1 0.37740384615384615 0.5709651214540117 0.15144230769230768 0.3158783393087528
2 0.828125 0.4601207050131266 0.16826923076923078 0.43243960777895596
2 0.2824519230769231 0.6268836528765326 0.13221153846153846 0.2904951313867622
3 0.9338942307692307 0.49479190759602454 0.12740384615384615 0.2565050986370337
3 0.203125 0.6769018855547437 0.10576923076923077 0.17806918203248673
4 0.9807692307692307 0.4806967805938648 0.038461538461538464 0.20701641584398117
4 0.13822115384615385 0.6886519430606927 0.07451923076923077 0.18309550762079033
5 0.08173076923076923 0.68899636633154 0.08653846153846154 0.16710905103357293
6 0.04807692307692308 0.6420708263488696 0.05048076923076923 0.08045303617984072