0 0.3992245947779352 0.401445443470703 0.38575299855835066 0.22201675065034693
0 0.4342037786500876 0.5695170856417443 0.3664522845481618 0.21871721702442862
1 0.3531004898792959 0.2639816828927838 0.347876741985751 0.15783733664021177
1 0.4479459052512232 0.7108961649826312 0.3214344342934433 0.15660576636611268
2 0.3296601720565647 0.1615679662164758 0.3763032271553879 0.14475779092524294
2 0.48821314615087746 0.8125261551208762 0.371425590068276 0.14213002290337876
3 0.3297208680998573 0.08092715912862061 0.30547257222313723 0.1030493853774431
3 0.5238953909078894 0.8806702405062885 0.28836587002853603 0.09265027422399541
4 0.3559662032806979 0.03188549055218284 0.24913493899338304 0.06377098110436567
4 0.5492278308656119 0.9240217850123522 0.23958949915741798 0.06637259400535374
5 0.34441447540448533 0.016064558917667067 0.21032367663474716 0.032129117835334134
5 0.5549448053057577 0.9550478631443341 0.207919830480901 0.05049402494015982
0 0.8142156696505759 0.3520281249640671 0.31181904967805874 0.1561579226300766
0 0.8294173878833944 0.46084332029402203 0.3115392705603807 0.14654253801469197
1 0.7953382374075688 0.24097702488127953 0.31408300627306573 0.15146219125639332
1 0.8479081012847964 0.5594273458715429 0.3041837974304072 0.14469849653089092
2 0.7730998426617606 0.13850732773796703 0.39574383072441566 0.15286501685885348
2 0.8517807878064522 0.6602769233990723 0.29643842438709567 0.1444745746628729
3 0.7527977911767804 0.06506672758936215 0.330490260673472 0.1301334551787243
3 0.8710336676001398 0.7363602933170816 0.2579326647997205 0.12837208372966066
4 0.7237196924294497 0.03299184418288259 0.255131692551207 0.06598368836576518
4 0.8877078392914324 0.7984124495810456 0.22458432141713522 0.10712601768672933
5 0.6904634043892023 0.005403593880656325 0.1934268087784045 0.01080718776131265
5 0.8975266273316799 0.8654962200207199 0.20494674533664017 0.12993290895109164
6 0.5631994477941951 0.011778739264474793 0.0735142802037748 0.023557478528949585
6 0.819100964937948 0.8921954107055693 0.1640653178227314 0.11086676719398844
7 0.5075962347483458 0.0019690799782482024 0.048846315650537736 0.003938159956496405
7 0.7452112371834929 0.917300815044464 0.07888153074682308 0.07089044219598069