0 0.6235434976005917 0.4329942285450866 0.34103437811284354 0.19611135150558717
0 0.6356826484084406 0.6037162800806208 0.33530241303915775 0.18149237613268127
1 0.6369062402106944 0.2860882077202354 0.31299073458840926 0.13263185925644264
1 0.6719534249936129 0.7394580807825215 0.3027591681290289 0.12262467774140016
2 0.6274933255813958 0.17661525849532095 0.3556437835136443 0.12477956068951812
2 0.6479131210494953 0.831983715471091 0.3395262065195789 0.09774955764772386
3 0.5893417204475113 0.0863506362666682 0.2741602239827357 0.08789339011349516
3 0.6290817645739296 0.8935531978344037 0.253234954680978 0.060667488621871914
4 0.551405041996763 0.03685344942848561 0.23261777630121827 0.0382492794379409
4 0.6001424464889139 0.9283375502182081 0.1891945000709885 0.034082347235634705
0 0.4546419434790028 0.45368406434539155 0.28112455274441356 0.12174313471717031
0 0.4637467671863034 0.5583493212626137 0.28081646182241554 0.11693544240947773
1 0.42328632254309084 0.3385218797885547 0.2867024723571006 0.13395826393622995
1 0.46909177620183595 0.6604638081886178 0.28081646182241554 0.11693544240947773
2 0.425892638683023 0.22953867668821254 0.37952819959110684 0.12335520678481639
2 0.46660906491183424 0.7526690628244943 0.1662952379816568 0.08829336730003726
3 0.35753891116506265 0.13564584299428303 0.20506486736519314 0.09466824720636076
4 0.3674946697191699 0.06652199988223124 0.18638939875628255 0.06513644878580577