0 0.42250228334612727 0.6677961511857222 0.2421645317156974 0.38563037358219066
0 0.6034411138903277 0.6368323476085134 0.24440054070677228 0.37609893312423803
1 0.27741134865615497 0.7120383478936433 0.18392675324438304 0.3523657138038203
1 0.7465538786255593 0.63701933266803 0.16916800199576335 0.33263127962845884
2 0.1569463055743439 0.723466140022039 0.1893218756217749 0.38618744827253093
2 0.8388231368669555 0.587324595265834 0.15305438686061842 0.3729090551418188
3 0.05946707636303587 0.7019116392560452 0.11893415272607175 0.29506259248698896
3 0.9030075917868461 0.5619048846685536 0.10367672577221754 0.2967109412239462
4 0.9383878521512757 0.5330739980282418 0.07129382492351127 0.23071582102348304
0 0.42564923014808953 0.4875076896472607 0.16908408341437783 0.32782358732076655
0 0.5352550062469 0.4781059949642668 0.15693897477306853 0.32019232807206766
1 0.304317938314898 0.4796627404661712 0.1885246490986111 0.340514371349454
1 0.6378590403376363 0.45643323703974575 0.1537379020960587 0.2744353069915586
2 0.18269293144685667 0.4886447143620047 0.18763133740970694 0.42696888873048333
2 0.7264386107668775 0.41142027570909395 0.1166731868117381 0.21548383693776949
3 0.07401025974328837 0.4451617936603833 0.13383578421420406 0.23530221527056347
4 0.024497283967268465 0.4649076655027767 0.04899456793453693 0.20866148485170724
4 0.8693564754018143 0.3538729809975869 0.07699482892010788 0.14442919195731763
5 0.9283975636884699 0.3475161513162115 0.08171860264641441 0.13978938796448964
6 0.9529246403620764 0.38926294958463303 0.05911892357586405 0.08374542900913931