0 0.4839930631485032 0.5893191176965755 0.396962609874786 0.24994834008444974
0 0.4367595573120363 0.404441597131033 0.3714519833250709 0.2314404840281155
0 0.7246637211633893 0.5547819417788784 0.26177732009002813 0.1520970876012622
1 0.49907539918867383 0.7480570104993922 0.3582613408252133 0.18990272622096646
1 0.3554810080477916 0.26735535302920177 0.26333992909458664 0.14264979628381871
1 0.7312579523677338 0.6711163402935052 0.32532886652663795 0.16848674411696235
2 0.5211442537527049 0.8774191995708965 0.40790087290669486 0.18381730086234535
2 0.2872280139927348 0.15626591338349025 0.16382113434358955 0.09746452590463502
2 0.7548894159363233 0.791031238047566 0.42211364054244993 0.18242201449614617
3 0.5534899321403828 0.9531497100248953 0.33199992111951543 0.0937005799502094
3 0.3147828908142448 0.08890768109312762 0.10276387805413105 0.05496874829250942
3 0.8209940951215083 0.8912193233519994 0.2286345365041308 0.12827725934341208
4 0.6015363438710095 0.9958388509262972 0.24113540854059815 0.008322298147405696
4 0.8054132270725766 0.9609869200497905 0.2167057497282048 0.07802615990041908
5 0.7914854120215081 0.996863884063874 0.15240341013561248 0.006272231872251848