0 0.39246661605190564 0.39777722763552714 0.36978736772013576 0.2228897497918858
0 0.3647024652440568 0.5686461035352472 0.3721912138739819 0.22291772107426355
1 0.3899211811341107 0.25008054558587667 0.3488012171962408 0.15779010466139645
1 0.3243637830451184 0.7108366532830792 0.3346862311951619 0.16242996927482303
2 0.3907665887639489 0.14317931994566682 0.3916083115824747 0.15108204928265495
2 0.34620086841581976 0.8198759978945479 0.36951155981486256 0.14361876927971798
3 0.4186866274384528 0.06358666968615648 0.2997391401311869 0.10437403491160656
3 0.3568193909333537 0.8978191845590935 0.27252660513388444 0.09204712003622226
4 0.46081481635289767 0.028076101515455604 0.25144729037112773 0.05615220303091121
4 0.352459535905952 0.9471120163541286 0.24004424144589281 0.07245272413454383
5 0.45460457338785243 0.0124371158742668 0.23021393014737213 0.0248742317485336
5 0.3507650358349635 0.9735543240464362 0.19027281829798126 0.04545099079468429
0 0.7764819603316568 0.4401488511727323 0.26676235704347373 0.15203138875286562
0 0.7585785614333971 0.5508516450203547 0.2542809898912462 0.14467999387943906
1 0.7826742193826838 0.3247782214293057 0.24947329758355388 0.1446240513146838
1 0.7398583531107119 0.6555588091245503 0.24885711573955788 0.13500866669929906
2 0.779682789590254 0.22152472194343156 0.2873186542010963 0.13545620721734092
2 0.7311386430559086 0.7541444727146203 0.2801071157395579 0.13537229337020798
3 0.7872471586875652 0.14096790450720778 0.24374133250986757 0.13014503182685166
3 0.7268719522673687 0.8394670255349699 0.25049073458840926 0.12301740721244606
4 0.7992806885595023 0.08437962040350153 0.21847050728341452 0.11063454977230637
4 0.734808978320127 0.9030290922000049 0.23273953874549244 0.10839853131272593
5 0.7909281082431778 0.0460439527126623 0.1866974896782807 0.06462581746069818
5 0.7187379834454926 0.9476540880992357 0.20025717505750096 0.08880413541104779
6 0.681198435201749 0.034109477855878395 0.06798475537382515 0.048832147701118475
6 0.633910163486382 0.9594503906747597 0.17002461206235636 0.06683386463790096
7 0.631873006928472 0.016668028631961998 0.052175269301757726 0.02702970462223745
7 0.566880121489619 0.9746426778632208 0.08884914345344577 0.03706465847328607