0 0.5007163563987895 0.5787293972135145 0.3948855491397239 0.2587841720236114
0 0.5451029036295328 0.40730099339668757 0.3895735769382081 0.25146073328151747
1 0.4832511267628421 0.7255318630189632 0.34948164547992866 0.1929291734850431
1 0.5989032355114196 0.2728524542630871 0.3271746569035487 0.18281023760715834
2 0.47800672786036674 0.8348509128786854 0.3924146896532771 0.18912858370235078
2 0.5952298929816099 0.17094076835587554 0.37200726733692 0.17185405950320545
3 0.43657005001855825 0.9126132419059291 0.3124659333672598 0.144068948444231
3 0.5954649996121515 0.0989372840210465 0.2941261706088666 0.12204268207767119
4 0.3954190187899617 0.951969982611912 0.2479993537746366 0.08017019493728647
4 0.6033824179317547 0.0543542298943371 0.24146018850486273 0.0896177291318378
5 0.40953117910849157 0.9732409220847219 0.19930059748861922 0.03583791150277777
5 0.626782012944752 0.03346698350269743 0.1997543373997724 0.06693396700539486
0 0.3476348590683358 0.5198941314017091 0.35154930503789245 0.18817743131762846
0 0.37409364011057367 0.4160811456641022 0.35825656360560754 0.18113374327692328
1 0.2730991549491749 0.6248261199448716 0.3082800742686617 0.18717032879262846
1 0.36843668467177076 0.3082157945125531 0.34126154723074337 0.17833824614113275
2 0.26209728060899595 0.730679275924519 0.394482349211241 0.18437684153493614
2 0.32842823989602193 0.19395018193349328 0.30453148173128647 0.16788360942158143
3 0.18829272633923494 0.8079950087685895 0.24001436215599298 0.13758275192820527
3 0.3464988293911334 0.10713196969364287 0.20501576961861778 0.11756868073354718
4 0.1999928038289535 0.8809206654789528 0.20227573686888933 0.11270503828557701
4 0.38857437375840614 0.05455407514150608 0.1666047711397496 0.08307558247553433
5 0.19903478402397703 0.928941638415598 0.16420092498590344 0.08301963233525647
5 0.4184878640498422 0.027361465250694307 0.17744734882339258 0.054722930501388614