0 0.33809472446051675 0.4309438558792638 0.392700336266489 0.24293513737683597
0 0.30712269436520356 0.6148846687679256 0.37844535264135326 0.24441471076468838
1 0.3467009893218147 0.27333788734134173 0.3646276355774403 0.1837023750745388
1 0.26561900319079457 0.7595166931595544 0.33203288919391133 0.16246901485078305
2 0.3651412720791087 0.14775214610841453 0.41304074525024576 0.1915909766022102
2 0.27513386780727844 0.8651623190788548 0.3670820217139568 0.15035661984269064
3 0.4130077985503854 0.06751524936820393 0.2989844028992292 0.10052431547264182
3 0.29516336018648803 0.9412990271885746 0.269633969159252 0.09146423147911602
4 0.3018371120879028 0.9737555562796381 0.24201500838135637 0.052488887440723886
0 0.5127015205352801 0.48921821999318654 0.3538355978764679 0.16625927015361996
0 0.48814230575306505 0.5987168248431168 0.3464559661169883 0.1633932876167768
1 0.5752767705428457 0.3712900120964323 0.3022957288753814 0.18210103924241208
1 0.5304705500336895 0.7185383179856333 0.36635910853952186 0.1742410359201532
2 0.5944146964832394 0.25299283205554296 0.41409984502056274 0.17251425283243993
2 0.5464405332709767 0.8354633879802383 0.34885981227083435 0.1635473330777758
3 0.6776412720791087 0.16777805603827872 0.26047232445502044 0.13155938878950574
3 0.5482983561897341 0.9297525470937347 0.21602644060020174 0.11195964741460156
4 0.6661933345363018 0.08977666088820913 0.2174217269664012 0.0976906159525235
4 0.5227135483035021 0.9730443677911242 0.20165390365979524 0.05391126441775148
5 0.5226800416372019 0.998916154556039 0.12752139946911697 0.002167690887922082