0 0.6144533060211919 0.5245199840985902 0.43643082837500585 0.28191969344350853
0 0.6296543680184297 0.7231453827128959 0.36077777545782463 0.2555096687679254
1 0.64415921789578 0.3599174037822659 0.38950817068460136 0.20943533668398884
2 0.6515903915731627 0.22742821500979804 0.4254398827536325 0.20934217244512698
3 0.6386467522525415 0.1175910786268012 0.3649760098107792 0.1527604659965367
4 0.5998804848136344 0.06359770440412454 0.2862994311657304 0.06865813362864598
1 0.3933931148445289 0.37499263037737557 0.4082350189607259 0.20105231575659596
2 0.3846272666382943 0.2534443541471458 0.47351680583055555 0.21242308166510618
3 0.3315162448245671 0.13145008304228156 0.273881816441948 0.15171443078626867
4 0.3565200013915556 0.05998132088196133 0.24188615662926502 0.08976973140812737
0 0.3094849058890254 0.4882063102052993 0.22820873951887088 0.1487875670272885
1 0.6993301308124735 0.8869293111991385 0.20126251087191868 0.1374776823409155
2 0.7043642295492776 0.9825818084731813 0.14801017639060413 0.03483638305363739