0 0.6238974769890978 0.4483173076923077 0.2416777018525943 0.39663461538461536
0 0.43774222337262686 0.4675480769230769 0.24100532866082972 0.3870192307692308
1 0.7768696576792458 0.4014423076923077 0.17408436293169005 0.3581730769230769
1 0.28638396232928975 0.46875 0.15798035302920185 0.33413461538461536
2 0.8890352304116445 0.37259615384615385 0.16475462492951737 0.39663461538461536
2 0.18467424070198127 0.5096153846153846 0.15105446118087526 0.37259615384615385
3 0.9629837279208913 0.39302884615384615 0.07403254415821738 0.29086538461538464
3 0.11088615978215044 0.5372596153846154 0.09692617937807149 0.2860576923076923
4 0.06725547242570223 0.5492788461538461 0.06880293870635248 0.2620192307692308
5 0.04444420395549893 0.5324519230769231 0.029719567035719832 0.21875
0 0.6251576167572164 0.6382211538461539 0.16620045127838715 0.3485576923076923
0 0.5113111110454063 0.6430288461538461 0.1593250994127309 0.35336538461538464
1 0.7529564261645803 0.6610576923076923 0.17396680961641936 0.32211538461538464
1 0.4023645809652242 0.7007211538461539 0.15920754609745996 0.3173076923076923
2 0.8667441552187548 0.6382211538461539 0.1602831192177073 0.4014423076923077
2 0.3042941352349852 0.7764423076923077 0.14634784883852361 0.30528846153846156
3 0.9551959379457865 0.6730769230769231 0.08960812410842706 0.23076923076923078
3 0.21378844787853707 0.7884615384615384 0.10205358493171592 0.1875
4 0.9910141253022348 0.6382211538461539 0.017971749395530496 0.2091346153846154
4 0.14608579231732707 0.765625 0.071862684702033 0.16826923076923078
5 0.09389882011581138 0.7584134615384616 0.07152649810615073 0.16346153846153846