0 0.3701923076923077 0.5495943066984685 0.3581730769230769 0.2128566198426905
0 0.38341346153846156 0.3696605182014358 0.3629807692307692 0.21316471076468851
1 0.3245192307692308 0.7003577089189872 0.34134615384615385 0.15168214776954406
1 0.38341346153846156 0.21821821050912812 0.3173076923076923 0.15494938546724674
2 0.3161057692307692 0.8114737911094065 0.37259615384615385 0.1368578156856072
2 0.4266826923076923 0.10847423836499309 0.37259615384615385 0.13205012337791502
3 0.328125 0.8936362561121041 0.2956730769230769 0.09587066862594841
3 0.46634615384615385 0.0362843745563218 0.27163461538461536 0.0725687491126436
4 0.3485576923076923 0.9416057158474592 0.2620192307692308 0.05765633986427059
4 0.4807692307692308 0.006475436578924487 0.2403846153846154 0.012950873157848973
5 0.3473557692307692 0.963317353962574 0.24278846153846154 0.044404745407048335
0 0.7704326923076923 0.5443784297498347 0.21153846153846154 0.13615215441406198
0 0.7872596153846154 0.42911741921514973 0.2283653846153846 0.13242278033336227
1 0.7512019230769231 0.6621973318993649 0.22596153846153846 0.13707642718005558
1 0.8040865384615384 0.3222698702189263 0.23076923076923078 0.13017297964051514
2 0.7235576923076923 0.7697380854700835 0.2764423076923077 0.12829215109180309
2 0.8052884615384616 0.21762553979611912 0.25 0.12900149717466058
3 0.7139423076923077 0.8520850365448486 0.24278846153846154 0.12132782233012526
3 0.828125 0.12721980022432133 0.22355769230769232 0.11288392018059518
4 0.7151442307692307 0.9097003215066569 0.2091346153846154 0.10234426279921667
4 0.8497596153846154 0.06092954492148458 0.22355769230769232 0.10086468941136441
5 0.6983173076923077 0.9396247935798034 0.18990384615384615 0.04341959141891749
5 0.8485576923076923 0.029415973641990112 0.19471153846153846 0.058831947283980224
6 0.5829326923076923 0.942211283400061 0.0889423076923077 0.046565066672346125
6 0.7680288461538461 0.015269625827014474 0.16346153846153846 0.03053925165402895
7 0.5264423076923077 0.9602544286566134 0.04807692307692308 0.015100139989209756