0 0.44983979114251665 0.38907819675305455 0.2022436372963628 0.36886709977404347
0 0.6317079244663456 0.41471043475521974 0.20182391650920223 0.35684786900481286
1 0.29863404871666305 0.3491699508266569 0.14619967834101247 0.3427193268115907
1 0.7730731546773921 0.4130665112174314 0.13367678262718932 0.32731512867594037
2 0.1796436641012784 0.3394568508221808 0.14265114839480147 0.3783845706342538
2 0.8717300583483587 0.45827320842389097 0.10866152561122697 0.3660220466236637
3 0.08342114099584233 0.36396169207725965 0.09163617980775535 0.29032547039934486
3 0.9385073808385846 0.4829001443238136 0.06776560658415812 0.29317092028189057
4 0.032661834419902974 0.38618517855550194 0.04702384251961122 0.24833189557254237
4 0.97785033295316 0.511280116819433 0.0439484431063082 0.2289049020992586
0 0.48009012033095255 0.5689250545628166 0.12844936953233643 0.31490344942168025
0 0.5893811761735204 0.5754494114433879 0.12123783107079798 0.3143147766941364
1 0.3618132610537407 0.5796446468660328 0.1529914960153905 0.33128876876990393
1 0.6943262325742724 0.5948024736850838 0.12428269607241632 0.26422645594839633
2 0.240544946520658 0.5733410918498112 0.13927050676345457 0.4188575067646089
2 0.7893353949357539 0.6385129114508482 0.09367371492018879 0.21139099580745116
3 0.14027022852441837 0.6190881000044761 0.1086004567878583 0.22699141818561613
4 0.06417132596982016 0.6020897286729563 0.07195515537814136 0.20722113147097304
4 0.9386409561523538 0.6926480100578082 0.06239318050850456 0.13932476643573685
5 0.9819883612961011 0.695861132437465 0.036023277407797795 0.13412462564301492
6 0.9954956860903461 0.651365400969476 0.009008627819307745 0.07667769743689234