0 0.43605413471036025 0.594975816721508 0.4087671120387096 0.24409247120946084
0 0.40243331249054654 0.4060798124769511 0.3860395812372048 0.2285355721384336
1 0.44372389341215585 0.7598912387372919 0.37037729907834244 0.17982874786820482
1 0.27140292691408513 0.26934997825616275 0.1666685592110355 0.11408392652086714
2 0.4705692078105655 0.8912209155282022 0.412917919569647 0.1724810075487209
2 0.23213821385689576 0.16521849058952706 0.1097407245472397 0.08955176564704513
3 0.4960110957790012 0.9562558527303516 0.3374133616352838 0.06078048394313166
0 0.639506157690461 0.5408722854274177 0.354497001599413 0.15984209720546863
0 0.6128250644862401 0.42763444490968416 0.3389810092594466 0.14466313885042473
1 0.6740363233494059 0.6621456467676295 0.36520530163168713 0.1747690950831902
1 0.6685302058812668 0.30283874769660213 0.22232132588846007 0.12178916431776607
2 0.7073645659314279 0.7834819982271717 0.4460253080150484 0.16703319242843845
3 0.7764041270574717 0.8824329636797738 0.236744402811537 0.12254504574973278
4 0.7746750970556734 0.9392382988918112 0.22388613469606994 0.04764787426451879