0 0.41735496659746335 0.4727605745192722 0.3884272241001639 0.23365974052946484
0 0.4142266730609399 0.6608324611692363 0.33485696414114724 0.2137526393651869
1 0.39050660005787474 0.3141185826358711 0.3642459288677727 0.16989966767554693
2 0.37945259959016525 0.18997048547559478 0.39029643966042266 0.16182437210383976
3 0.38966385984192087 0.08744514942948876 0.3311348935943983 0.12240648551903305
4 0.4236646184264098 0.03906450162191606 0.25117539069897343 0.043406995713649706
1 0.6243877637898604 0.3745043637917687 0.37106567042965327 0.16070430734480168
2 0.6388679956122788 0.25903789008926836 0.43307592430508113 0.15232528704244486
3 0.6875407943255728 0.15875268356123867 0.25440771512115007 0.12273391879057279
4 0.6566642391341654 0.07781566739319826 0.21226899058187762 0.08910378117761673
5 0.6168803861362817 0.0431236147981989 0.13760692611871733 0.022403538331223685
0 0.7098140711894287 0.4993869426625486 0.19700925510358594 0.12658526297499684
1 0.3454864465616616 0.7983191333048866 0.15295643053503946 0.10483434803639168
2 0.34547826627477723 0.9158275786535887 0.1353459136588007 0.08462352214146417