0 0.6321673311771507 0.3981298746549036 0.42263765264523445 0.285860281858455
0 0.658209594511281 0.590915057895808 0.40340688341446523 0.284964594386383
1 0.6164435653903255 0.2383564191609674 0.37090730264713795 0.2139095247167363
1 0.6933530998868673 0.7479784316310472 0.3439610740001856 0.20306256982725246
2 0.5911776267267305 0.12271823471115789 0.41620243885423136 0.20882524400136906
2 0.6640915692536098 0.8695109566041155 0.40114946073784863 0.19613424762808435
3 0.5447333359427604 0.06633649710243471 0.33361025119140236 0.0970694171900038
3 0.6475370498925772 0.9435969890869459 0.30690576140248826 0.11280602182610813
4 0.4843801108096421 0.04545264713135876 0.2668167014576389 0.05798877966406817
4 0.6260386363659074 0.9790537198561767 0.2655466774517431 0.04189256028764659
0 0.15388704032329056 0.46674795889722814 0.3077740806465811 0.20272668702522553
0 0.1632317464257928 0.5903517611494631 0.3264634928515856 0.19825487751956017
1 0.1716894800480248 0.7064641226051371 0.3433789600960496 0.2037343354313066
2 0.15746725550584936 0.23586676719398836 0.3149345110116987 0.1976950728495152
2 0.18831389034042093 0.820844403511019 0.3676215948226637 0.19697064070580422
3 0.1368983613402117 0.1458608306285951 0.2737967226804234 0.19076012279565172
3 0.18814536322099756 0.9121081545458636 0.33814553978320405 0.17578369090827278
4 0.11659164927118056 0.10404377807413387 0.2331832985423611 0.11674140230211388
4 0.18448682549018197 0.9539943542022437 0.2959045941618309 0.09201129159551268
5 0.20094091866076363 0.9850500795314017 0.2422743189645327 0.029899840937196734
6 0.31120289114103383 0.9949783276063324 0.12625980238661164 0.010043344787335083