0 0.38264540396708685 0.5865625946561779 0.2548131518453207 0.42066585074174784
0 0.5730527616092469 0.6209343860764729 0.24718202047685403 0.3964175548650279
1 0.2201759921290073 0.5698220912761301 0.19598794330430663 0.3540833298818335
1 0.7180597777178335 0.6696022266877973 0.1742274500476127 0.3462422884055195
2 0.09471443993138615 0.539742655054008 0.17751244130600832 0.3967930024157082
2 0.8235352934522144 0.6558528739053326 0.1579879570403893 0.379406521103429
3 0.03432457105038247 0.5211671124915972 0.0563131106370727 0.3356034557524251
3 0.8944067956999832 0.655512398744362 0.1086522552426814 0.30589224089965444
4 0.9443420941517455 0.6257312391121718 0.07854732267574277 0.23293751893123563
0 0.43580002497239134 0.3971005277417671 0.16739354520230984 0.3676670694518763
0 0.5517091314906671 0.43050595407698045 0.16967151348407747 0.36052547576975746
1 0.3185840971504605 0.35765051363222855 0.18484985763962533 0.4042143752155052
1 0.6692668169303181 0.4207120944223825 0.16018200674077138 0.3674572351136178
2 0.20275890921357037 0.32905277960470747 0.1980439485482553 0.47187179142029506
2 0.7897169636589602 0.37015776732152933 0.18219425574162237 0.38972135351300885
3 0.10087426635678962 0.2732304834844727 0.15487080294476502 0.33847119170862494
3 0.8730063099375415 0.39300355451919466 0.14234806068722003 0.30927531396537356
4 0.04921255369444371 0.2729285938038763 0.0744109790191355 0.27125916783393494
4 0.9395106924298927 0.41776357441476963 0.07070639485381164 0.19666999228528476
5 0.9704852272715752 0.44401815833173713 0.05902954545684972 0.16054235519817303
5 0.9801124665940399 0.6064526356649013 0.03977506681192011 0.06863664311666294
6 0.9852649581655412 0.48650513470056195 0.029470083668917697 0.16210686399898494