0 0.282941409520136 0.6193600901614853 0.28220689987209663 0.3977576379463677
0 0.46191039466640377 0.65964201806015 0.28461074602594283 0.39781358808664563
1 0.12529612315393668 0.6012443039800749 0.2221612860086131 0.36276098842585497
1 0.6008797316783276 0.7038084609519236 0.20091339720255028 0.33346723345747864
2 0.05917220067391755 0.5713900426698719 0.1183444013478351 0.40239546995512837
2 0.7082711187693342 0.7002886268096695 0.18454021403678011 0.3738850169506411
3 0.7815631564703067 0.6851402079410798 0.12560423992628408 0.2861156523260686
4 0.8285809797769127 0.6669724913755883 0.09495959978544814 0.225404046936859
0 0.3605362996685376 0.43938035933360076 0.19884573764458635 0.3382189756248933
0 0.4696003830639905 0.463588681170994 0.19112991928922454 0.33083958674252156
1 0.2523461894290906 0.36824108735592975 0.21706794708770888 0.32424349982403855
1 0.5885654976880399 0.44950331496768214 0.19543333170309352 0.32373994856153854
2 0.1317924251495655 0.35339637450267103 0.2184797068038384 0.4130739072357908
3 0.06352147476653433 0.2758288660273505 0.12704294953306866 0.23121884176955143