0 0.5778996834388178 0.42683110644252487 0.4107816033948256 0.2785367824629076
0 0.6160492569889743 0.6171564630625787 0.3985945354628238 0.2683615931774777
1 0.7876393550151162 0.7464439396794447 0.12688816808117748 0.11399504549154543
1 0.5557527435048969 0.2588681112781451 0.37616269355504445 0.22168086784831986
2 0.5198960345896771 0.13109873512509582 0.41445639485381164 0.21385685817707942
3 0.476695826048663 0.06423557262609195 0.3524301136357876 0.10048091174993104
0 0.3855229689029089 0.4827220974086455 0.3686154807679634 0.20211421581552358
0 0.4152232049160884 0.6017981096882108 0.3443672227760376 0.1889753757062026
1 0.32459371253507585 0.3633925160638863 0.37110324550319507 0.2070338690572249
1 0.3537870835365782 0.7286388372446643 0.2165018244245703 0.15659913851141738
2 0.2852990715518582 0.24507058312520819 0.44583227272589004 0.22252388878073498
3 0.21270723838568342 0.1456138894180962 0.2354808379111826 0.14307174906041256
4 0.19955510676774618 0.08015023859420498 0.22262242132809526 0.09443502131344444
2 0.8183946565877936 0.8571624708875526 0.1118776610884009 0.07966943373364516