0 0.5770295683919867 0.38122646494544266 0.39325341019403237 0.27947272152578273
0 0.6357777562543115 0.557669426665101 0.34028488380252825 0.2604228402816233
1 0.5628714083022415 0.22132547371802103 0.3688513342923861 0.21486962865256343
2 0.5429273955129177 0.10411100253735787 0.4048950414322636 0.20822200507471575
3 0.5027394901814013 0.0429706575797724 0.3324020572858795 0.0859413151595448
4 0.45443880441944146 0.005140046980199738 0.26464683960811364 0.010280093960399476
1 0.35431717738194024 0.3393819970996446 0.37122721011060267 0.21027224563219293
2 0.3091747354806761 0.22788810353048491 0.4457184705442039 0.21198414123148063
3 0.2353189988274988 0.14175445987072696 0.24358561610390497 0.15826046878874594
4 0.2384492723525649 0.05970822670897481 0.21930940671259186 0.11529199130014203
5 0.2658417701011293 0.016955778764494497 0.12516782201377757 0.03391155752898899
0 0.3033896841362469 0.4737113390847584 0.1641188413488339 0.12728180076866066
1 0.742295193501634 0.6770215872537051 0.16896848915997062 0.13491395780484303
2 0.7681928810043139 0.787794108967594 0.13995451330003908 0.10354409251082604