0 0.5722781599177661 0.6530592732152662 0.2186414831317456 0.42131011142995933
0 0.3871400491480458 0.6415557757724059 0.21369393441216536 0.4088984321756995
1 0.7294084132473467 0.6935561918692078 0.14621841441020733 0.38898107646221164
1 0.2379337599153186 0.6438129496595733 0.14823066261076706 0.3555234545508803
2 0.8424171537604934 0.7003748851135512 0.13693868518335414 0.41704233333830676
2 0.12288479991923447 0.6055480321727151 0.12981106056894848 0.4236651990723014
3 0.9279355055574865 0.6917158457228219 0.08785479594083731 0.32657938694955174
3 0.04205163792049081 0.5795475265751899 0.08410327584098162 0.32657938694955185
4 0.9703524542795142 0.6651016930437517 0.048666004137481005 0.2609397990693172
4 0.007153911766155167 0.551265666200828 0.014307823532310334 0.2563774862478097
5 0.9848314737673463 0.6614713461911474 0.019596080032306198 0.23935433892837182
0 0.5353016256181828 0.21212534897125948 0.15055059491748052 0.3485081403318564
0 0.4199309958747563 0.20150466225363226 0.1408512964549629 0.3405117049002593
1 0.6567238276697912 0.21963082706440412 0.1432831138911868 0.34311177529662007
1 0.3045184092077633 0.19448974476677422 0.1335278728639141 0.33030764755733066
2 0.7670210379229382 0.2526956037585405 0.1342271549233543 0.39040380140348446
2 0.1973514563849662 0.20258468905179455 0.13134779696908883 0.3493421925455852
3 0.8572212112569242 0.2552463205451483 0.12410828722517281 0.34634967366419506
3 0.11335669741223886 0.1836976097945503 0.11888102568181631 0.30989953287147337
4 0.9195813548450361 0.2723673816197605 0.10169047593398435 0.2772759631738707
4 0.051375008201538626 0.18210343659868078 0.10275001640307725 0.25843764242813083
5 0.9613689497135678 0.29983976740222873 0.052998184644753914 0.22046686293896192
5 0.021187074866573667 0.18325640279801664 0.042374149733147334 0.21266665174987942
6 0.9597466153356666 0.43926284432530566 0.05855941744601377 0.07922861258958286
6 0.007322581525734851 0.2735233233103398 0.014645163051469703 0.1720466466206796
7 0.9856574686627997 0.48709438791604387 0.015290186676782724 0.07569657622431883