0 0.594904751494082 0.5750068662301822 0.4372538270494836 0.2716986050372867
0 0.5725581785405814 0.3914473313635689 0.40021501352921796 0.25884012216388924
1 0.6259099671061458 0.7262543533705669 0.37926738135948695 0.20796770195117575
1 0.680240099759123 0.2229563099113254 0.13544904009694775 0.1015230497424146
2 0.6325332295723061 0.8516460043525113 0.43234822098661685 0.21160245119113286
3 0.6220841894753585 0.9401046963400643 0.3401192564152299 0.11979060731987144
0 0.40271974892948204 0.5837799839242526 0.3608706643424463 0.18834528173846174
0 0.39320207970318893 0.4643419981866457 0.3674935300764409 0.1813015936977567
1 0.379196822351308 0.7096741812296479 0.3932980097975344 0.20349571048515003
1 0.28968922935679403 0.3752298301954063 0.233123524947241 0.1517820282901711
2 0.38319543679927237 0.8229626762319449 0.4634019967441022 0.2099259568608978
3 0.3255035258391305 0.9335615447447118 0.2517656214504662 0.13287691051057657
4 0.350719531198763 0.97842434957281 0.23488993986203882 0.04315130085438012
2 0.6818586522107447 0.11461538256741512 0.10483686806816167 0.07921703267446588