0 0.35823897659290055 0.6696351765227091 0.39098035954256005 0.22994116470712156
0 0.3519552177360695 0.472170068010227 0.39056069086604295 0.21551808778404463
1 0.3437274574181503 0.8376246281742618 0.3724747617595687 0.17175924355887745
1 0.19530404653180636 0.31604146009681217 0.11069108898217926 0.08968597661233947
2 0.35475821253938106 0.9460276274437178 0.4215566354019477 0.10794474511256442
0 0.5684927084482281 0.637258833870668 0.33571762165768126 0.146671610329123
0 0.562514452362658 0.51197905475299 0.34045536918595415 0.14440765373411596
1 0.5913328600004311 0.7618263033673596 0.3984274559959398 0.15570171305556904
1 0.6428997958670006 0.39522690307902963 0.2121422408996542 0.10945058042488193
2 0.6130060608654208 0.8851568773974183 0.4512421266011356 0.15483665204895167
3 0.6776558515551716 0.9683212985968216 0.2330074637106552 0.06335740280635677