0 0.6928875913826963 0.5726562176417025 0.3843712112207092 0.2017149021161537
0 0.6899037952044466 0.38269643081659727 0.37251986876634263 0.2064526685847722
1 0.7018962701514038 0.7277882055716683 0.34115539019722646 0.13416946195561016
1 0.7014956970582956 0.22287562450536497 0.33154000558184155 0.13411352128435075
2 0.6894534890562021 0.8431238728689319 0.39378817310954545 0.127265597185997
2 0.6571542889871004 0.11562476730291518 0.3765415292454618 0.11514847024206268
3 0.658661352383268 0.9331072742082925 0.3176740033491049 0.08115898006066129
3 0.6225808866403117 0.038484920278708916 0.30291514979629963 0.07145968443838803
4 0.6151669940146148 0.97145183232506 0.26892552701272526 0.05709633534987983
0 0.20337295198408611 0.47603925823966925 0.3144612500326224 0.12680408664810877
1 0.1821199148467256 0.36170972166992155 0.34339134803620824 0.1293757548157325
1 0.19369266900652235 0.7188207271942234 0.33137211726697746 0.12930582897665843
2 0.20055321458189 0.8270007967012076 0.40110642916378 0.12020789557042158
2 0.18431012201758074 0.2474850738587849 0.36862024403516147 0.12958553233295442
3 0.21462136718118624 0.9112892489317859 0.3114697947767515 0.10996317840337091
3 0.16878050384204452 0.1584658477434958 0.3332722984762312 0.11489673722139636
4 0.2031172390235797 0.9642150184646963 0.28857601703065494 0.07156996307060755
4 0.17237483540578205 0.08996322494278783 0.25592950076599374 0.1024299810820921
5 0.17396977439699166 0.04429014801971091 0.20924909395373184 0.07331810904745711
6 0.2826465162646611 0.03049640364829983 0.11225580622556482 0.04872024079640372