0 0.4625895838231552 0.6264337631504276 0.3639622384075878 0.24849738572489352
0 0.4145467861686129 0.4572973052068914 0.3580762278729029 0.23155856236741484
1 0.48160174155947605 0.7732921790961543 0.34553397949853815 0.18566168488322668
1 0.36078632254309084 0.3300323294646904 0.3276287381946223 0.16844311082435923
2 0.511447348496467 0.8831987054287931 0.36957244103699965 0.18622118628600448
2 0.3652877663344413 0.23172641278824815 0.34864717173524196 0.15933127747147469
3 0.5582130427492429 0.9501376971294339 0.2761628149757222 0.0997246057411322
3 0.37644544796547164 0.16237855023851527 0.26562315759434385 0.09979261515000022
4 0.6082925568191524 0.9822549243037394 0.2192730176051341 0.035490151392521124
4 0.36339448108867906 0.12727100537649602 0.2502758079052732 0.08503383738525662
0 0.618517193798451 0.5688563705558232 0.3328985668853116 0.17576654956645316
0 0.5880088228980334 0.46733533069150685 0.3346862311951618 0.1662071150913465
1 0.6744970175057519 0.6745706561238254 0.3094762871908458 0.18482243277906024
1 0.5896442841525409 0.36176192541324836 0.325687028423773 0.17559869914561987
2 0.7017847328278977 0.7820173861623403 0.3984185948831535 0.18689258796933791
2 0.6044238765227027 0.2552943228295945 0.31755121719624096 0.16100777180170966
3 0.7827434323480158 0.8655105848118596 0.2365297940483291 0.1327191094802353
3 0.6039940231564305 0.17367545387938083 0.19862355620864955 0.10303370352991473
4 0.7897686423318308 0.937681919567522 0.22266201774711109 0.10359320493269254
4 0.5767976296674904 0.12383710632275689 0.15846751767612247 0.07569619359316253