0 0.35049732200966066 0.6039398272323301 0.42048739034232585 0.2497314921732469
0 0.3643579023477187 0.40762880758026976 0.4058962201213077 0.2469079773428836
1 0.3329974657745331 0.7653601052639114 0.3749153933845895 0.18123473861542294
1 0.3528435114387512 0.24296534604180822 0.35998803656768913 0.17360353147736737
2 0.3379644547387616 0.887851341940936 0.4096283393087528 0.1630531410759461
2 0.40735907978654756 0.1306012179990232 0.39934058150160356 0.1531579773428836
3 0.36523019560440484 0.9621725889213006 0.3492970788320573 0.07565482215739869
3 0.44524932502166215 0.05493714710549742 0.31357557312024736 0.09308754715031259
4 0.474398158797398 0.025798352314874127 0.2709117022101806 0.031872276833446594
0 0.844774473171137 0.6836719666231121 0.31045105365772613 0.17091990620584324
0 0.8452537630568452 0.5589517457407902 0.3094924738863096 0.16851606005199693
1 0.8483049923943408 0.4390042447764508 0.3033900152113186 0.16576249000105336
2 0.8202943467507501 0.920740419889231 0.35941130649849984 0.158519160221538
2 0.8442707532437536 0.3200138601610662 0.31145849351249283 0.1585509515395149
3 0.8302667896326495 0.9690096911095576 0.3394664207347009 0.06198061778088478
3 0.8688052580010734 0.2258663020474675 0.26238948399785317 0.14492299084363533
4 0.8884227538103951 0.15918811275455078 0.22315449237920967 0.12443321558331497
5 0.8988450982491852 0.10424937511318677 0.20230980350162944 0.1045029985583506
6 0.7994551761267523 0.07723826044939609 0.12937042574646923 0.06613712852981447
7 0.7415359984788682 0.055161865825345296 0.06692096572913979 0.030734662890480616