0 0.5458005468126326 0.4345837375140524 0.3887331104485024 0.2351047795377599
0 0.6192865077693214 0.6050478718846113 0.2509239531722362 0.18786531080153696
1 0.5533729818949484 0.2746860113597167 0.3749153933845895 0.1748967405620956
2 0.5452028636619937 0.15069213545999655 0.4078968663466712 0.16567295389999753
3 0.5262659777194015 0.06025420622580088 0.33208342917658157 0.11194920004405393
4 0.4723810392221044 0.022337265705311728 0.2619686907865605 0.03667474465062775
1 0.32085580481370596 0.3658067108162216 0.3428249268948838 0.16251388312195603
2 0.29630426674001603 0.25244832927335464 0.409964525904635 0.16089323287468282
3 0.2527153227248332 0.15330324003573265 0.2729958351180746 0.12567299490769065
4 0.26538989336945834 0.07526215388286545 0.2155221607063784 0.09377965541300569
5 0.2826705563575345 0.03456459696174648 0.14177638309425272 0.03527618053174738
2 0.6874775298408644 0.8512331601013241 0.14290249619717016 0.08572897848013875
0 0.27527557118100465 0.48436354055475334 0.21015964852219232 0.1201380492581805