0 0.6183074446382958 0.41384113017489266 0.3954136465124395 0.24939258796933791
0 0.5894536826639208 0.5865274072089205 0.3952457581975751 0.2445848956616456
1 0.6808722920510752 0.27645721855480715 0.34241455255870734 0.1761022504081199
1 0.5753435070365088 0.7336096237157581 0.332799167943323 0.1758784498470088
2 0.7036630288950873 0.17127445931944385 0.38534800669821007 0.1674939683177354
2 0.5258586300278929 0.8321962960326386 0.38062425854794985 0.16978591419102593
3 0.6960432073134201 0.09085751344615327 0.302022298476231 0.11991858662521393
3 0.4874695980567549 0.9040609099558222 0.28502748708444375 0.11471924333557727
4 0.6763354780109322 0.043200216421313546 0.25011447856911645 0.07787824906399593
4 0.46013443904437856 0.9480015424083864 0.23577534580347162 0.07994639437617551
5 0.6912049805940436 0.026897866715304246 0.22084860393580202 0.05379573343060849
5 0.45968801338434423 0.9696641328631408 0.2033501275994224 0.04556519639871827
0 0.19979781906380056 0.34779935059679473 0.32086388133152427 0.17800254529946605
0 0.1857143483092625 0.4611997458796473 0.31555252407923945 0.1634675680958335
1 0.22237869551423234 0.23660697597681607 0.32036021638693174 0.16357946837638918
1 0.16399961830602547 0.5627487608141024 0.29391790869462403 0.16296401683333364
2 0.25980236967490145 0.1370981312844015 0.3782204123941036 0.16972996405074817
2 0.16259166437433265 0.6602164303254272 0.2840506916069432 0.15552867781068394
3 0.2848443315637375 0.06705491173739311 0.319688663127475 0.13410982347478623
3 0.14501307341933126 0.7424227757485576 0.2428495303618302 0.144962140810577
4 0.30783349113429803 0.0364193583413995 0.26470544380705757 0.072838716682799
4 0.1280068243605123 0.806572299947703 0.2034646061685388 0.11762463087382494
5 0.34532967178536744 0.007823975187446474 0.176236266647658 0.015647950374892947
5 0.11589221176681773 0.8730137700201387 0.17537394973927373 0.13858784457510717
6 0.46834554641868176 0.017856975976816063 0.08092186206813273 0.035713951953632125
6 0.1866950242749733 0.9026412159520832 0.18406594862290537 0.11236933744391045
7 0.5172046717853674 0.0050544432436963735 0.04402472818611955 0.010108886487392747
7 0.2550520185505667 0.9311226889473823 0.08606533100555339 0.05724671644818385