0 0.5987148164604981 0.3383999039100418 0.4411100274555991 0.26509277036658546
0 0.6092919192326158 0.5302920419541682 0.4069097235933082 0.25572459545106163
1 0.6026877296467836 0.17547752456199975 0.3707416042173056 0.18881815830422896
1 0.6928413753416477 0.6588996535905935 0.2152919399964032 0.1262286788766795
2 0.5882122780061049 0.07398375646704666 0.41900067986371015 0.14796751293409333
2 0.742518969976766 0.7609717932958494 0.11436626428545055 0.08866281497572223
3 0.5716779345669736 0.008617773930203639 0.3374133616352836 0.017235547860407277
0 0.3799275343016358 0.40026389574637145 0.35540776444682076 0.1758746547690046
0 0.3986462891662693 0.5162808344833449 0.3380343836614531 0.16758479808047338
1 0.3442907800753383 0.28652719831331364 0.3267437631701485 0.17642995539086317
1 0.3183519702995067 0.644623252505891 0.23561562464406194 0.14188411948774815
2 0.343965176503514 0.16454722631115565 0.4620877580634595 0.19467188582218936
3 0.28190404596020174 0.06805300621858687 0.22989716948896177 0.1295567977965193
4 0.2906280185117479 0.0255118065777889 0.2325548937134608 0.0510236131555778