0 0.6211492075644044 0.39528125952717785 0.20706583589377148 0.3496205650616169
0 0.44318054553081837 0.39304443403195977 0.2058891828081837 0.3327936419846938
1 0.7690950626662485 0.3805233399316952 0.14562493566408874 0.3300401666354777
1 0.2988909996424137 0.3741834703931332 0.13158858531956447 0.30112408695024995
2 0.8891192770606151 0.3788187521685889 0.15345830733472135 0.37333736774033804
2 0.20209828696310334 0.39885046312811123 0.11504730885585332 0.33947374406927
3 0.968589863393804 0.4142129503602278 0.06282027321239197 0.2768758478945665
3 0.13680771423070456 0.42730503227545075 0.0655586260628007 0.250279703356296
4 0.09935473555681289 0.44150434651349096 0.05426230846800474 0.2261853011465753
0 0.6031198014441183 0.5669814449294928 0.13293333170309352 0.32035485618101917
0 0.49564436770414105 0.5591475665001959 0.13019329895336512 0.31553317870551206
1 0.7250518187734727 0.609741018428633 0.15327374068685026 0.26761009247455164
1 0.39270745300857435 0.6162175342247451 0.1385814905004915 0.3324020572858795
2 0.838032588004242 0.6103983213159284 0.13456372469983463 0.37803317870551195
2 0.2868036356077026 0.6480401247500024 0.13036139225130616 0.3179370248593581
3 0.9363211070486523 0.6758475890145517 0.10765120374644364 0.23370451330003933
3 0.20023990407790596 0.6643565892016855 0.08813478790246233 0.19514507866379724
4 0.9855928364604133 0.6546535064161023 0.028814327079173332 0.19749298414638425
4 0.14377478945385652 0.647208007265022 0.05844816756660286 0.18295802588078877
5 0.08899060780921834 0.6540978868668201 0.07537617060886657 0.11577620008342968