0 0.6052618381846272 0.6428144801181651 0.3902701775750188 0.23299287245178327
0 0.573557753446972 0.45757148200995584 0.3853785411098943 0.23056105596230766
1 0.6586692152584877 0.7957384142436917 0.359661196422791 0.18234428120723686
1 0.5683532156861826 0.3085330204714944 0.33469934915257665 0.15576212183678104
2 0.6797353182857311 0.9172305411876261 0.38783579700948817 0.16328133399024508
2 0.5121528060829998 0.21327342370264574 0.3749771246659365 0.1391729466127094
3 0.4737446773672091 0.1457559538777315 0.2770604512060167 0.08813277066934835
4 0.4423534939252188 0.10711960081850805 0.2232524500896482 0.061382789285115126
0 0.40810448149052647 0.6404657732804288 0.2744353069915586 0.15060480033371867
0 0.4051931408532774 0.5226843043258745 0.2452533765156764 0.14082159370455663
1 0.4005342910651963 0.7677996935952008 0.31356839871255376 0.17005933224952477
1 0.3799069546203663 0.4179911301232337 0.24748933435465842 0.1360278865646791
2 0.43345173654680624 0.8845540540705168 0.41452993717409226 0.17064670929774634
2 0.3515186641012784 0.3277000550919475 0.2733440329449415 0.11935480033371867
3 0.3929946350515504 0.9634396430061245 0.24058303811116394 0.07312071398775107
3 0.2778770174462741 0.24916249264141105 0.1310973890808579 0.10651044466341499
4 0.2861760004156192 0.17711004128119304 0.13447803071220482 0.06567303038365993
5 0.2758318232562197 0.1217726316553797 0.12030678626142415 0.07280065783830965
6 0.299813045510123 0.08586178360974275 0.078937736701447 0.05813983306238119