0 0.6178446201544183 0.46772613825508547 0.21754494114468167 0.3963119882919788
0 0.43445421358822817 0.46997843449570376 0.21273724883698938 0.3960880664239607
1 0.7698434185894235 0.43522817649320067 0.1492296004309082 0.3715424667551111
1 0.28111188394511477 0.4736302424114348 0.15051383724466422 0.34761596615065843
2 0.8808385382052065 0.42360743684769664 0.133298364826057 0.3899895094478172
2 0.1722703553453314 0.5057396548316356 0.12597486543050973 0.3872497804919438
3 0.9600929111783872 0.443039108604003 0.07981417764322557 0.30624344340488574
3 0.09565682795445306 0.5345528475532658 0.08085496532278268 0.2940002907676369
4 0.9922385986504593 0.4665770598667716 0.015522802699081514 0.2705743004388773
4 0.04858755328361108 0.5539482442577011 0.057317014060014104 0.25212725774617123
0 0.6433914185236063 0.8724875959139685 0.14519900680658374 0.2550248081720629
0 0.5257149179191536 0.8716314083466391 0.13787550741103624 0.25673718330672174
1 0.7608439972600407 0.8699619361185468 0.13351565883938002 0.26007612776290645
1 0.41318199242442044 0.8786716914798165 0.13217212763127192 0.2426566170403669
2 0.8710553903377606 0.841287037600754 0.13860656740944238 0.3174259247984921
2 0.30484097410033 0.872602781700849 0.12770031812560667 0.254794436598302
3 0.9475139648135874 0.8512547855804276 0.10497207037282517 0.29749042883914495
3 0.22034414264385913 0.8887842724435466 0.11400167334624073 0.2224314551129068
4 0.9797287993875782 0.8525886422299214 0.0405424012248436 0.26297421263565496
4 0.15851590824791323 0.9019197986255197 0.09823506521505564 0.19616040274896043
5 0.09640777151694477 0.9088777680218642 0.09745133867699256 0.1822444639562716
6 0.07960386778250256 0.8336341051089224 0.07307699433650396 0.1785037144490125
7 0.055812347454539904 0.7605670525544611 0.030472901316632103 0.08777003181256049