0 0.5856856043220605 0.39011303682880266 0.39797951153275146 0.23393593460544723
0 0.5797168754145817 0.5725742763296119 0.3639477246629218 0.2245677596899234
1 0.5962781659888818 0.23370899136780374 0.3465011220119771 0.16595117923162198
1 0.6156162622221348 0.7104264580316306 0.33410395052676295 0.15796941346508875
2 0.5942896966221393 0.11165199663514626 0.3826847945583307 0.17066570730045247
2 0.581541928471543 0.8120346189482336 0.35688260967861285 0.1354714065366167
3 0.5738365610758785 0.04120852216259138 0.3177911700237686 0.08241704432518276
3 0.5695380301312386 0.8810833934463453 0.2967966774517431 0.08610123854956478
4 0.5322256462465768 0.9301920526308302 0.21646191246553081 0.061786969105830064
4 0.5340368976794717 0.002531135815088775 0.25404158925644127 0.00506227163017755
0 0.38649154576876676 0.4424082261691786 0.3337260098107793 0.15075787500355028
0 0.3915137624826613 0.5522919446716064 0.33119618341827217 0.14819998338870513
1 0.3769765873438328 0.3268229832041333 0.3437193351421474 0.1585855953090845
1 0.3954600363582938 0.6598488397506875 0.3716836273176731 0.14360721776414892
2 0.35411449483408397 0.2144888364284285 0.41305293288770256 0.15584137521651578
2 0.3172346101678431 0.7810567420421946 0.33878566259579396 0.15587365823324062
3 0.3410618681073535 0.1206922543089976 0.30412397453265866 0.13448625254848587
3 0.34824798211944696 0.8521403905500174 0.2986863810316605 0.1221589308572571
4 0.346232168702103 0.04752438606354857 0.2568131545069866 0.09504877212709714
4 0.35231001461445655 0.9117744080131746 0.1978610444280674 0.07257383618706935
5 0.34989070643291864 0.009171232146406208 0.15067620464105652 0.018342464292812416
5 0.35010536043788637 0.9538417157054823 0.1559878179033935 0.050724294119317594
5 0.5021196900138113 0.9560790597012793 0.04402511220119775 0.017195895221058174