0 0.6385399339472227 0.5343711011655596 0.24262865063002165 0.423918799239713
0 0.4489438135649043 0.5619823080007579 0.22759012216388924 0.3963835761305158
1 0.804237468141774 0.5145910354097925 0.1788977475439107 0.3662982170485766
1 0.31796518806757545 0.7284328518917261 0.08916811813151727 0.11953826173210604
2 0.9210817302572385 0.48098956397354825 0.15783653948552312 0.4236262196019209
3 0.9824777199258015 0.44749851960561426 0.035044560148397005 0.3398172077891298
0 0.5856792738765494 0.332485306401345 0.15972292845341912 0.36724484264657
0 0.46722041559380373 0.36433839705222143 0.1520637888696585 0.3474676157073561
1 0.7065140032430025 0.2992481401040639 0.17470550677927385 0.39237621960192104
1 0.3476135744963144 0.2951388729568186 0.13232745849829078 0.221192547720985
2 0.8232673871863251 0.24585151035331287 0.17146441839935933 0.45931960677065015
3 0.9187768017879276 0.159147408212386 0.12601112228119696 0.2591076284740788
4 0.9743729890979169 0.1681790529604636 0.043608951367094306 0.2240682872655514
2 0.20900981411965877 0.754749639956984 0.06960164805908126 0.10365796425317643