0 0.626063072417587 0.5970492638570156 0.3923003086277267 0.254267681066314
0 0.7106017551321867 0.4315764092110355 0.24380465796973666 0.20603508741097443
1 0.6036815674157867 0.7551995985225479 0.35609978262610487 0.19118025099661431
2 0.586993387889351 0.876216195675543 0.41389003954332704 0.1945911201270882
3 0.5517641738499893 0.9489345304683453 0.3385423305057656 0.10213093906330947
4 0.5172736691409282 0.987354109639191 0.2729079553085032 0.02529178072161806
1 0.38888833922064087 0.6421531605869251 0.35830773033012203 0.18641451797961478
2 0.35262656817623533 0.7544206218759163 0.4307169626202501 0.1948848351619383
3 0.2808233833266594 0.8492527503729381 0.2482736181336706 0.13885327297536065
4 0.2938669908140497 0.9335552029203249 0.20603694436948378 0.10448611887973633
2 0.8015724726524514 0.1881463917278267 0.13333386440461253 0.0888042632358744
0 0.34778626182985445 0.5177256943034558 0.2170236181336706 0.13830780219635377