0 0.4969818908206551 0.40386650973695126 0.27818991874193905 0.3988462912069806
0 0.6887439461050389 0.3915982529923777 0.22035259806883054 0.2560962637348153
1 0.33466503615148147 0.36499754495283937 0.21965816947531047 0.3738008066918911
2 0.20542968573997158 0.3447238767469267 0.2138736816901175 0.41454031343519726
3 0.10297241965049775 0.3345271453540199 0.15821890911024325 0.33429028596303184
4 0.05018701562915661 0.3708426766980466 0.08459252966108108 0.2897622764730163
1 0.3615080188356966 0.6177160857868818 0.21649882590457553 0.35212423201658294
2 0.23049840345108125 0.6154293044441224 0.22301593577259396 0.46995465284573723
3 0.11968491510770408 0.6411224281961366 0.15089289207958834 0.26209098276626175
4 0.06164156357982587 0.5956652310187012 0.08987335250168156 0.23459969280663315
2 0.9627251428842423 0.3928807411273233 0.07454971423151537 0.13604200049894083
0 0.47563730139764115 0.6869748851117906 0.15203757587195318 0.22607524974926216