0 0.41064874045196087 0.4265227264039276 0.40412755080055796 0.25180793062564394
0 0.39048009119622773 0.611361808963117 0.2883793087450338 0.21451087916990838
1 0.36919764303727454 0.2725403706998284 0.36491078771482416 0.18488840065321932
2 0.37061019279734375 0.1511461399305976 0.39367302771384516 0.1791886250556147
3 0.3826162799906997 0.057368860679378915 0.33066954463104825 0.11473772135875783
4 0.4168435374332869 0.011671954911099828 0.2576590789795801 0.023343909822199655
1 0.6187640881604216 0.2966980412636835 0.36717477745678223 0.1729951501226497
2 0.6273462194584629 0.17853163900923846 0.40077268104587316 0.16995118115621358
3 0.6657946143441266 0.07441548377152901 0.22968003488713207 0.12494889190357913
4 0.6437972143539163 0.023086838535235257 0.20759787898447504 0.046173677070470515
1 0.3117248952774175 0.7728450996771972 0.12611885129510425 0.1027048185642261
2 0.33211478859622934 0.8786824313754006 0.14037410052391558 0.08903762307311644
0 0.6919267117343384 0.4093791923267261 0.1864667466826568 0.12748893991537058