0 0.4067903876144791 0.5781283682612561 0.4069789374724459 0.2739299446702073
0 0.32942145430398856 0.40893608517356433 0.29346671387650203 0.2269422174753828
1 0.4301986532341304 0.7358739898031441 0.37016602054055814 0.20860652928069712
2 0.46482981014056474 0.858889712884962 0.40625168413062807 0.21142994467020715
3 0.49992249320622967 0.9382980236130758 0.33561709335062856 0.12340395277384832
4 0.5559793229447614 0.9760890933628659 0.26503844513538427 0.047821813274268266
1 0.6418638276086053 0.6241387847034925 0.3774055302844742 0.211094289281676
2 0.6958656101576969 0.7353590472751004 0.4447132225921665 0.21187748518824906
3 0.7681339947608442 0.8263564021568484 0.24200694976251652 0.1422202051608378
4 0.7732485291093762 0.9033494072858692 0.23689157334867053 0.1157219549037746
5 0.7522564111541319 0.9511885744625826 0.13760662769916038 0.05207513232629287
2 0.17471071690007098 0.171527043100908 0.08975347488125832 0.07074647590950998
0 0.6734363394212617 0.49347881034859714 0.2059492574548242 0.1418006359251735