0 0.356577562065685 0.633197700489744 0.37660634919130176 0.21993098258012858
0 0.37661292530038176 0.4482414219942846 0.37365604532901087 0.2126634939783122
1 0.30183271941911505 0.7836329056570517 0.3500536144306838 0.15452358516378256
1 0.3745941544773448 0.30009715776121826 0.3199323925981589 0.13702526040352586
2 0.28310970632965166 0.9036014127882481 0.3979483849381253 0.15323874181549174
2 0.4277354867491663 0.20260251811880378 0.37911778359690484 0.12640478314123962
3 0.29762244012919276 0.976159373830609 0.2996804334516716 0.04768125233878187
3 0.46066214203336275 0.1335344062704598 0.2863502719454841 0.07385385872019255
4 0.4888169677604525 0.09566034428183802 0.22924028471220687 0.048528543955342056
0 0.5451704774825745 0.6231387345083339 0.3297299297830251 0.1396529071184832
0 0.568336877740767 0.5080898199653852 0.3417491605522559 0.1399326578198721
1 0.5586261586158119 0.7474683377640496 0.2908682234319378 0.16514406242606855
1 0.6028849747750049 0.4017341176622868 0.33417331695175423 0.1349571150913465
2 0.5291769141187815 0.8659831461870731 0.4353170079827743 0.13971086713685948
2 0.6587033820548949 0.30068965892938093 0.3389810092594466 0.13506901537190197
3 0.5746843504393931 0.9557436838751338 0.23120810022591834 0.08851263224973248
3 0.7050154123794339 0.21387245162857968 0.20848056942441373 0.09123827332179506
4 0.5521748349579555 0.9988310766884617 0.21743906926304335 0.0023378466230764817
4 0.6888633054545585 0.1569064908208339 0.18170981934372868 0.054621079611324945