0 0.3749160477894188 0.41863166132243335 0.4395597874038113 0.2719857101695855
0 0.3004775245619997 0.6071122863387445 0.34171144117897667 0.24218563617999445
1 0.39523759194423075 0.25122857700039725 0.38957343757276364 0.2030830788706836
2 0.42751748564613645 0.12178336619530718 0.43028477672714927 0.20210628339318296
3 0.46070735301132965 0.04544411978484408 0.35743144782349456 0.09088823956968815
1 0.6241135374676994 0.34756935726436056 0.3991888221881483 0.203418855500412
2 0.6679505255558389 0.2249159641336485 0.4758038081892272 0.20129737623054642
3 0.7438238824573354 0.12632773741427183 0.24404942343186556 0.1404380658898829
4 0.7414647760172642 0.056290021644731035 0.23816341289718077 0.11258004328946207
1 0.1486680871312131 0.7491261944751842 0.1096812485163418 0.10216729107727218
2 0.1450337196950314 0.8619810474698054 0.14466062259704138 0.08659953036183027
0 0.6526695843058736 0.4820855305164709 0.2102415318170204 0.1368590015319876