0 0.3404300052659386 0.5829326923076923 0.3545774794964887 0.20673076923076922
0 0.37036786253377446 0.40865384615384615 0.33505286259097605 0.19951923076923078
1 0.2960915133095332 0.7271634615384616 0.34251336425824286 0.1466346153846154
1 0.3642255852594107 0.2644230769230769 0.31067566890875614 0.13221153846153846
2 0.29028597666163103 0.8401442307692307 0.3685638750508928 0.13701923076923078
2 0.41602457888308275 0.17307692307692307 0.34575386896730403 0.10817307692307693
3 0.312859289969818 0.9350961538461539 0.27825027820978276 0.10336538461538461
3 0.44256074565686276 0.11177884615384616 0.2672636044455959 0.06971153846153846
4 0.32902710085028963 0.9807692307692307 0.23954795682940036 0.038461538461538464
4 0.48008767633827176 0.07572115384615384 0.20138026604260517 0.04567307692307692
0 0.5248629567721987 0.5697115384615384 0.3155813104413629 0.1346153846153846
0 0.5351823380530499 0.4639423076923077 0.3053782304764917 0.1201923076923077
1 0.541649085523549 0.6887019230769231 0.3017459288677727 0.14903846153846154
1 0.553572358585162 0.36658653846153844 0.27682592430508113 0.12740384615384615
2 0.5117561127247281 0.8028846153846154 0.38779464428166194 0.13701923076923078
2 0.5934990452769751 0.27163461538461536 0.24690232898486833 0.10096153846153846
3 0.5534622460387699 0.9002403846153846 0.2371889951445693 0.0985576923076923
3 0.6471631643174638 0.1935096153846154 0.15516437823905677 0.09134615384615384
4 0.5351436423536226 0.9663461538461539 0.19505027060529684 0.0673076923076923
4 0.6486058703132309 0.12860576923076922 0.15889462907269009 0.06490384615384616
5 0.65576434401887 0.07091346153846154 0.1471692459782026 0.07211538461538461
6 0.6074649901141682 0.046875 0.071768472184742 0.05048076923076923