0 0.32339108575403763 0.5945275969276191 0.35336169980407234 0.20937445546185174
0 0.33847324182922905 0.41520999027458233 0.35832343757276364 0.21208639253769576
1 0.275224683249565 0.7484346319959102 0.3454730982764009 0.16098944146293065
1 0.3334469380270884 0.2694996476559607 0.3176443814351027 0.13766032600732678
2 0.2690324241985382 0.8637422246500261 0.37293284297356427 0.14120337161030277
2 0.36605106415935434 0.17165130143112606 0.3404504792855725 0.11997001138654717
3 0.2973717019479204 0.9445182805037331 0.28540922744697184 0.08292716509072388
3 0.40882587552886357 0.10187888174745044 0.2512932449101287 0.07355899017520012
4 0.4366080102507309 0.06059794286849987 0.202138003606213 0.05365115787829792
0 0.4895179791719893 0.5611389443876523 0.32997170312633134 0.14323824562001383
1 0.49255599108384973 0.6818399705823879 0.3457811891983988 0.16579713377062325
2 0.48966141034159416 0.8017241873526976 0.433337087741716 0.1498622004429688
3 0.551932184555752 0.8946896609449966 0.22956546528665156 0.108076227872903
4 0.528187514836582 0.94768173967118 0.1893485455319875 0.04086169980407233