0 0.28111744521910026 0.572549937673491 0.39259415630247 0.2659289122353943
0 0.32807812401368824 0.39461748807237446 0.3852846686160171 0.2633152317432896
1 0.2283165171117762 0.716618706782503 0.3511941410934981 0.19269441114929747
1 0.35708546364483695 0.2438396557845521 0.32215208879751533 0.18704738148857114
2 0.21184059660893798 0.8256439828854053 0.3893618318802932 0.1866019891584712
2 0.4174938172567995 0.14932951194706442 0.374449008832644 0.1741630897127234
3 0.21662993682556492 0.9148310973056814 0.31778925814538017 0.13890051363222858
3 0.47437190862839973 0.08239365409938801 0.2860495120208079 0.12597200073054415
4 0.2545303123155664 0.956069111649015 0.26794924901999706 0.08786177670196994
4 0.5118988393098088 0.04738513348298834 0.24543309061115165 0.0719682688752166
0 0.7202683200950227 0.6924259033225444 0.3270577303301222 0.1895911172012562
0 0.7478553959649119 0.5765038402654912 0.30743516419969497 0.17941617435051563
1 0.6985929103848345 0.8109266744819924 0.35109619186858343 0.19029056499545133
1 0.7918286233996091 0.47188869835668235 0.3317674734129001 0.18732716060624918
2 0.6178008390776367 0.9036403646174911 0.2989502858142687 0.14795634001225721
2 0.8142162100621483 0.36544213035617484 0.3509982426436693 0.1878867188416053
3 0.6177559546086218 0.9523005470285552 0.27373643357683375 0.09539890594288963
3 0.8437928929517184 0.28928844600671255 0.2977218303593962 0.17673254907899144
4 0.6295078700810589 0.9886030460642158 0.2635864183678619 0.022793907871568344
4 0.871873805089622 0.22031132772907894 0.2456738735299956 0.13680217024964328
5 0.8900454849373977 0.15826596879530572 0.21501156887948214 0.15031596504026654
6 0.8036763894708153 0.12205913819264748 0.1439287412691417 0.1146337202832546
7 0.743847550921455 0.08421785400975769 0.059749241415511224 0.052159443936837475