0 0.3998402106584418 0.655326177569074 0.38190846988779537 0.22571140815117102
0 0.3804613575468175 0.4690840413172563 0.3812785686944895 0.21369217738194024
1 0.39986742511027773 0.816432817964118 0.34928290888180674 0.1534282015220087
1 0.32621651358513976 0.3287317520896448 0.25895481856422636 0.12646844262055362
2 0.4214764864466826 0.9305246066810142 0.38205489336502474 0.13679707079449288
2 0.2923941403118703 0.23394765102649925 0.2292268030474444 0.10947369752985299
3 0.45809086820906597 0.9868191989469917 0.2944030529171812 0.023340805858020657
3 0.31606999356327464 0.15806566775047529 0.157247620290005 0.06579889689399315
0 0.5982307300893642 0.6096872622103846 0.3270183923038855 0.14128310424244483
0 0.5791514951454665 0.49798533447951987 0.3196808736036859 0.13883730258515434
1 0.6417263672877068 0.7284608767246399 0.2962723132585303 0.15071668167623697
1 0.5983448283051156 0.3824538748328491 0.29551643182656334 0.13629360475316032
2 0.6442936297513343 0.8462703160148237 0.41380881431966926 0.1465942625914696
2 0.6382858043691099 0.272813156644368 0.2826153393867044 0.11939675583716311
3 0.7224611766320965 0.9383918453195493 0.24605372612436746 0.10957159370455663