0 0.6010674091077989 0.3336145778427414 0.20114781447158153 0.3887645670284131
0 0.4062719454358438 0.3281515114187807 0.19589252104166704 0.369309875929626
1 0.7587151576756941 0.3325345574818701 0.1352368657927354 0.3424723910409391
1 0.24907179799017068 0.3100007625488828 0.1322735182361114 0.31832196856846867
2 0.8763077937231836 0.3464341047867733 0.11460935293312001 0.38473397340408877
2 0.13734789703755312 0.3541294057383144 0.10488206803717978 0.3794784373603604
3 0.9609729305013887 0.379254871790247 0.06988541851666678 0.32021867659192654
3 0.05480585077275609 0.38517850321277725 0.06921401683333359 0.29137252274577274
4 0.9800628194424141 0.43789884742163127 0.027677230534615606 0.26062303302146567
4 0.011066068506410136 0.4105275348348233 0.022132137012820272 0.24413199274656966
0 0.5978152663983434 0.8345018914219684 0.12539768061623954 0.3309962171560633
0 0.4765888860499459 0.8223427985597025 0.12757772620897462 0.3229057390081428
1 0.36092451996394165 0.8289879044965007 0.12304978460267121 0.3347010479093555
2 0.8312960690929481 0.8183813520372969 0.1195848956616456 0.36323729592540627
2 0.2490897236698177 0.8186841846403241 0.1168453486661328 0.36263163071935184
3 0.9217480256337065 0.8238248021206004 0.10778745557542745 0.2979715899976091
3 0.1560940456245185 0.8363886576633838 0.1134903501275644 0.32722268467323257
4 0.9598458881834394 0.8412411770647447 0.04964754676089784 0.2760537583506239
4 0.08529248436661255 0.832995300629392 0.09224537584679508 0.24922290131663216
5 0.03723859327620162 0.829050334669248 0.07447718655240324 0.2085814385692653
6 0.025918739260443097 0.719115529999203 0.051837478520886195 0.10890413692148307
7 0.005891685469764693 0.6592696312908957 0.011783370939529386 0.05892387796640664