0 0.6361100710476049 0.38799178325987377 0.39649946878653464 0.2332891816244935
0 0.6448338892241736 0.5818657037834524 0.3721248206521909 0.22665996362198548
1 0.6440785893163183 0.22547687039632885 0.3538355978764679 0.17027858666663456
1 0.7116620116629377 0.7254216568621737 0.2793669070899074 0.13116016342834114
2 0.6362034743044204 0.09557810180389577 0.4060478400693188 0.16467055857984456
2 0.7551158090800398 0.8284585990891811 0.17191674334126525 0.09910698883269038
3 0.61978031112242 0.02864181167654963 0.34052216070637853 0.05728362335309926
3 0.7177551137300839 0.8989539613628008 0.1383134371700894 0.06308515927558361
0 0.4089213395178082 0.42212320043754653 0.30715396116574417 0.15239461092340767
1 0.40026453467383993 0.2983251235144696 0.34611977952110595 0.16252059049665135
2 0.3751169933488309 0.180609806885456 0.4273462688580519 0.16150223939748637
3 0.3375047180184031 0.07471363708089877 0.23078570411916088 0.12030557357717112
4 0.35049076523401534 0.018445526010411214 0.21540460739110756 0.03689105202082243