0 0.4158993702804882 0.38819808285770974 0.3754630344775079 0.21572260237953353
0 0.44780648592562994 0.5598115740551428 0.3609139773157698 0.21239448345969364
1 0.3663362383878417 0.24786503227134532 0.3386596823571328 0.1534698120793943
1 0.4492297046220228 0.7020236107845631 0.32158079880288754 0.14758380154470913
2 0.3415623386559815 0.1433281651901062 0.37623935914804313 0.13910761637845456
2 0.5001939515688683 0.8000582854871214 0.3711797063630286 0.1339918331487643
3 0.3434146061647787 0.06361612846068573 0.2997044445602339 0.09587066862594848
3 0.5328195125748569 0.8703251245705187 0.28262556100598846 0.08998465809126362
4 0.37106905855329375 0.022792719950591726 0.24986379814205464 0.04558543990118345
4 0.5580496755709573 0.9145347696141055 0.23113694986592995 0.06751893417951613
5 0.36734241989350547 0.006297178855382017 0.22747330132547242 0.012594357710764033
5 0.559876389031544 0.9493905388448748 0.18217816511837898 0.047611101882614054
0 0.837968451448122 0.34185531249112433 0.3143692603413491 0.14712166516171252
0 0.8499630231703379 0.4530949995314742 0.30007395365932427 0.14410163716387048
1 0.8166113505890394 0.23348160798761755 0.3143692603413491 0.14712166516171246
1 0.8593136702842948 0.5540260973819441 0.2813726594314102 0.14006417216117292
2 0.7893706145840025 0.1278968632904543 0.39331824270228866 0.14499362691313955
2 0.8572145531078175 0.6540938036885573 0.2855708937843651 0.13346881554363021
3 0.7662344579547374 0.059955706356304414 0.31829509097841324 0.11991141271260883
3 0.8737792940881342 0.7336983770764097 0.2524414118237317 0.12921642385779655
4 0.7416393069615849 0.027041646896384473 0.24529784469240049 0.054083293792768945
4 0.894931261958486 0.796784118309337 0.21013747608302788 0.10628856356305232
5 0.9078612940531889 0.8615339190021842 0.18427741189362207 0.11809286764914727
6 0.5866593309674806 0.0076792020615036784 0.07716481578111506 0.015358404123007357
6 0.8208298985817971 0.8892533300962584 0.1592633041085836 0.11322429411931759
7 0.7617415866449325 0.9123352358520015 0.08272838952077421 0.06998734636681164