0 0.5597183541883097 0.3894230769230769 0.3487332397001775 0.21153846153846154
0 0.5814864939372945 0.5576923076923077 0.3437576590776209 0.20673076923076922
1 0.5805898640278152 0.23918269230769232 0.3203602163869318 0.15625
1 0.6079936490423816 0.6935096153846154 0.29813799190029167 0.13942307692307693
2 0.5628166798850758 0.12860576923076922 0.3535103975961853 0.14182692307692307
2 0.584287134594838 0.7872596153846154 0.33816393494135555 0.11538461538461539
3 0.5199137601572577 0.04927884615384615 0.2822878643008693 0.0985576923076923
3 0.572405257728787 0.8521634615384616 0.2576617936603833 0.08173076923076923
4 0.4875190763648928 0.013221153846153846 0.22688492419329143 0.026442307692307692
4 0.5456119062009089 0.8966346153846154 0.20608975038299676 0.05048076923076923
0 0.39234197473914756 0.4326923076923077 0.2932463554351673 0.13701923076923078
0 0.39959165574059163 0.5348557692307693 0.288354718970043 0.1346153846153846
1 0.3504883569792306 0.3233173076923077 0.2912622300684817 0.14903846153846154
1 0.3958981128135799 0.640625 0.3003739497392738 0.1346153846153846
2 0.3543497882211065 0.2127403846153846 0.3923077126874521 0.15144230769230768
2 0.3709896752891132 0.734375 0.30940172525263365 0.11778846153846154
3 0.29482980580994556 0.12740384615384615 0.2152320044654733 0.10576923076923077
3 0.348904804705653 0.8161057692307693 0.15695208767114105 0.0889423076923077
4 0.29979394876547033 0.054086538461538464 0.17833487058346018 0.08173076923076923
4 0.3647930748449809 0.8774038461538461 0.1610042825619446 0.0673076923076923
5 0.37741135238326806 0.9290865384615384 0.14451313611474986 0.07692307692307693
6 0.417605183739196 0.9483173076923077 0.08374542900913931 0.057692307692307696