0 0.4787669878385792 0.6494887676867059 0.2713661075578621 0.41291212284881923
0 0.6769665165349662 0.6936318039807525 0.2114612905777129 0.2523275610740349
1 0.31515269799141027 0.6797962852103004 0.21269457295368135 0.377243616916603
2 0.19212401364194795 0.7019154687948557 0.20935572101379882 0.42755649783250804
3 0.08989060732406692 0.6959439959501459 0.14928529082122777 0.34381106882336876
1 0.3320917644187916 0.43664534216923667 0.20116495564038714 0.3936508192063655
2 0.2034859951880224 0.43215432974662005 0.2276514844585315 0.47862487616530175
3 0.08722707006066314 0.398076933266803 0.14987057271016666 0.28139501298080066
4 0.042323385711200825 0.4229243019679011 0.06716057656752429 0.2448870654742637
2 0.9508759277865823 0.6924261023144186 0.09824814442683551 0.14518468937420656
1 0.8573120610260557 0.7431548744786736 0.08431872606929093 0.09179640904499865