0 0.6112835239719748 0.6053336889155988 0.33483575674203875 0.185605734742949
0 0.6106033622598979 0.42870694674818427 0.33964344904973104 0.18571763502350463
1 0.6367425181018154 0.7561055998636224 0.3266591545945653 0.1301494227836539
1 0.6285604564167132 0.2873555998636223 0.3094965571920994 0.11052700257094045
2 0.6387985233457639 0.8738940614020839 0.35529551198725484 0.11880159369775684
2 0.5944721210027697 0.19285027296987228 0.34998430819124865 0.0898435395710473
3 0.6115258429005912 0.9626330065605504 0.2800629732762459 0.07473398687889918
3 0.5668969124617557 0.12733097527297055 0.26762414960008674 0.0518835424939105
4 0.5774043612569465 0.996761926437233 0.2310629458040806 0.006476147125533989
4 0.5445699687807085 0.08716396247200901 0.22646504994985245 0.03410546703226517
5 0.5741355138608178 0.06021910845625048 0.1710087512486195 0.023203229190491594
0 0.28893736325777963 0.5846152162722225 0.3000490097394861 0.11991858662521396
0 0.2905920254713322 0.472920295328793 0.2999650911581004 0.11511089431752165
1 0.2873456399802663 0.6999159064464211 0.3145140459532559 0.12265813362072683
1 0.27552466283469385 0.3668433387880344 0.3190699825167912 0.10834695697820539
2 0.2892547877067901 0.8092909064464211 0.3768042494997917 0.11209360649871823
2 0.270219542330865 0.2694036443468485 0.36221333541394346 0.1021425210416669
3 0.29441305069319407 0.8983171393491455 0.31906998251679125 0.10834695697820525
3 0.26891880431938725 0.19488441357761774 0.2755909552940963 0.09532062368397455
4 0.30402235201640126 0.9622668183011218 0.244173118131325 0.07546636339775639
4 0.27044150536868394 0.14445959448712628 0.2199248601393993 0.07239915507297028
5 0.3538466689492542 0.994719746317094 0.13490909965023443 0.010560507365811898
5 0.28025179008436363 0.08701906242606862 0.16994760239694398 0.10007035597329074