0 0.3334502951491464 0.6255366666272438 0.4010195090264954 0.2143949276705809
0 0.3468196455444452 0.44508011179084117 0.37091149945641 0.19795473117221035
1 0.3108409567164545 0.7872079554690651 0.350509318495014 0.1559126934712378
1 0.22446213224074124 0.2817366866110134 0.10288374334814804 0.08364680884072215
2 0.30941510374743764 0.9140822517377529 0.4047462335968658 0.14775960855465306
3 0.3305849686063409 0.9837526068244659 0.3217241873414529 0.0324947863510683
0 0.5336603864273516 0.6177697483227718 0.3265613009498573 0.12795754609745996
0 0.540359772275357 0.4997291468373985 0.3317896118321934 0.1331014250010346
1 0.5545000767049159 0.738945345811391 0.3546860829407406 0.14903734160558185
1 0.6365724610306275 0.3952035824863561 0.22193406061054113 0.10630645736291446
2 0.5587231531928791 0.8565404440605763 0.42073191952450106 0.13932087702485638
3 0.6111882400484347 0.9542335198201075 0.22674175291823345 0.09153296035978488
4 0.5850771969830503 0.9984105103948645 0.1984971056333333 0.0031789792102710104