0 0.42062349474408756 0.36860105105974567 0.37815245921866053 0.25550611746813934
0 0.4038396135726484 0.5501466492092854 0.38253953295170906 0.25106273029941006
1 0.4010489303272075 0.21400835556037262 0.34843564692250684 0.18878074561947747
1 0.3788830914963661 0.6935950140362498 0.3281533312551279 0.175304294294394
2 0.4112816221997861 0.0958735202582408 0.37728180076866064 0.19096657645325635
2 0.40804361922791865 0.7918063325802718 0.36493239541809086 0.15898796617532987
3 0.445206800333547 0.03585476954636469 0.3086828314363247 0.07170953909272938
3 0.42485474160890146 0.85949626140222 0.29404944522592574 0.11302230961446141
4 0.4626096188655253 0.903821125429478 0.2146026568549857 0.07834727354489683
0 0.6095651484090447 0.4123586871867128 0.3383996437324783 0.1832444430338588
0 0.5996931424641014 0.5207870615887192 0.3321197864135324 0.16605321481797256
1 0.6390286095123925 0.2927666313287283 0.3270113408252133 0.18954521864798948
1 0.6161582895678049 0.6260098346495053 0.3181173280650995 0.16976799170877535
2 0.6349433791055551 0.17692663452040902 0.42577934242022764 0.19941732015058017
2 0.6295886626556965 0.7242032218182344 0.27953592430954405 0.138189549320398
3 0.6988567015153844 0.07771205743596177 0.26051546436609657 0.13913617491839153
3 0.6525744877119641 0.8071538455012196 0.1624688346263531 0.11021545675451322
4 0.6959428828391736 0.026409732996262033 0.2140915942870369 0.052819465992524066
4 0.6525586870160238 0.876118842309539 0.18242097571239313 0.09262406064907826
5 0.6352354120215081 0.9270370615887192 0.13527573377806262 0.07233623875200507
6 0.5941144961221491 0.9410420392469544 0.06847910403831911 0.04578350399138715