0 0.35778261209887663 0.5842944262930552 0.24136454640069124 0.37030822772906
0 0.530982224918892 0.5934591949690701 0.23596818136545503 0.3629847889869659
1 0.2104857894872949 0.6105159482413994 0.16748314360267466 0.34699510813611123
1 0.6729318377389075 0.603351315468696 0.16694362611880081 0.3109933659686967
2 0.10702229275065295 0.614123727350267 0.16821888532906326 0.385400696457372
2 0.7775481023088024 0.5709253575838134 0.15865265595734876 0.3563866921903847
3 0.04444736968865038 0.589527774287126 0.08889473937730076 0.3002589785477566
3 0.8597448545240233 0.5486183355768155 0.10812312821507511 0.2664372819730769
4 0.013393593931165052 0.5592289266718483 0.026787187862330104 0.24636726063814096
4 0.9094161491628987 0.5426636653934287 0.08074885455386421 0.22501239595491462
5 0.9353678962489198 0.5480578292349885 0.0519518559513804 0.19555079056570518
0 0.4307796172429969 0.16032230097168768 0.1633624345098666 0.29651433890534207
0 0.542264127033071 0.16132638867954013 0.16076236411350592 0.2940545426112181
1 0.31958944381669474 0.15571244403306597 0.17175131842649313 0.3111052662492523
1 0.6462181843759998 0.1547627990569175 0.16012453614229172 0.309525598113835
2 0.21014090931727247 0.17724018383237172 0.16144895059622427 0.35448036766474345
2 0.7471061883381159 0.16495611322425147 0.1561017408046581 0.3251366921903847
3 0.13633304101867813 0.1815712950086537 0.14933180607181903 0.3009863303713676
3 0.829131293932657 0.15944803922403775 0.14393544103658285 0.2936628916292736
4 0.0747406277318292 0.18660379281650635 0.11818011655915929 0.24267857113600433
4 0.8920483200395215 0.1675807451220612 0.12038773847049072 0.240330675122436
5 0.035113536710912996 0.21519917597045937 0.07022707342182599 0.18174316518568379
5 0.9432404517409272 0.17238743249070435 0.09782115711697213 0.1990176893848291
6 0.0258418420690534 0.33553135901346154 0.0516836841381068 0.08564526917211551
6 0.9391934755136243 0.26605350728028765 0.08786247926022821 0.16519599281014968
7 0.004918688338115868 0.388891550590438 0.009837376676231736 0.04886022504081197
7 0.9499374470725925 0.34018108706757394 0.04714456037585398 0.07787422930779925