0 0.5817307692307693 0.35674304103909615 0.3581730769230769 0.21557274459862386
0 0.5853365384615384 0.5404272596660072 0.3581730769230769 0.21557274459862386
1 0.5949519230769231 0.19731915036341133 0.34134615384615385 0.1593042263960039
1 0.6141826923076923 0.6841798548351423 0.3269230769230769 0.14163725474980227
2 0.5841346153846154 0.07895880217498566 0.3701923076923077 0.14656124661148423
2 0.5817307692307693 0.7870315025775577 0.37740384615384615 0.12053896320381587
3 0.5540865384615384 0.019349311935219736 0.29086538461538464 0.03869862387043947
3 0.5480769230769231 0.8575012312904898 0.2620192307692308 0.07295319003420257
4 0.5240384615384616 0.9021705430085182 0.21634615384615385 0.05586995930840999
0 0.38461538461538464 0.4006756278961602 0.3125 0.14079720618052358
0 0.39302884615384615 0.5143682918717734 0.3125 0.14320105233436975
1 0.36899038461538464 0.28139337282057103 0.2980769230769231 0.1519763883804758
1 0.3798076923076923 0.6245133363936121 0.31971153846153844 0.13400569200362447
2 0.3557692307692308 0.16197110965010206 0.40384615384615385 0.148521359939801
2 0.3293269230769231 0.7320208140783949 0.31490384615384615 0.133725675813865
3 0.3016826923076923 0.06896744563105069 0.22355769230769232 0.10677075282381841
3 0.35216346153846156 0.8160272756385756 0.0889423076923077 0.07489183797208991
4 0.3112980769230769 0.017843103340031814 0.1971153846153846 0.03568620668006363