0 0.3872054773164218 0.4219562160703444 0.41584779133257466 0.2519954487682539
0 0.3481561722785293 0.6014752850351913 0.4108720057269411 0.24945171305556876
1 0.3873142339902876 0.2653914645629566 0.37989117899022296 0.183778474328108
1 0.31962149500336245 0.7511910838049296 0.3556846241538203 0.1806751803800667
2 0.40105614108019505 0.15498940343458226 0.39811338843334537 0.1699149556403872
2 0.3285480330770524 0.8646614664916353 0.3952052623856759 0.16263347239942924
3 0.4364832035373881 0.07894063625424921 0.3104488137919663 0.11698611912993509
3 0.338457860947054 0.9466856719348073 0.2953533636771248 0.10662865613038537
4 0.4702546030065051 0.04379222607901053 0.2710292555254513 0.0678600243617194
4 0.3501914451030728 0.9778592962419922 0.2488903602470126 0.04428140751601553
5 0.47014528636619934 0.028132253689300772 0.25201711957529366 0.03612041090578282
0 0.8050715081571698 0.5087857280174088 0.3337138221733227 0.17523798505759886
0 0.7848997524377942 0.6250225425818497 0.3478007125005171 0.17084996142642367
1 0.8177795854680953 0.3959448483454786 0.32376225096205585 0.17015051363222858
1 0.7676361227660882 0.7341177634641716 0.33304144898155824 0.16562260044221425
2 0.8077351709664529 0.28123757019213996 0.3603242231635716 0.17841122378505966
2 0.7386054022720631 0.8392574912186267 0.3399168008472142 0.16102474247278037
3 0.8294955763413042 0.19395182664298213 0.3278975700779834 0.16067501857568295
3 0.7350419363489991 0.9246639744595847 0.30525439490572137 0.14562243863783061
4 0.8348157852177849 0.13509256826346114 0.2707600822621695 0.13262398095672653
4 0.7218965924768507 0.9616454012623887 0.24710834730226075 0.07670919747522256
5 0.8235024343066188 0.09020174574079022 0.21400932102490808 0.07579673427103578
5 0.7088940719113082 0.9929653460418083 0.21148792155579124 0.014069307916383441
6 0.6886096397529874 0.0730287118574341 0.07201430465004403 0.06926614613143857
6 0.6172117314692721 0.9966888942684982 0.17716170221018063 0.00662221146300368
7 0.637658097294695 0.04384569594097412 0.05473364166196777 0.027981092839536894