0 0.5798684158589567 0.6284236594693778 0.22436407982581458 0.3619074537947388
0 0.40164332531337066 0.7024840678098018 0.19104146009681217 0.20755778846027084
1 0.7427004513057196 0.60393581231765 0.16440781553849987 0.36566616383511036
2 0.8710614138085204 0.593277528727122 0.16312308585536564 0.40408574300595596
3 0.956701432486522 0.5675397159156008 0.0865971350269561 0.3478741770722522
4 0.9974269275430674 0.5235571772045919 0.0051461449138651225 0.27913986888100367
1 0.6492374566047266 0.36746557755182263 0.15980995756906596 0.37279378371526317
2 0.7777732810560762 0.3628169093459101 0.17752043912485996 0.48602630869018937
3 0.8813042788838827 0.2840476236323486 0.11049975211617472 0.24699655719209937
4 0.9546334371255829 0.285150731774717 0.09073312574883428 0.23227976523417262
5 0.9935431857399524 0.31570840347828527 0.012913628520095153 0.1492902172826186
2 0.14221205138266174 0.7959999381876279 0.06445845382374629 0.06839863386570581
1 0.2457872703363049 0.8014072271493746 0.08361927827509597 0.0663304620374025
0 0.5211691350463951 0.3468528814970042 0.12676711695774154 0.22805950299617997