0 0.3836667972694267 0.4278595869679395 0.36200341019403237 0.272515193114544
0 0.43033981369126156 0.5962736881477896 0.364365300844434 0.265485807222487
1 0.33595268720053895 0.287180792842061 0.3376013342923861 0.20819366741972828
1 0.4371815465608574 0.7388471528779318 0.31589679306869667 0.19453506352516323
2 0.31245884585170497 0.17593047302136677 0.3712411952784173 0.2083399572386241
2 0.4881657818329593 0.8215604104572802 0.3518426040338707 0.17803658283661752
3 0.3227097542475135 0.07868796967546096 0.2940663853346743 0.15737593935092192
3 0.532986564874483 0.878286741768025 0.25779891550976003 0.120451863396067
4 0.3391730629612519 0.03128444334230907 0.23603843361481142 0.06256888668461814
4 0.5488283349756125 0.91436236545101 0.22400521767776574 0.09386326588486327
0 0.7823276592768889 0.3327184142801519 0.31352091725048037 0.19916060326337395
0 0.8046055923809848 0.4416559642317407 0.3134789617470358 0.1919490648018355
1 0.7684282247917172 0.21713371495076206 0.3351695178029104 0.2032038225425543
1 0.8380488596624596 0.5399762904357963 0.3239022806750809 0.193041980218725
2 0.7401546614708207 0.11105539257672327 0.4001013342923861 0.21292963422624922
2 0.8395234935117711 0.6360390603049019 0.32095301297645773 0.19766751995693574
3 0.7120139572441647 0.06059210548326007 0.33987931393589904 0.12118421096652014
3 0.860228896591852 0.7126157634643083 0.27954220681629605 0.16332092627574907
4 0.6829440407129741 0.022412761563590393 0.26492654296440976 0.044825523127180786
4 0.8774070515744439 0.760801694201265 0.23142653365652613 0.13046741590100033
5 0.878944618678922 0.818402925608832 0.19784261334175404 0.1399365106974892