0 0.2608895014981456 0.6144179220119599 0.40911494559927253 0.22098938672083668
0 0.2529074922079344 0.424709874834757 0.38999613730251237 0.223169462615662
1 0.2620814827930259 0.7693680994467151 0.3510274607105857 0.16024989337999784
1 0.24570589552843874 0.26982962560594564 0.3267650773041062 0.15516248824852946
2 0.2759381271913626 0.8845289445723097 0.38848135076604307 0.1390628185134241
2 0.28353194343779436 0.1540673979092326 0.38356169752434177 0.13660302979482283
3 0.3049752417810109 0.9574686399525196 0.31848659604213453 0.08058731491454332
3 0.3114890376665713 0.06965306970084112 0.3071391308769579 0.09487053542573237
4 0.35920007444638674 0.9796618389193732 0.2634747229113479 0.034298869779159046
4 0.33650881434128554 0.024610609729231427 0.2547550257680353 0.049221219458462855
0 0.7427586361923333 0.45624936297315166 0.2999868868097714 0.1476432656808372
1 0.7762016380385994 0.6925107404030121 0.34348003944702027 0.15295444107132666
1 0.7674195107225396 0.3394390542525923 0.3453240809308213 0.14096318158447338
2 0.7612121285907822 0.8080072409171379 0.40815996373284835 0.14890197338782968
2 0.7677620213792617 0.22891807374042447 0.4129676560405407 0.14895791595258492
3 0.7645050343620053 0.8920579424546204 0.3475040052166494 0.13618346055915856
3 0.7709265747286901 0.13518205938161326 0.34979589043648657 0.13380758568769016
4 0.768219450599436 0.9412668604025225 0.28701267417411647 0.07541599593594238
4 0.757178577337015 0.06927208912748727 0.2574420881842518 0.1111100615727257
5 0.7627996433799462 0.031079646109792233 0.2340160978554921 0.06215929221958447
6 0.6429432184896656 0.02417579175440746 0.09872894763605335 0.04835158350881492
7 0.5920442527200364 0.007516696371750024 0.051488417636850414 0.015033392743500048