0 0.5794587675750177 0.35200192501616573 0.27786501685885345 0.40998099925456527
0 0.39484010466207586 0.37503238673342043 0.27260948081512504 0.4000294280432983
1 0.7276278749112356 0.31803660229133257 0.2012185283434517 0.35909703009531324
1 0.24194561875499865 0.3847071079728803 0.19791899471753324 0.3396981675666029
2 0.8410828211478693 0.31039603394353626 0.19820221097990343 0.3972223819609694
2 0.14800465801150425 0.4512166370985723 0.18825094356249172 0.38933847030766644
3 0.929522872526334 0.32639896388068385 0.14095425494733205 0.3409759006175314
3 0.08288020391698767 0.49338502475622054 0.13418742444343412 0.3088854341278257
4 0.9619073054650121 0.3745934402728777 0.07618538906997575 0.27975363366845996
4 0.04992777056437162 0.5318130565514588 0.061788823565679385 0.24631842079522534
0 0.7130699958606209 0.8285682633704283 0.19529122669566917 0.3347223819609694
0 0.5976590472061771 0.8385465044891303 0.19540318762967793 0.3229069910217396
1 0.48859359673837577 0.8515493050378924 0.1928873805418229 0.2969013899242151
2 0.38042051981529884 0.847767205834217 0.1928873805418229 0.3044655883315659
2 0.9209415586613351 0.7902824949153562 0.15811688267732976 0.41097308569228186
3 0.9645186819990907 0.7744976382923802 0.07096263600181849 0.3408583473022605
3 0.2928217433310992 0.8736717269664012 0.18058493351022206 0.2526565460671976
4 0.9997663144988914 0.7685215295740649 0.000467371002217148 0.28550287243119854
4 0.2302394295942663 0.8960292555254513 0.14709571483004177 0.20794148894909734
5 0.16978105967625695 0.9119569354550333 0.14301245466606047 0.1760861290899333
6 0.13981198256266542 0.8411945338981428 0.10974715785389827 0.14424724258069935
7 0.09701361487195156 0.771113302174422 0.04618021505346506 0.06552567936294032