0 0.5649298123382616 0.4721297583933453 0.4322499104992765 0.2907634739967339
0 0.6237265260844835 0.6555700271471488 0.31092941259555107 0.23856876732290616
1 0.5615442498735933 0.3061912288685128 0.39329800979753454 0.2233094918701458
2 0.5419941699250512 0.17530855251922384 0.43156332401655817 0.2238200868280048
3 0.5126081018628577 0.090845494746231 0.354591488581977 0.12959535462073146
1 0.3279545435758178 0.3973330405450624 0.40310961865543365 0.22644194830191822
2 0.2881925731839331 0.27701237440915166 0.4722324843894281 0.22451283435534547
3 0.22402427039039263 0.17419202809393516 0.2561808652731292 0.1531949467025053
4 0.22939585943771099 0.09357210565534824 0.24901848205526086 0.12398448771738832
2 0.7510576312032391 0.9179743332471888 0.09463281072523316 0.07645118353235685
0 0.27870067177597246 0.5266301378948957 0.21791555105410537 0.15268435174464629