0 0.6728150075519016 0.5658769465798641 0.4068077892290582 0.2617708574890884
0 0.6206671170282506 0.39328952094454916 0.37670156252898634 0.23980058671594173
1 0.7248347442511178 0.7156138481124519 0.3717775706673044 0.19650338466433334
1 0.7138119107174122 0.21660598657154287 0.10854568412593579 0.09014507283454479
2 0.7475301530425461 0.8368262655462281 0.4103791172237227 0.19935477133622143
3 0.7492446914172081 0.9282143763159484 0.3199204290286278 0.13104011286293507
0 0.46352852980196135 0.586353279941751 0.3172128581441319 0.16704186260587214
0 0.4507985258631171 0.4710385927630796 0.3102813358723529 0.17176564106643172
1 0.496621222001058 0.7002282881432895 0.35212677715189594 0.18906807594377392
1 0.3457886069205104 0.38205517021251956 0.2011519108260078 0.11284259694950932
2 0.4998758494193974 0.8180587066053175 0.4341375625724248 0.19482679185230503
3 0.4701185213812946 0.9266513527640586 0.21909889866196905 0.13226916515692175
4 0.5050205861186137 0.9683410481442686 0.21221479347197025 0.05531811695146707