0 0.61460935293312 0.3268097519025653 0.26621951104626096 0.4095223245126775
0 0.43412607084273536 0.385957333864602 0.2541443301367525 0.4060669319222218
1 0.7648487326094554 0.26187757449359117 0.19080507803258556 0.3645411981441592
1 0.2837458108766563 0.39309204893760735 0.15508107668846177 0.2726545604293445
2 0.8834754413130346 0.23584226477115552 0.19153242985619665 0.3957911981441592
2 0.18633409150560934 0.3992057289202995 0.1327191094802353 0.239511776843447
3 0.956369103197062 0.2398245206255004 0.08726179360587594 0.3036648298413104
3 0.12011742693333373 0.45196938896531363 0.08296368219497877 0.1631902064816239
0 0.6290364496123936 0.5326992839840468 0.17828229600085493 0.341855036322934
0 0.5212829987414 0.56019204806738 0.17325080313205168 0.3318190331329056
1 0.7552943228295945 0.5240618925534914 0.18241858662521382 0.3134295010514242
1 0.41800254427548134 0.6246289636043455 0.16793955956185924 0.3097637991736465
2 0.8674358399561972 0.47811966374166825 0.19471957797393186 0.42965535358532725
2 0.3271889217010156 0.7072451019354707 0.15077693564326944 0.29386855723931593
3 0.9550303195865921 0.5130816776616828 0.08993936082681568 0.25402529775982896