0 0.3916798070960059 0.4100005323043732 0.3963837208734425 0.24118470410097004
0 0.4377038722491994 0.5824526649976326 0.3834402173382179 0.2261317259845873
1 0.33909082593633827 0.26683548429258175 0.3457811891983989 0.16186800264333115
1 0.46039882194678905 0.7295963121465348 0.3297244934264706 0.17300537174193392
2 0.30947628719084574 0.16226306579063193 0.38378059127694036 0.15667214800037124
2 0.5150226771161677 0.8292401689117731 0.370991133202715 0.14402301603783485
3 0.3128062485163418 0.08249521187839483 0.3085842974415768 0.10481581776361346
3 0.5530668189084841 0.8959860609551323 0.2986608219041943 0.09950420450127649
4 0.33008100887355557 0.03437229151469296 0.2538511365249739 0.06874458302938592
4 0.5775512753215802 0.9393233926533358 0.24229404213873998 0.07977973593514666
5 0.3177232465712583 0.017576863497435168 0.233388003606213 0.035153726994870335
5 0.5777357613936477 0.9610209981572816 0.2275019930715281 0.03588060397261035
0 0.8089173017576748 0.35316121142723217 0.3148392801203968 0.16503795184842845
0 0.8293015695402801 0.4642471662684419 0.3067034688928646 0.15023693420936807
1 0.7860521650907238 0.24099931374776043 0.33120406681432313 0.15870827505751814
1 0.8533061257276322 0.5681266934577553 0.29338774854473554 0.156304428903672
2 0.7539567574608858 0.1353509524075487 0.40812714373740006 0.1627396426946751
2 0.8536518068120518 0.6702901549962169 0.2926963863758964 0.1521266377892855
3 0.7261137415168814 0.06493368080988592 0.3493565178180996 0.12986736161977183
3 0.8743764485333797 0.7486722262831813 0.2512471029332406 0.14062154959398343
4 0.6917828322969022 0.03340022527289832 0.2633733569014967 0.06680045054579664
4 0.8960334337748824 0.8109202658058591 0.20793313245023518 0.11065179521916345
5 0.6575593864184911 0.005881974742328706 0.20454184976005918 0.011763949484657412
5 0.9123820789604463 0.8741812580474679 0.1752358420791073 0.1157216696234624
6 0.5305406539171423 0.01346634311020855 0.07069669244966931 0.0269326862204171
6 0.8295395672118603 0.9007920928591991 0.1614875456739645 0.08991948474374457
7 0.7673010760144273 0.9269671076452582 0.07473415745236686 0.04464479177521952