0 0.7184599777339825 0.5736949545019527 0.4247695927964487 0.25722685661678024
0 0.7025123506413458 0.3750571373857588 0.3907798638405755 0.24884009995119255
1 0.7408947111444466 0.7361071909955902 0.38043341922678475 0.18128057517120383
1 0.7053180018462661 0.21176348723908456 0.35136334351261284 0.17546555297432676
2 0.7387904727407562 0.8585774286055958 0.4159313068644319 0.1705205067634545
2 0.6504840118985359 0.10088132194411749 0.41067577082070356 0.16073723383320582
3 0.7161448950227121 0.9325662895573602 0.3468849061522523 0.0793117068204806
3 0.6122233759625346 0.03400866857882744 0.30920709422877696 0.06801733715765489
4 0.5836307911815748 0.002884584814975576 0.2606230330214658 0.005769169629951152
0 0.20696759051027308 0.6575549130296081 0.3463317293369024 0.17048997235177027
0 0.19836648215566474 0.5330585779742006 0.3439278831830563 0.1704060281943382
1 0.2033255462276326 0.7872786611798683 0.3562829967543141 0.1780372874430371
1 0.1789218219133964 0.4139995164072261 0.3578436438267928 0.1690095119296771
2 0.18349573964550403 0.29509307594927353 0.36699147929100806 0.16942923271683752
2 0.23017942260410512 0.9063377227468428 0.38859331170005207 0.15036635180093244
3 0.244767127000848 0.9538270367217413 0.3086472895587319 0.08277629260925952
3 0.16393240154005537 0.19969472721231618 0.32786480308011073 0.15349516095998303
4 0.14402655277788448 0.12816695169895617 0.2722010479093556 0.12470241685957689
5 0.1407599802764899 0.06948258132330562 0.23066389768991694 0.10885228926015453
6 0.2607580132979556 0.04369273014580198 0.12355113571257803 0.0763125924869889
7 0.31739000604452533 0.012915860678710157 0.058587995164379854 0.02124542900913929