0 0.6336413613300425 0.5624154998243392 0.39924106969539114 0.28449856113318905
0 0.5919073026173766 0.38928478262153765 0.3942235430494402 0.27692271753268743
1 0.6956903333544803 0.6968293810866728 0.3513297598308898 0.2041145853899623
1 0.5733723680901378 0.24317869357007416 0.3468018466408755 0.2133656648663837
2 0.7239676802291511 0.7966248592218739 0.39219514444627446 0.207211179071149
2 0.5162488673693132 0.14556904626865202 0.3823699254926314 0.19927103033168425
3 0.724133293441573 0.8733657835754692 0.31104965710444404 0.13870014427825694
3 0.4690683645980523 0.07718778932763969 0.29676646974020626 0.14241492116905988
4 0.43914731540702295 0.0429931630984552 0.23569108898217933 0.0859863261969104
5 0.44136343778552894 0.019610166928472013 0.20861927827509597 0.039220333856944026
0 0.18994763526075148 0.6847828040165159 0.3346427263128058 0.20764720971128353
0 0.1692665231344264 0.5712197143267164 0.3295552548874354 0.19766751995693574
1 0.22398979079206943 0.7925363622664747 0.3346427263128058 0.20764720971128353
1 0.15051452808760024 0.46652546759908226 0.3010290561752005 0.1919490648018355
2 0.2631194177487577 0.8903102307620856 0.392125199666855 0.20480733291730283
2 0.14841257161435045 0.36343331183791994 0.2968251432287009 0.19140260709339088
3 0.3063315655653604 0.9302096389959071 0.30547257222313723 0.11189353144698636
3 0.12301943561333539 0.2837062208714481 0.24603887122667079 0.1681644813340269
4 0.3197754155765642 0.9627705697328638 0.24582181070708323 0.040214177471735994
4 0.10452308656647102 0.22386536450422373 0.20904617313294205 0.14361542483770637
5 0.09238607680131958 0.15515566517483398 0.18477215360263916 0.1512271311887936
6 0.16611380443401738 0.10254285923616434 0.16744839088845048 0.14940560549397788
7 0.2186708064844536 0.06857850206923354 0.11563867084871063 0.09990732461178788