0 0.6294157860928368 0.5621561363680148 0.41090748126690413 0.27391804320401153
0 0.5845067894632224 0.3815049375664867 0.3986784540442093 0.2616890159813166
1 0.7026193824974207 0.7050651879419598 0.3856102410076578 0.2013830656816986
1 0.5630907835930627 0.2316841458580304 0.35431828171696506 0.19843374874884562
2 0.7295983479077436 0.8115328302997996 0.404631213784963 0.18969950923801038
2 0.5059588430329309 0.1317506100184663 0.40695114135742333 0.18493377622101093
3 0.7341393881181099 0.8955625474576829 0.3268269917573363 0.1378760427050706
3 0.4603845810444087 0.061554551075004196 0.2954511138852579 0.12310910215000839
4 0.7080807973342151 0.9428781200099576 0.2535787062932454 0.07171341783043936
4 0.43096589348172426 0.027341702673389343 0.2438374438057823 0.054683405346778687
0 0.18671556381574 0.6612018200563029 0.35672212787081103 0.1984757080395383
0 0.16909079046110415 0.5438119717794234 0.3381815809222083 0.18624668081684348
1 0.2159305382171377 0.7772428877388347 0.33491967532342437 0.18848268980791835
1 0.1447735102409618 0.43491950362239085 0.2895470204819236 0.17823791583214132
2 0.2549706936873842 0.8810968874893643 0.40711897852019463 0.19454916083639573
2 0.1444737119139346 0.32917125249850654 0.2889474238278692 0.17338826423375614
3 0.29851874313829574 0.9332052559961622 0.32425530844071904 0.12821869879899322
3 0.11627792707351962 0.2503478409098975 0.23255585414703925 0.16276585664174353
4 0.3123124307009802 0.9690111925596976 0.2653042220276264 0.0550962912069806
4 0.09630678696344847 0.18580064872694033 0.19261357392689693 0.13801408716150393
5 0.08601397040480116 0.12228754245813503 0.17202794080960232 0.13042491508372994
6 0.48039284466209325 0.9768913499035071 0.07742658841139093 0.03018885114832442
6 0.14740204920144115 0.0911485239770445 0.18677452547386705 0.09938471153719412
7 0.2176800380873328 0.05747978147002933 0.07519057942031605 0.039762276473016216