0 0.5783813215391255 0.54183919488525 0.22327959166169528 0.37826536011355405
0 0.40426330481514944 0.5243455509948025 0.2209037158434787 0.3829330443263665
1 0.724736233567445 0.5813756241745073 0.1606257548157325 0.34818284195437244
1 0.2564547366892406 0.5281483565222158 0.14848065753616851 0.3258481860953581
2 0.8326995329732999 0.61113295221261 0.14881630156372366 0.3835404937876659
2 0.1605596161399682 0.4892775264712527 0.13194742298335616 0.3753488986619689
3 0.9228647414942528 0.6022768794238496 0.10993520806774135 0.309184979654205
3 0.09221083018522297 0.4656235264060953 0.09060654266226847 0.2912379918182438
4 0.969865608004586 0.5779121061890786 0.05428313216609509 0.24346479347197011
4 0.05027638158715585 0.4452371296049528 0.06392648711710924 0.24883251815918164
5 0.021766673123706528 0.465016076944796 0.043533346247413056 0.19977553841810028
0 0.5758314324783733 0.36055882241218506 0.15584603284366977 0.35271051807230513
0 0.46771429622655564 0.35724380206639 0.13658729327727095 0.34678276100557465
1 0.6948847503489245 0.34281111402332887 0.1555523443195591 0.3022297488415359
1 0.3706382303520824 0.3148372068320976 0.14845268720053895 0.3210404937876659
2 0.8041129060868693 0.3616811303216841 0.14890021257061237 0.39796357071074284
2 0.2738138974982754 0.2291613808285743 0.13878136191389512 0.31086507679276215
3 0.9016295047475087 0.32836657170982275 0.10945971236203834 0.22745421042343578
3 0.18612246097024254 0.22585821475322423 0.09242301176789319 0.19041646145158503
4 0.959126020090409 0.3586602235865544 0.078139786522964 0.21361487442076801
4 0.12234361947033809 0.24278958311369198 0.07309434636242036 0.1724694736156238
5 0.9926609923178297 0.37713280256592996 0.010594346362420463 0.16882926314874985
5 0.05861372605778541 0.25130748993569807 0.08504365129257715 0.16115028332079184