0 0.41107304572474257 0.4382752624514954 0.4346918339847913 0.27891014349882515
0 0.4681511969164813 0.617528646394818 0.4244040761776422 0.2690709583223293
1 0.3280063267518493 0.30055866480689075 0.39118749658501883 0.20589955663899603
1 0.5108568111678133 0.7634079348856834 0.3765963263640008 0.20316000964348319
2 0.2856704057626998 0.19439878799476473 0.4245051561429828 0.20187516629519264
2 0.5812824661623817 0.8580791023221684 0.4044339204225078 0.18940833440373966
3 0.2759292311570793 0.10674232858979679 0.33136051600214683 0.13970885725876092
3 0.6245346636152422 0.9256935154623392 0.3186689120411516 0.12981372194198734
4 0.27961081036185403 0.056093708938194216 0.27081062224483987 0.09750066927670961
4 0.661827785666158 0.9597380076590808 0.2536980525547048 0.058703429973504646
0 0.8289566698483006 0.3381719067128198 0.3420866603033987 0.19292917348504296
0 0.8461700395205564 0.45056519947067236 0.30765992095888733 0.190469377190919
1 0.7923018543564093 0.22594646437580063 0.36440900229682893 0.20047641278824818
1 0.87051090100538 0.5594646232783113 0.25897819798924004 0.1847105324985045
2 0.7368288261700766 0.12129623641212545 0.42226940328707757 0.20422306230876103
2 0.8778987694398246 0.6663518519140486 0.2442024611203508 0.18213883592382493
3 0.7009562604766955 0.0660727694653844 0.36345098249185254 0.1321455389307688
3 0.9085686795719958 0.743833425300854 0.18286264085600834 0.16402505962051295
4 0.6683867840845016 0.02987520180699764 0.27427356816900317 0.05975040361399528
4 0.9328087410746987 0.8070317971152771 0.13438251785060265 0.1413833417108976
5 0.9531068467507501 0.8546890941401167 0.09378630649849985 0.10689024345288473
6 0.501344746383529 0.01388753083424126 0.08442026199782732 0.02777506166848252
6 0.9182131725329781 0.8909995670181083 0.16357365493404374 0.07614379471538459