0 0.38363217940559813 0.6237128538795006 0.38721671387650214 0.24595898748845493
0 0.3665831702002823 0.4350927891204626 0.37016602054055814 0.22574816159352742
1 0.38297401220441035 0.7836386271577098 0.35283561438083816 0.18149887416013838
1 0.21078155278363805 0.2840953358289147 0.09472899488321627 0.0895949310849263
2 0.39827650039175383 0.9128713096182915 0.4056642872006983 0.17425738076341693
3 0.42744348191993614 0.9758085545209833 0.31085137847034916 0.04838289095803351
0 0.5873305906943391 0.586264691742995 0.2948356225823768 0.1516963721907162
0 0.581447688145737 0.4716619751506634 0.2996433148900691 0.1519763883804758
1 0.6172099978578364 0.7058732585148935 0.3335209313029361 0.17316727093956175
1 0.6357028963668552 0.3569536916995567 0.18646674668265653 0.12856908484420365
2 0.6398359096362287 0.828667570232922 0.41759960412279623 0.17325986195266113
3 0.7059967793664392 0.9311454891972477 0.21531290052881064 0.1302491819827609
4 0.6907485496132229 0.9805623418240577 0.22193704206041895 0.038875316351884785