0 0.3736228668830505 0.3814790179008256 0.3628456226326885 0.21852956068951812
0 0.39070248987332523 0.5485728579710829 0.3729652871418964 0.2261328960507143
1 0.3241418607985231 0.24926338929584493 0.3399168008472143 0.16486135150558717
1 0.3853405376555791 0.6938096518289463 0.32034984502056285 0.15927006539857905
2 0.30115370238897365 0.14952621614573708 0.3797736256749521 0.15210341140605582
2 0.4339052672763955 0.7877106658097601 0.3674182083098391 0.14680597297379122
3 0.31623211918744504 0.0710094192460793 0.30463256169662717 0.1058957038893916
3 0.45401880630457553 0.8599995066404661 0.2754502212545911 0.0999126208827258
4 0.3482720456944804 0.028927796051724016 0.24201500838135637 0.05785559210344803
4 0.4762335115570198 0.9022402705480952 0.23256771706391285 0.0694013302130264
5 0.3387154377367312 0.014529206434875706 0.22127139946911697 0.029058412869751412
5 0.47466189521791424 0.9418547574740995 0.2207165795926232 0.07131543024230041
0 0.7770570241593167 0.3194973950294929 0.31090255370311937 0.16128211465276762
0 0.7850337791029952 0.4282357250675491 0.29821094974212387 0.15117698391281073
1 0.7690802692156381 0.21075906499143687 0.31760981227083435 0.15436442386597243
1 0.8081059841615151 0.5267709751407339 0.31486977952110595 0.1494587823333657
2 0.7447220944312244 0.11347471260763241 0.38010981227083435 0.15691110371374814
2 0.8025001286718225 0.6240777697590458 0.3122978400693188 0.146956986954605
3 0.7246085554030444 0.0555782726241871 0.31660125248318766 0.1111565452483742
3 0.8159316791236227 0.7062268682674226 0.27265964852219216 0.12856287627905078
4 0.7032595866316409 0.02050211763736037 0.2425192882751797 0.04100423527472074
4 0.8272703000261239 0.7668882752285556 0.2402329954366045 0.11046261327823988
5 0.8276235199383761 0.8303942998556498 0.21273158797397956 0.12851799181003598
6 0.5538596685059619 0.009854176016931875 0.07497297068038382 0.01970835203386375
6 0.7404632251908203 0.8770917534968863 0.16655423115707946 0.11944541807512284
7 0.6768706187542031 0.8952634333446619 0.08917741432284906 0.0755436074873904