0 0.5378808154385653 0.5490122502768535 0.3621592095388959 0.251318158304229
0 0.5589517101676417 0.3735780631655152 0.3717745941542805 0.25193434014822486
1 0.5437347602447641 0.6951077065479725 0.32484273851041867 0.17689209177385998
1 0.5961781793225558 0.23552709628872262 0.3198672090399549 0.1669686162364775
2 0.5430275355951634 0.804405683817473 0.36575008241649604 0.18191471076468838
2 0.5822735102409619 0.13797069947752355 0.3437378334156452 0.15889368623108246
3 0.5079470735577609 0.8882930895022277 0.2831801273718702 0.12860024201380107
3 0.5750978477779387 0.06759639705255836 0.27567487387548195 0.11131118255388092
4 0.4723360370945207 0.9337959794559433 0.2319860501993228 0.08449990271743821
4 0.5723102847156798 0.031639719666637686 0.23438989635316895 0.06327943933327537
5 0.485221516615132 0.9521794986512183 0.1928531630866992 0.04357363687991649
5 0.6003950880371852 0.013156807883975831 0.1860192582413962 0.026313615767951663
0 0.37287559628238365 0.5103625409319352 0.3441574263225735 0.18293214776954406
0 0.3951335177352141 0.4044858468211364 0.3367360914075709 0.17045078061731628
1 0.3229314847696295 0.6204146039980682 0.29118889235657236 0.17473545531987475
1 0.37057937812408376 0.2980072699690481 0.30308224525372474 0.16829414416333102
2 0.31387373751760655 0.7266459711502958 0.38489693306587963 0.17833938214498785
2 0.3220497159105312 0.18946337849617997 0.2789179058431848 0.159542151091803
3 0.2643492189117808 0.8126595726779673 0.20866089660263945 0.12382483272283332
3 0.34150517794793356 0.1065772683079186 0.1650559915078661 0.10182124519408284
4 0.27882033841772796 0.8777640464122434 0.19398606393540552 0.10847748303376265
4 0.37492216471079176 0.04920919304597114 0.15274304570378552 0.08422409481216496
5 0.2850668131933313 0.932590371567708 0.1646783578916305 0.08018662980946746
5 0.3853137962039937 0.01891022161172121 0.15244933066893568 0.03782044322344242