0 0.43184954249642526 0.3954036878534653 0.42390767665113027 0.26673492850336555
0 0.43535143513072716 0.5765791218721971 0.39696144800417793 0.25573376126270814
1 0.41663825887990336 0.24238151636825106 0.36496578819149517 0.19412584455262039
1 0.4068525571427043 0.7189201875230489 0.3383975002605263 0.19033621577350163
2 0.429060984413328 0.13635521431205588 0.390652214451836 0.18108855025481624
2 0.4308654646329554 0.8340477316206999 0.4002675990672206 0.18159247120946084
3 0.45077392234620023 0.07037031451030573 0.31981707546163124 0.11025341126461154
3 0.4529886685432892 0.9131175834106586 0.2865411700237686 0.11570122638489376
4 0.4827900253974514 0.04088403785156192 0.25884928156413356 0.044729885536743764
4 0.46037895574353516 0.9576160165080311 0.2542833281144793 0.08476796698393776
5 0.4462027284881384 0.9761828340810083 0.2268331785128823 0.04763433183798354
0 0.8535134684962397 0.49974790992391216 0.2929730630075208 0.18224281564133504
0 0.8462576579509307 0.6107708746457914 0.30748468409813867 0.1804688706807947
1 0.8540327218798106 0.3833503418203655 0.2919345562403788 0.1842687210791977
1 0.8431140929958567 0.7171751174179699 0.31377181400828663 0.17578715861176328
2 0.8368380797061881 0.27562330654224465 0.3263238405876238 0.18337663778928542
2 0.8344988840752982 0.8206086029623272 0.33100223184940375 0.1711054465427324
3 0.8504473958876098 0.19350948578584987 0.2991052082247805 0.1697196639174596
3 0.8434298089949395 0.9072100546201194 0.30297993076542384 0.15491864627839919
4 0.8534079314961468 0.13701910117046523 0.26098072400208905 0.13114236683654418
4 0.8334211512346451 0.9514054839431315 0.23934610861747366 0.09718903211373696
5 0.826403823539506 0.10204246251067696 0.187741738858038 0.0601812476076783
5 0.8280993163530241 0.9803146279086159 0.21784769509080348 0.0393707441827681
6 0.7028628179033937 0.0775886241851118 0.07172722228011708 0.04211496538271199
6 0.7371311032228538 0.9856364627902371 0.17863027519729804 0.028727074419525805
7 0.6571691681429827 0.9955089186925861 0.08855414535704015 0.008982162614827871