0 0.45209548745531364 0.61401748599552 0.4078023536274425 0.2881175834106586
0 0.42312426845397605 0.4273465791661017 0.39571319701913765 0.275468451448122
1 0.4403341809355072 0.7757101903061602 0.38334433705453697 0.21474239640866236
1 0.38432089473612446 0.2774313667666541 0.35208035188672215 0.2107008071522212
2 0.4565317714607644 0.8847651288998652 0.40250518044623224 0.2037310075487209
2 0.39941525971431163 0.1628026328140057 0.4048810562644488 0.19904929547968975
3 0.4837284768599216 0.9460666562289586 0.3252464594956002 0.10786668754208287
3 0.41072204828013714 0.0792349285033655 0.293940518824341 0.1307542045012765
4 0.5304146770944219 0.9806602433631214 0.2551573215030621 0.03867951327375717
4 0.42175612607357427 0.04254222419272531 0.23821851708362074 0.05333742824283912
5 0.5207083888882411 0.9964112236017826 0.2261293604753159 0.0071775527964348385
0 0.8564730776784296 0.5438360122444406 0.28229888758610966 0.19502814946181685
0 0.8427282813943704 0.4264935923509351 0.29426217768408125 0.18604266603973804
1 0.8690159508855658 0.6611154420186153 0.25581462439035746 0.18643082837500585
1 0.8337771922501886 0.3118069790885981 0.2653460979988536 0.17251167240657345
2 0.8539145933234713 0.7769460990481869 0.2846747634043265 0.1903464373927857
2 0.8007177157284714 0.2078797942088804 0.2869667282156541 0.17124164840067768
3 0.8690850753694905 0.8558899705994845 0.2533548375652522 0.1766894635209598
3 0.8036320205075576 0.12026538983215693 0.24844924908285648 0.15961057996671452
4 0.8879662154048897 0.9169939663549275 0.21472547708993625 0.1458276258562276
4 0.7990760612205315 0.07674419858560383 0.2191555698666292 0.08117574017970372
5 0.8648499735870554 0.9638740771645694 0.15419578304152365 0.06815888912046776
6 0.7542101172549658 0.9665503918336891 0.08212235392958352 0.06689921633262176
7 0.7035545334265115 0.9915413713765724 0.04581292860122506 0.01691725724685529