0 0.4135399975052957 0.4111012505214355 0.2468883054420042 0.37399467062763353
0 0.5834368275505553 0.45656535128243997 0.23946697052700158 0.3619334843549583
1 0.2788975499523873 0.3430033962322072 0.17911906093669067 0.3471607782365114
1 0.7286387437594369 0.470632607781389 0.17874142732045548 0.3255261628518962
2 0.1809692470050874 0.3063723120441083 0.17494075798939088 0.38319050020857415
2 0.8226675624411178 0.5240696372946888 0.1650736176298492 0.3687114826142381
3 0.09795263611600946 0.31069751606219004 0.12294945429367973 0.29635835014600187
3 0.890358971657223 0.5713432145774106 0.11038475274544214 0.26503842430692803
4 0.04711521291435116 0.3308365198457717 0.07382354894943587 0.23598249294355228
4 0.9355075574466395 0.6016570096889686 0.09073439060774455 0.2408880814259481
5 0.02941428103218866 0.32831379976549974 0.05882856206437732 0.235926552272293
5 0.965639552951102 0.5970241319789612 0.051517584913735155 0.19739508797168062
0 0.32585709228832194 0.820488516630409 0.1735980606872203 0.3062674232854974
0 0.4371114473085077 0.8502355117678932 0.16870644979814223 0.2995289764642136
1 0.21569976211832714 0.795806737372467 0.17140401098683827 0.31827266888691325
1 0.5402880151157745 0.8607665241975723 0.15875539085721505 0.2784669516048555
2 0.12036412213299118 0.7483723306598751 0.16988130993754155 0.36873945294986754
2 0.6363369630428886 0.8670558429384835 0.158545594403751 0.26588831412303304
3 0.061196532219708034 0.7131249767302916 0.12239306443941607 0.30124995346058314
3 0.7176271597213831 0.8925549531584418 0.1432413723761246 0.2148900936831163
4 0.031106496005938282 0.6913155467479911 0.062212992011876564 0.2480157088805977
4 0.7785895623189174 0.911995499906433 0.1209354083404238 0.17600900018713397
5 0.0034622652367075116 0.6322604865488903 0.006924530473415023 0.12990558848239595
5 0.8433675306006851 0.9193608752139343 0.14472211413472827 0.1612782495721315
6 0.01484602335336842 0.5421791890348261 0.02969204670673684 0.0795506857619598
6 0.8803902865943124 0.8669883211648579 0.11587596028857441 0.16652268750267998
7 0.0019605438327572186 0.48801573215030625 0.003921087665514437 0.048146848915997145
7 0.9102015041264016 0.8118676816401739 0.06654025849086655 0.09412759953099936