0 0.4803915330101861 0.3977503037027584 0.2635989535039978 0.4054438048669683
0 0.6784837131030714 0.3696706923502871 0.2262515644231401 0.2975179376437521
1 0.3145108811889593 0.35234242039356073 0.1957875962517131 0.38670745503592063
2 0.1843254401728226 0.3332066578073094 0.1995345489244726 0.4253230389584581
3 0.07718639801180457 0.32154394248516355 0.1450549945486476 0.376260961893404
1 0.363350960760392 0.5833265778459276 0.19131568057374915 0.39601474872930736
2 0.2318949197157424 0.5964886928756005 0.20943230042383784 0.5027082522645319
3 0.1142056695405551 0.6261230579407674 0.13297469495604816 0.23637574858733038
4 0.05223603935802147 0.6029641294545249 0.07005497416888772 0.2203513358321267
2 0.954994697746969 0.3550110200187434 0.08900337651567615 0.1448146680580404
0 0.47715973389845046 0.6829607459749565 0.14423842830839012 0.21551136050770972