0 0.364480170644049 0.6112340327704634 0.4080915706238662 0.26094209679105107
0 0.35568000448182246 0.43326755906796305 0.41289926293155854 0.26122211298081066
1 0.3435004218025131 0.7657802270910161 0.3654297893159347 0.18658658265759015
1 0.33176857519256525 0.2885230529642246 0.36062209700824244 0.18630656646783067
2 0.3394638955918899 0.8762171420730593 0.4036113115877137 0.18401901986797442
2 0.36839703257499123 0.17379218254745823 0.3887682103799974 0.17596743283715716
3 0.37308330050963134 0.936547016602423 0.3097687205746142 0.09470410497280732
3 0.38043885030988167 0.09043946595512663 0.3067811335003587 0.12567408878304792
4 0.40251319527619434 0.9659769113689861 0.2484362024154324 0.028843910695693118
4 0.39553825916646734 0.04126338272197945 0.2520764128823065 0.0825267654439589
5 0.3889449028614428 0.0207956883905672 0.2317255788924991 0.0415913767811344
0 0.7965650288750574 0.5141972072664801 0.3367236435646606 0.1873103316728792
0 0.7863884903049233 0.4009945716229462 0.3312159107825695 0.17501108471388896
1 0.8018638710900594 0.6288817821766967 0.3268282427595165 0.18194260698566767
1 0.8001104051783711 0.28879570118446074 0.3382874411492284 0.173027262844682
2 0.7774646566191838 0.739306842888295 0.3630259431620884 0.18644657456271055
2 0.7831542067017827 0.18916423962428006 0.35243050188254554 0.16905961910626832
3 0.7881893732983918 0.8225314056561918 0.33065587840305055 0.16539570009850435
3 0.7880544900225745 0.10502962423966467 0.30619739257994966 0.15678408068816815
4 0.7829153611995104 0.8719502599049177 0.25828418613879645 0.11566238842391413
4 0.7810874049394605 0.052193305983515126 0.25191269624653667 0.10438661196703025
5 0.7739921660319117 0.02267618655145985 0.22605412947463813 0.0453523731029197
6 0.6779783279729454 0.02230245777337033 0.172889497900263 0.04460491554674066
7 0.604439153867873 0.0065255954080455135 0.09400630764886951 0.013051190816091027