0 0.478166978345958 0.6776736971059312 0.2731540638845652 0.4196575646404651
0 0.6578913447787106 0.6697916007171746 0.22836419441888722 0.3684840478823554
1 0.3248603419836781 0.7018914723973211 0.19490657250755575 0.36833775806345936
1 0.8366831501443113 0.796816049173318 0.09939134778925543 0.105479489947992
2 0.19875653102801236 0.6935303855764615 0.19804616038779044 0.4067992965249981
3 0.10382918557292434 0.672003358443603 0.12563663777471673 0.3391990245795137
0 0.4662956100399035 0.4737110791679712 0.17690230397554474 0.3526396131540116
0 0.5833727091077285 0.48855509417244297 0.17292866388158118 0.33322669135376076
1 0.34330700770872025 0.45961360581671856 0.19333677856743833 0.34910698883269026
1 0.6721927237891097 0.39136496554413913 0.12524458602185307 0.21733148101128633
2 0.22022029325627973 0.4443142093885429 0.19480826202021553 0.425665760616804
3 0.10650378229912194 0.39747365273085195 0.139029834973716 0.23987685924330948
4 0.05349647717141416 0.4065963737636703 0.057544445229131554 0.20742351675810988