0 0.2882164787962493 0.6214495847743996 0.37293320808500063 0.21316471076468838
0 0.2977279868151666 0.43995920015901496 0.35825817068460136 0.2074327456910023
1 0.2730051951797274 0.7736316791606335 0.3337260098107794 0.15075787500355028
1 0.2971882901930274 0.289179656430134 0.29754233726442586 0.14604334693471976
2 0.2792293349705449 0.8849788295425512 0.3732056118008913 0.12693434014822486
2 0.3377131701635486 0.1832402386915419 0.3611863810316605 0.12616411284323004
3 0.30505707389847314 0.9607198097083798 0.31387556100598857 0.07856038058324034
3 0.3731835081586974 0.10471398353068219 0.2868033521203751 0.07827351824403062
4 0.3535851494299944 0.9909057905840933 0.25429354973376345 0.018188418831813307
4 0.4011324679052969 0.0546487685634789 0.24290422015783852 0.06348146917681863
0 0.7482380666611348 0.6569589059403149 0.30222404933345715 0.14394759170287147
0 0.7507423390054317 0.540141299287278 0.29691243607112017 0.13402411616548898
1 0.7494025536669379 0.7728056577079272 0.3308182427022884 0.14098844492716667
1 0.7696326035913377 0.43281547239969537 0.3304403019863052 0.1337769064656282
2 0.7909897044504202 0.32444176789618856 0.39078841630978134 0.14243573529829454
3 0.7933731073656981 0.23294156858903575 0.3128574974774151 0.11827551131555868
4 0.7882351320324267 0.16990240947553942 0.2377083655148788 0.10148087125536022
4 0.7198516264852378 0.9871037797157631 0.24859377413615882 0.025792440568473844
5 0.7922664996695836 0.0929793325524625 0.20873623143006353 0.09722847956952663
6 0.7178732491390141 0.08580007710764874 0.1555996555681258 0.08903178711985729
7 0.6384152350137876 0.06020686185649142 0.05970799151088631 0.0421586295255134