0 0.6554155303194998 0.7166106999292146 0.22300175249831858 0.3736329695291198
0 0.4579639591082329 0.7152436694583344 0.21752168699886193 0.36393366633234964
1 0.8165319992848274 0.7318492532519875 0.15434931380709735 0.3532273401589515
1 0.29679695016023483 0.7337009215801005 0.15026453467383993 0.32914691932979695
2 0.934006825797359 0.718871042088999 0.13198634840528184 0.39864866133787136
2 0.17779832886988517 0.6840322752256641 0.1299241256900833 0.381611941807484
3 0.9923421183526138 0.6861314872694037 0.015315763294772466 0.33265387362601145
3 0.09147850061203505 0.6542508503999133 0.08300738234881798 0.29436017232724454
4 0.049881966147250524 0.6272989479271142 0.027601367495085613 0.25737937562430974
0 0.6286134459392942 0.21285807318102046 0.14819687511587615 0.3339126523467964
0 0.5063534786890228 0.21980568931404715 0.14752450192411154 0.3242972677314118
1 0.3833623615893513 0.19908809503249664 0.1469696820476179 0.35069761613302664
2 0.26274982065219077 0.19784085914151756 0.14088425668899696 0.3956817182830351
2 0.8733014737377787 0.20573318306968189 0.13982515691867986 0.41146636613936377
3 0.9513303520595804 0.23346803946702469 0.09733929588083913 0.29507348026902247
3 0.1717651233932544 0.18473068681427318 0.12773891281684854 0.35036194180748403
4 0.9887706957378046 0.2171716908159394 0.02245860852439071 0.2865612037960063
4 0.10281000477245097 0.19676481393667297 0.10418825782228028 0.25391438061878807
5 0.05017752933474729 0.20129368756268445 0.08657140823832186 0.20798954795155417
6 0.047008466698761055 0.3108575043708022 0.05787687434017898 0.10665037587378023
7 0.030610013541655882 0.36890646603399896 0.013817717063912882 0.060263991008925134