0 0.40815852397197483 0.5820864056301813 0.19577814685084244 0.34095852262040616
0 0.5849461145063992 0.5839836857043799 0.1933743006969963 0.34090257248012834
1 0.2570518906052098 0.6048420336984506 0.13783408341437775 0.32519264233066253
1 0.72487270291779 0.6095847314144224 0.12560505619168275 0.3128936608600429
2 0.1404443724983249 0.6063536924249999 0.12880612886869283 0.35862268792339747
2 0.8275667388820894 0.5687173369209394 0.10207010614153535 0.3411803133034189
3 0.04838491071039293 0.5676144131401709 0.0819162325155238 0.28784809679658135
3 0.8921558903557394 0.5491778369795933 0.05977810564259437 0.2584983916879274
4 0.9303027341370816 0.5302537885813027 0.042321793205278894 0.22204904839829054
0 0.43377381243478064 0.3963188501006941 0.1200420966515195 0.2695125298102565
0 0.5420098282938969 0.3974068630189632 0.1152344043438272 0.26940062952970084
1 0.31765490946304076 0.3569371491417198 0.14146691558267085 0.2579968503035257
1 0.6487502060412401 0.3816959279304482 0.12480782966851905 0.26722058393696596
2 0.20498883491246778 0.37759565188862165 0.12222397976754679 0.3945125298102565
2 0.7425631449772794 0.38311964169038404 0.09874315559244697 0.28823974777852573
3 0.11145471465810933 0.32325934767393155 0.1023340284700471 0.21864010959754288
3 0.8329861944281909 0.32810892097521294 0.09398958915980196 0.15356841302286328
4 0.038242305192533715 0.33097544233701914 0.0633270192295018 0.18649490735309834
4 0.8957589298176943 0.3422792173279907 0.048484349399496605 0.1621207449729701
5 0.9509634727747702 0.33618467179390943 0.07691091033872209 0.13875368511784197
6 0.971180285336821 0.39222745528707187 0.05194934440501807 0.08530956833044866