0 0.4489609696513202 0.5544975406849971 0.23731488011731236 0.39248664667023125
0 0.6190046572140045 0.505507015944113 0.23006138236508086 0.3895363428079403
1 0.31052393605952483 0.6215527743303131 0.17182360389376655 0.3539146811403827
1 0.7606008041921171 0.4815388604985461 0.16187254495283937 0.33395530163168696
2 0.20540507429603289 0.6668271027721178 0.16283760863877447 0.38924376317014864
2 0.8560623220495316 0.43458929618082165 0.14807885739015483 0.3689200785224899
3 0.11625297015026105 0.6615475170737053 0.12290749500298691 0.3021947066738279
3 0.9227616046421778 0.3946332550045683 0.10106308316490734 0.288536102779263
4 0.060754712158335354 0.6537177954025507 0.07154558066766821 0.24788873348394566
4 0.9650346141347284 0.37332566260005373 0.0699307717305432 0.23346565656086873
5 0.04051083665876079 0.6660833999354518 0.051937177820663497 0.2247968975434776
5 0.9826513155582307 0.38009975101318116 0.03469736888353863 0.2050196706042636
0 0.4385395454517802 0.37114976762421104 0.16436030968807103 0.3389451465088609
0 0.5476418100622767 0.3472368257127994 0.15951065808968595 0.33617699521605154
1 0.32313395042181836 0.3786911678824036 0.16862253121675672 0.30805945164782406
1 0.6503987849626154 0.30454849599432243 0.16436030968807103 0.3389451465088609
2 0.220335016230787 0.4189756514470344 0.1606015996476996 0.39867699521605154
2 0.7388646441041329 0.20156392848491717 0.14462602896898794 0.3086417721068544
3 0.1236147196525876 0.39380983114937435 0.11679906468381684 0.2273111707656341
3 0.8190997752231292 0.17863489433036137 0.09681302822057675 0.18258471944055066
4 0.056852498123902105 0.43016010309485847 0.09980430444412243 0.2164207181638784
4 0.8842343974757859 0.1869379288005127 0.07712070679218641 0.1546851911923904
5 0.028425937184676564 0.4563843954670989 0.0438444942545756 0.17376967060426374
5 0.9408087006725563 0.18746503572538795 0.08930777472418819 0.1652113386551829