0 0.5972436301478079 0.39790579165989864 0.4010670140600142 0.27723111426646313
0 0.5495189813606975 0.5737562541528504 0.40095505312600505 0.274827268112617
1 0.6731690004468465 0.2596176244811443 0.3691979149956168 0.2103101485373235
1 0.5128652093310889 0.7176843434540376 0.3424197245012822 0.20124958379843277
2 0.7067734939883833 0.15543704336738917 0.3875329967543139 0.1924241256900833
2 0.45321027136627595 0.8153004893066835 0.3775817293369025 0.1845402140367804
3 0.7080083781898302 0.07748013666533031 0.306190776865229 0.1436078160887952
3 0.4068621149117974 0.8844319379003931 0.2915437780741339 0.1377915639934561
4 0.6924986530511867 0.03700419704988102 0.24659513329476795 0.07400839409976204
4 0.37611262518749033 0.9273144420910714 0.24922290131663216 0.10368397792845677
5 0.7056374931605075 0.021265762072092756 0.22920840554779978 0.04253152414418551
5 0.37641886079234144 0.9464611646728701 0.23060460329556476 0.06404578638133038
6 0.7217663173635482 0.005636643734610216 0.15552556785628888 0.011273287469220431
0 0.20304582204156235 0.3476002324691558 0.32307699433650394 0.1975009912610573
0 0.17019540784091255 0.4613121515493249 0.3276607647761782 0.19302948554924734
1 0.22261910192905382 0.2360147496045859 0.33738811032557187 0.19610570489485804
1 0.14488596519808536 0.5623912433261342 0.2897719303961707 0.1925252056554239
2 0.2728265966794957 0.1354652077129352 0.40480776356727327 0.2032161633910558
2 0.13892901635312688 0.6624029986576614 0.27785803270625375 0.18961707960775426
3 0.3039975968700103 0.07436817078765971 0.33912019087536394 0.14873634157531943
3 0.11156137399157105 0.7434949013629661 0.2231227479831421 0.1620486588125292
4 0.33429924285828133 0.04101700456339558 0.27370920659112963 0.08203400912679117
4 0.0882473445968205 0.8063058179675132 0.176494689193641 0.13738836406497348
5 0.37765410129169263 0.010599234378136155 0.19661487433969166 0.02119846875627231
5 0.07264867786664894 0.8650066854474677 0.14529735573329788 0.14979432141275678
6 0.49625262263804576 0.012793243892775854 0.07961013933929315 0.02558648778555171
6 0.12480205510390589 0.8957694388700144 0.1679399758218989 0.10758419041384297
7 0.19065425526948104 0.9223128265276628 0.06932298911985454 0.0479758431115825