0 0.37260559066169446 0.3680121601073355 0.237398798698698 0.39459605656359203
0 0.5510986157613559 0.344555754990489 0.2422064910063903 0.39490414748558994
1 0.21991940060177084 0.36063411948774793 0.17671521478284458 0.357091073884772
1 0.7006615684334777 0.3240584966493473 0.17140401098683847 0.3279368291166203
2 0.11240277597661018 0.3850290964732945 0.16275369005738877 0.38260910881108595
2 0.8119998420350493 0.3564619952011834 0.15301242756992542 0.37478138850555165
3 0.045790141734163806 0.4213501399892099 0.09158028346832761 0.3186618184399582
3 0.8933949369402758 0.38093031010591705 0.11565399725075555 0.29795147582133663
4 0.024581202548654126 0.47773306126302645 0.04916240509730825 0.253543045602976
4 0.9495286675847713 0.40498307074708484 0.08360677072759187 0.2502758079052732
0 0.4269654882672853 0.8383634959394622 0.1542833728750653 0.31003158781270446
0 0.542517940814672 0.8343225661967237 0.1691260427050706 0.3313548676065524
1 0.31837281843728005 0.8422220020870607 0.16684807442330296 0.31555599582587873
1 0.6531578028276344 0.8325339806840453 0.16457010614153533 0.3349320386319094
2 0.20796373252312828 0.8289865491382005 0.1719914410565379 0.34202690172359895
2 0.7616875337216004 0.8155287998835798 0.1676872602371594 0.36894240023284025
3 0.1246534065992005 0.8483104826078315 0.1496015584394516 0.3033790347843369
3 0.8482050156147154 0.8312299014112513 0.14761730519253374 0.3375401971774974
4 0.9158064229572574 0.8203558783684041 0.12695992007820842 0.25785631851094676
4 0.0702521734574658 0.8651839878041856 0.11291447677136679 0.26963202439162887
5 0.9508929682868372 0.809368383706735 0.07589172077773955 0.22096751767612233
6 0.9599926748295532 0.7016574431666549 0.05962243506417791 0.11427401414089808
7 0.9754017950839116 0.646091331317264 0.029811217532089093 0.05713700707044904