0 0.41929219499105463 0.28756480665325973 0.26472379822245035 0.3882021080509009
0 0.6021546896527237 0.31595687576175835 0.2666655079932995 0.38107451374679446
1 0.2703146146747303 0.2543917501099427 0.19766331561461883 0.35228176964638835
1 0.7578655305392273 0.31891396706713426 0.18635343092824558 0.3255036853243523
2 0.1538050989436913 0.2572611186684758 0.18795476676037243 0.3879197411669203
2 0.8522639953999479 0.3803761027662649 0.18058918283783498 0.38526406254077783
3 0.06797137747394709 0.2674946467975693 0.13594275494789418 0.32382480217571064
3 0.9215295389868517 0.4223289318894562 0.11688910216656805 0.2894994027624079
4 0.0333861090027541 0.3230921800928853 0.0667722180055082 0.2598977514993652
4 0.9482190563790203 0.4549754481541173 0.0564239761762791 0.24421551221480703
0 0.3057044559445702 0.7688262647000512 0.17914189246670725 0.3252518528520562
0 0.4191169209472677 0.776858147991258 0.18108360223755654 0.3181242585479497
1 0.528816153377628 0.8054066677475891 0.1782785009228506 0.34920637023308554
2 0.08960252811852161 0.7419032183466142 0.17920505623704322 0.4146138813315242
2 0.6354792163017838 0.8064788450495536 0.18758579461623734 0.34473445455512153
3 0.03854408840900629 0.7071619276849614 0.07708817681801258 0.302022298476231
4 0.003149160064740715 0.7155906564292651 0.00629832012948143 0.2803571486799314
3 0.7217561690376785 0.8262514217648209 0.16783200778033402 0.2984737685300199
4 0.7851965833120345 0.8468214679756929 0.1408666824828925 0.2519612500326224
5 0.8456474101996172 0.8579020458073288 0.12715295164267323 0.22509922155315437
6 0.8789447409063785 0.7500075062294218 0.08354703174603191 0.1060515976532114
7 0.9094388127040898 0.704570994572799 0.03765902813981917 0.06367521820404921