0 0.5589860957440228 0.40627819484181177 0.41049244163734255 0.28752441257823863
0 0.6001255444789236 0.5931600126852978 0.4202338064913885 0.2904882911116039
1 0.5518103329499789 0.24635242156360265 0.3607879970771087 0.20794118185244606
1 0.6534204258410005 0.7359325511902747 0.35788022996861785 0.19818578914218185
2 0.5431704649824056 0.1275020450430978 0.4089909003926929 0.21314518990388762
2 0.6470073156921914 0.8436037455108274 0.38116281007511243 0.18516279316790255
3 0.4965678686982962 0.05984096777251483 0.31474720105733245 0.11968193554502966
3 0.6458530503056725 0.9135953001621253 0.30349407333935285 0.12072638838047567
4 0.45368680026433306 0.024133295702021943 0.2535274466825123 0.048266591404043886
5 0.46583712208186717 0.002720546730171262 0.21052039800988817 0.005441093460342524
0 0.38684380283777425 0.4802007088449579 0.3826745729390464 0.2140089470140564
0 0.42034611470474886 0.5903694619076867 0.3748331332842021 0.2015696919601863
1 0.3219655107321385 0.3694482148618199 0.32700817068460136 0.2035772223702832
1 0.4037455980569376 0.710689923424429 0.3434571530455409 0.19734574057290316
2 0.3027602955495797 0.2560355670759663 0.42809568938480097 0.21186140850907956
2 0.360954734194141 0.8373581662925413 0.3139810980060814 0.183646412665115
3 0.2405326992654704 0.17285729981461923 0.23276447134924094 0.14296845322639046
3 0.3908563876399885 0.9248303889886114 0.1859575722782136 0.11867368403905942
4 0.2498484657131284 0.09756802452354972 0.21745953275553587 0.1253014815801888
4 0.43114463956211363 0.9574460287013044 0.1656032025187781 0.05038593506720883
5 0.25188459277027525 0.0444033929491748 0.17913419615194276 0.07993212938776151