0 0.45667601960117266 0.6529861354480098 0.23470123751000216 0.38162207226966277
0 0.6292284515444353 0.6370662039859891 0.22968374874884553 0.36921039301540265
1 0.3107756918036818 0.6830837643469226 0.178825345901841 0.34345506853797925
1 0.7723202366343208 0.652347315646381 0.1617047077900678 0.32525457576345357
2 0.19697063311222493 0.6953977282120911 0.17705088910838723 0.379316536603157
2 0.8580195123589256 0.6113344652999861 0.14778514235530502 0.35292338415451935
3 0.10438059689845519 0.6854392487214302 0.13285855394391416 0.3228998848532774
3 0.9188770167297279 0.5910977988687256 0.09853335913898266 0.28169120699653366
4 0.04753355831218152 0.6603952867146431 0.07643719155674618 0.25348288112159384
4 0.9520273513952601 0.5649987844177772 0.07116794705143274 0.22664812494425682
5 0.9740456836882884 0.5199879147216665 0.03710667457501306 0.06303951748387385
0 0.4438507492477865 0.46830700770872025 0.1543672914564511 0.31745436457437093
0 0.5506750455765155 0.4686255249621615 0.15647742257544742 0.30082366573996266
1 0.33333676510690263 0.46288646178381465 0.1737658978499916 0.3286395431298729
1 0.6533690815408147 0.4386016289287538 0.1596365359617645 0.3442891207517081
2 0.22058677197494395 0.466885076231779 0.1726627897076232 0.4029625496565892
2 0.7445534815163746 0.36803126226556865 0.16427639110668552 0.33506618462135285
3 0.12177732392309468 0.44441680536560063 0.1392728658822888 0.2778154806577447
3 0.8228882779698388 0.3864277809165262 0.12704383865959393 0.26481512867594037
4 0.059696916830022984 0.4633534365986808 0.10789698801021033 0.2680530270435154
4 0.8777991058920649 0.36930632310974826 0.07045463910965456 0.1857827403288722
5 0.017860385236525854 0.47314066620082795 0.021706367381646243 0.1433967170170405
5 0.9343943887341815 0.3799272081934583 0.08922385614280269 0.16091022657668191
6 0.9661269205771491 0.4101223541153798 0.05995810938972049 0.1345170741280444