0 0.5349477638043267 0.4499712907810641 0.37824482134733756 0.22523750535422374
0 0.5390983404668774 0.6239727269966634 0.3781188411086764 0.2228336592003776
1 0.5680619133360337 0.30149588579406134 0.33928958355043876 0.16742764434664523
1 0.5522241789322225 0.7648245969522398 0.3313221636569332 0.15250028752974495
2 0.5908099076300312 0.18969176964888002 0.3862326844794114 0.14915489492085252
2 0.5240964704469155 0.8641892490833377 0.361564321747644 0.13545473117221063
3 0.5710547742060489 0.1062800674386995 0.3026122116687247 0.10738203048316178
3 0.5059569764833345 0.9340941508341524 0.30451213686792616 0.09793473916571817
4 0.5421354086212804 0.05962370071931095 0.2378445673728239 0.05974237396746158
4 0.4914811310602112 0.9733258640649733 0.23822250808880738 0.05334827187005331
5 0.5128059066578158 0.9924767049842546 0.1847079915108863 0.01504659003149091
0 0.36611673277076295 0.4719426527280017 0.34814908673385625 0.1536769406153329
0 0.36911304404679474 0.5758963638861803 0.33309610861747363 0.1406491500584553
1 0.3286425929799454 0.3583400502881382 0.27894146922696245 0.1584176195904248
1 0.3285881640762734 0.6816320879891108 0.3024760098107795 0.15048316795445132
2 0.3428511454968201 0.24835145375400908 0.38142499217171905 0.1488187083249703
2 0.2591541401402677 0.7865526155936707 0.2923567042407502 0.14019541014730225
3 0.2957037417809295 0.15819898630981324 0.21417382493106166 0.11077796307472454
3 0.25948953397548896 0.8722253406510916 0.18697563580678705 0.09450585987429495
4 0.3150451588214336 0.08837813120796907 0.21822563580678697 0.09669107274752985
4 0.27797464339357547 0.9338343341787156 0.16686300490538974 0.07633419041384297
5 0.34609596684415767 0.04832794309095494 0.15826568381857847 0.04938760282771197
5 0.29797662648523787 0.9746415021029046 0.15749958076732745 0.05071699579419085