0 0.2956730769230769 0.3808801847399377 0.40384615384615385 0.2639531416335359
0 0.27283653846153844 0.570789141703426 0.3894230769230769 0.26079341404772277
1 0.30649038461538464 0.2239951727369898 0.35096153846153844 0.18425849945991343
1 0.234375 0.7250234578848473 0.33653846153846156 0.18590646418179255
2 0.3293269230769231 0.11221121577350156 0.4110576923076923 0.18981185158028857
2 0.2692307692307692 0.8482444021146649 0.3798076923076923 0.16894333924692426
3 0.3762019230769231 0.05336975350431718 0.3389423076923077 0.08507090595891542
3 0.2956730769230769 0.9373705693553223 0.2980769230769231 0.11898693420936805
4 0.4326923076923077 0.029887981420546675 0.25961538461538464 0.02802894269848185
4 0.3137019230769231 0.9725242963501926 0.24759615384615385 0.05495140729961479
0 0.7487980769230769 0.45991592126602726 0.24519230769230768 0.16909998434343798
0 0.7680288461538461 0.5871256862522395 0.32211538461538464 0.17793904428828738
1 0.8125 0.35027362835977865 0.3317307692307692 0.17603911908908573
1 0.7764423076923077 0.7089608478567844 0.3581730769230769 0.182232594022051
2 0.8088942307692307 0.2371038887710177 0.38221153846153844 0.18830008871635473
2 0.7680288461538461 0.8202987631753166 0.40384615384615385 0.18462621855661282
3 0.8197115384615384 0.14752656907576212 0.31971153846153844 0.16819767943424152
3 0.7620192307692307 0.9125318895017405 0.34375 0.16945748182085324
4 0.8401442307692307 0.10893393956592043 0.2956730769230769 0.09963018473993766
4 0.7451923076923077 0.9547644035062206 0.2644230769230769 0.09047119298755882
5 0.7427884615384616 0.9852534112646116 0.22596153846153846 0.029493177470776837
6 0.6225961538461539 0.9932310527774011 0.11057692307692307 0.013537894445197853