0 0.35656963381699086 0.5994039789852034 0.3851526112090683 0.22255862929508569
0 0.380246078801795 0.41576152384722254 0.3774367928537065 0.21517924041271394
1 0.31344378632080594 0.7512928828606841 0.34696024601081166 0.15687148117735078
1 0.3844061079426181 0.2701889561888358 0.32208131798264444 0.14429274900534214
2 0.2940537204335006 0.8736372610755878 0.38542178447235015 0.15776668342179517
2 0.4291711450769489 0.1809399276640495 0.3664096485221923 0.1261250324398508
3 0.29504580687121723 0.9566768289685899 0.32609908378330144 0.0866463420628202
3 0.45671429588083906 0.11416376168899611 0.28148510663054166 0.07854965074732928
4 0.48232437375840614 0.07503182648317348 0.2368711294777817 0.05831177899156001
0 0.543792223878744 0.5905189610105774 0.3188370053390926 0.13221756809583363
0 0.5574500843196808 0.48128383636127187 0.3143654996272825 0.13691336012297034
1 0.5353035123327169 0.7119131917798083 0.35897947678004244 0.15715123187873942
1 0.5926585134962625 0.37375418605138944 0.3456154996272825 0.13764071194658156
2 0.5428600340315426 0.8276614830762292 0.40655211996314206 0.15105869622275656
2 0.6766415089328669 0.2745830520787399 0.3485236256749521 0.14490820054839768
3 0.5418937775516011 0.9275609738115389 0.2896546648970565 0.12673847410480804
3 0.6748930026544152 0.19629020165790656 0.2663391165330297 0.10219646130384638
4 0.5377754917520433 0.9779787583286861 0.2490584535449537 0.0440424833426278
4 0.6719678432903756 0.1348242743139963 0.17677497563162786 0.056913025484615555
5 0.6675886209025012 0.07693614113071637 0.17191674334126525 0.09039902121762836
5 0.5260726144301252 0.05197249239957309 0.06177708682556512 0.025437215045406046
6 0.645399185641392 0.04993433203563088 0.14586116222751036 0.06099336596869671