0 0.466923775461465 0.5714622698060811 0.3628146256671317 0.19650338466433334
0 0.4612061744111865 0.38992992826713 0.35311532720461425 0.18917996107328441
1 0.4326562452259396 0.7248888544165708 0.3403968143759432 0.12894395081524287
1 0.44507684926307545 0.243127485188249 0.3211101025804189 0.12391248824852948
2 0.4159140780614633 0.8352559928756619 0.3738828328355238 0.11491247184545236
2 0.4811197138642649 0.13899373237279422 0.3616678030896497 0.0979456923566411
3 0.43739569345831597 0.9256379795451022 0.30137585026685265 0.08041948722027789
3 0.5007272533418179 0.06831802673454233 0.28913284923860105 0.06104886157762057
4 0.46926106167062326 0.9779405066897542 0.23608040615971995 0.044118986620491595
4 0.5122569866694404 0.026390575454122673 0.23124474256965002 0.043550627723634924
5 0.44667626475048333 0.9971502974587403 0.1972272697448951 0.005699405082519495
0 0.6397070000734233 0.5482358175218841 0.3187342277089502 0.126288363119998
0 0.6407961959555218 0.4352830195734926 0.3330174482201392 0.11443696004503295
1 0.6747454247049608 0.6676178000905554 0.28991604514517416 0.12835655388531272
1 0.6827647620941938 0.32400765650244334 0.30663108309258674 0.11893696824657145
2 0.665228781643212 0.7792707754737022 0.38824996719384547 0.11027260723202549
2 0.7500296554130057 0.2178336842040513 0.29449996719384547 0.10918172721929888
3 0.7071291037065681 0.8686885949664293 0.2173531200117476 0.08905587695244623
3 0.7454029343754538 0.13005134266510024 0.17154018667678272 0.07650519181804089
4 0.6875075785878264 0.938162377527758 0.20265033026489476 0.06484958771971897
4 0.7194492820594403 0.06845956727705846 0.1544615220584612 0.05467477745678226
5 0.6592348360304136 0.9835178302954877 0.14467830974881088 0.03296433940902469
5 0.7093444000024475 0.026280374455240323 0.1494580307741257 0.03779191181510396