0 0.4159836774486611 0.38329216035794944 0.3398605548986685 0.22659817623625514
0 0.4145735854915827 0.5558539452067508 0.33485696414114724 0.22139803544353362
1 0.4003933901134952 0.2374424419433927 0.32078079964871303 0.169936145000191
1 0.3827991267021763 0.6935108055811128 0.29115105200324365 0.1483506848592458
2 0.40064644346266565 0.12527114730451722 0.3588505412105937 0.16346034826504108
2 0.41185953108922446 0.7852004510347087 0.34565591974238963 0.13363307320631398
3 0.43793668136867286 0.04602925407360237 0.27305078900243274 0.09205850814720475
3 0.42757839017069676 0.845419294623955 0.2697653998243566 0.09389627553451299
4 0.48285269687038385 0.006132900225956474 0.20609000912538306 0.012265800451912948
4 0.44611942468362265 0.8861130326186599 0.22541872758106685 0.06392193147694113
5 0.44214430078770317 0.9069381734113816 0.17925590453341764 0.04817444009993165
0 0.7036575319674419 0.39960493703716526 0.29404464428166194 0.1605661398709911
0 0.6961439655442757 0.5111629813266616 0.27932771968384174 0.15217725595436457
1 0.7123730214675311 0.28794878062641155 0.3035620796721321 0.15894719068720364
1 0.7135769360617508 0.6134491326082157 0.3005705381687994 0.14432788952161218
2 0.7236392809588381 0.1797021692039123 0.3732736181336706 0.16463769372012912
2 0.7175438796707859 0.7108049018389848 0.3632664366186283 0.1542374121346858
3 0.7236699034802299 0.0916674482247557 0.3001787412691417 0.13471250490622744
3 0.6998047910482411 0.7785785771311288 0.27123463819807314 0.1299539678422053
4 0.7270838644046125 0.0447297147906292 0.25661566282516735 0.0894594295812584
4 0.7030146732359103 0.8277593111637176 0.2200682243929029 0.10900633567247417
5 0.7070960337524773 0.008291862808825089 0.1706200121671776 0.016583725617650178
5 0.6957500700184724 0.8862365158260841 0.17267694589038085 0.12190877389910398