0 0.4170125580627111 0.5834246414765593 0.21331837786954358 0.39427913101010775
0 0.6091673095608011 0.627920968042797 0.1819127072911271 0.24528982471531655
1 0.2477931599607142 0.6116815274969204 0.15069249999746517 0.381965762243188
2 0.11686746315748449 0.6271834410216622 0.14887608391331866 0.41542338415451935
3 0.032313254865940805 0.6100128279712141 0.04918549075691991 0.3424743440575717
1 0.30930438686061845 0.34306420698161316 0.1511120929043934 0.4060042237816494
2 0.17806399537719253 0.3405372743525088 0.1471435864105578 0.45368869837354314
3 0.06816450424353215 0.3194174004638493 0.11017495629197799 0.2610377128244916
4 0.01652377122653267 0.3260400678317609 0.02549487012835581 0.2229198643364781
2 0.8901594705244668 0.6591473822513763 0.07425530844071915 0.12848288112159387
0 0.42741362637145364 0.2828703377463678 0.1169669018465882 0.23758792401357406