0 0.5638671293890954 0.4692086554517634 0.23043549733763508 0.3655005354213677
0 0.3951518569749085 0.4508410936391029 0.2346132884520216 0.3535932049326924
1 0.7088537800518316 0.4581425869453532 0.17591313885042473 0.3330196323352566
1 0.25844246599268855 0.4187778067269768 0.1626341056945823 0.308701420095406
2 0.8194936932480853 0.45951437032120795 0.1678095170989738 0.36164198562029937
2 0.15900291201436814 0.43331077405251084 0.14794884667489888 0.3491751537288463
3 0.8966789522677687 0.5022261095657593 0.1181050725387399 0.2836558560319445
3 0.08859848224019332 0.4449093738306091 0.10280013394503491 0.26649323211335474
4 0.941092226804234 0.5273276237694986 0.07649402811067264 0.22266449994134627
4 0.04368639755872542 0.45228775777393165 0.0735862610021818 0.21299316518568373
5 0.9593730334354025 0.5229395575138897 0.039428493893691026 0.20259447860641033
5 0.025150180044218075 0.4192483582240919 0.05030036008843615 0.18867495294583342
0 0.5090604851630847 0.6424244489403316 0.16048222001805848 0.31345316226282066
0 0.40531204902207446 0.6243656178382483 0.16313802664922697 0.31831680471079066
1 0.6120530398721278 0.674906356965492 0.1690897627241538 0.29444619359316265
1 0.2951181774707769 0.6374448864556093 0.15517060675572153 0.30372587736688045
2 0.7186462530022981 0.6846076766693917 0.16628753261575577 0.3784129585569445
2 0.18664037157033128 0.6866657725910792 0.15314470131785887 0.31088146568814123
3 0.7978574174598444 0.7345869045157593 0.11419968514024412 0.20913662526271373
3 0.10282070678236882 0.6786979022967417 0.10092065198440175 0.18481841302286328
4 0.8690858295949587 0.7302278182693384 0.09383509376152442 0.18705440875587614
4 0.05157383450034846 0.6462169992106304 0.07309256166682135 0.15776065378750012
5 0.9232302473661858 0.7074202598169881 0.06512514177331606 0.1431697264435899
5 0.021695945100320444 0.6210315597964744 0.04339189020064089 0.14590927343910265