0 0.4321148912558508 0.4892334741151637 0.3979446594906339 0.23181592675513776
0 0.4293783946189851 0.29154620284981503 0.37091465644883953 0.2158527607883834
1 0.4107863939763053 0.6595446765305962 0.3639520811930294 0.1626881292140085
2 0.4113598273781688 0.7926081178318584 0.4165428489029014 0.15855676883982503
3 0.4274337791771681 0.8983892028715341 0.34497027516798834 0.10882345716523481
4 0.4624405623887512 0.9515075389393594 0.2756056491370927 0.05442246127783189
1 0.6721873068746576 0.5711764986387136 0.3685638750508927 0.15816045309607565
2 0.6863247164098755 0.6950564338796753 0.4450951550743119 0.15302532751684367
3 0.7275411035993449 0.8017712800769596 0.2302713043577741 0.11892999168792893
4 0.7061330091859503 0.8857540330962503 0.2320874551621337 0.10464692285973161
5 0.6654676131638367 0.9420807010758652 0.13579077531435801 0.03668660715942069
1 0.37410419502814674 0.14727987080771066 0.27113668897315873 0.12131012930088499
2 0.33318165551342055 0.04203342724381817 0.17679899362367216 0.08406685448763634
0 0.7233945150054008 0.4326990371436902 0.20529823503918337 0.15344759495194374