0 0.6421247676479236 0.5555114454297232 0.3643282175119937 0.24077587367314734
0 0.6689352967095826 0.3758608118624757 0.34990514058891675 0.2395985282180593
1 0.641289043385554 0.7078613398351818 0.3312596532470866 0.1757249585204567
1 0.7056538513310959 0.2265771692039123 0.314642564508422 0.1815629272843924
2 0.6213495776244626 0.8162060633789385 0.37431904967805874 0.1720454564241824
2 0.680095102117659 0.1159510908833191 0.3616703158940524 0.1494297198269935
3 0.5804749442729512 0.9022783435668654 0.31049009886908807 0.1212705491957239
3 0.6558910273667755 0.04931650605093034 0.2911194400794797 0.09863301210186068
4 0.5197492874120218 0.9288185650143477 0.23711570822415226 0.0721145911510531
4 0.6310574496011164 0.015061698358622644 0.23746543212124968 0.030123396717245288
1 0.16172014515737973 0.6729794060539145 0.32344029031475946 0.1709172662127641
1 0.19414995767138446 0.33308055477086845 0.3311197636882475 0.17091726621276437
0 0.18849367927453112 0.4450556251672293 0.3238382804472896 0.1679247473313742
2 0.17340251385630434 0.7782580762168585 0.3468050277126087 0.17425307833551373
2 0.20450901120680082 0.22431880512024754 0.3840743238522824 0.1776380457019332
3 0.16190021073245953 0.8645022013915481 0.2896248760580873 0.14594683870539937
3 0.20356114359397295 0.1332669876378657 0.3305602054528914 0.15168649698199507
4 0.14236755182109395 0.9176565755181004 0.27937998842792705 0.12352732635072555
4 0.21853091692561458 0.07209160045788116 0.24840976754560512 0.1305917958134194
5 0.22834327405246627 0.037063589508183614 0.21639037497199054 0.07412717901636723
6 0.3402969821548612 0.024382349878069455 0.11267526645950837 0.04876469975613891
7 0.39133730962098656 0.0021101048883228465 0.06347922691187308 0.004220209776645693