0 0.6759432476958562 0.3988892132109579 0.4035592518414684 0.25223762685036744
0 0.649850152583772 0.5782065069414405 0.39357956208712064 0.24737399387141595
1 0.7166967858346539 0.25435776287217055 0.36739113246546584 0.1871519735149289
1 0.6589219183072651 0.729662799801563 0.3376342157719041 0.17496492073192071
2 0.7293148490299314 0.13524151174645277 0.3962372863116197 0.18731979552870648
2 0.6326452512174227 0.8272143613817394 0.3380343836614531 0.14853659820742765
3 0.7083342796055176 0.04884100830448434 0.2885361027792629 0.09768201660896868
3 0.5816373750617783 0.8840264048568643 0.2617294899479923 0.09282858163452226
4 0.5543215866809249 0.9202589117622417 0.20480165528419647 0.0708723073901664
0 0.5049969419185569 0.39627639089503924 0.3714702144952318 0.17756455923517386
1 0.4899707743446035 0.2773209691991916 0.35741144271111824 0.18228834053597745
2 0.4989830683091117 0.158225695825196 0.45225435812800757 0.19725683900383145
3 0.43567989371346083 0.054407395966129354 0.2655905566576908 0.10881479193225871
4 0.46356007117805176 0.009775412690105354 0.21077398850994966 0.019550825380210708