0 0.6614727347537278 0.6258669045794656 0.24592685922219898 0.4080385017607834
0 0.4794672119102214 0.6204367708373274 0.2407267184294773 0.40286650431412785
1 0.8196849771788745 0.6617452831342294 0.1738606298504844 0.3739099233996638
1 0.3260135065490969 0.6135866986981988 0.17189838742533764 0.34987146186120227
2 0.9260810364879405 0.6726192237689689 0.14783792702411894 0.39667331695175423
2 0.2109723827719236 0.5797851433171802 0.15399203264850103 0.3939051656589449
3 0.9778986081666013 0.6545007207386586 0.04420278366679726 0.3088956501775074
3 0.1283831820716734 0.5484426476241627 0.100666210267352 0.2966942668387951
4 0.0765288431433015 0.5277905205881267 0.07790340467131866 0.2519678155137116
5 0.05337339069615597 0.5367863025856185 0.037675848027148184 0.227418759017391
0 0.5880832811245781 0.19506784808314498 0.16655117763377147 0.31363161698402836
0 0.47058915594988854 0.189748141409317 0.1623321580536232 0.32047885030660367
1 0.7057736305417823 0.20279140091081913 0.1567395687758723 0.3104991605522559
1 0.36001223287296547 0.18136912321316456 0.15413949837951135 0.30791316182892814
2 0.8208147543189556 0.23659295629183777 0.1656679701763727 0.3613442349219883
2 0.2529183892837192 0.1863934114326475 0.15271677343823858 0.3197502400286774
3 0.9075740177217668 0.2312222943086845 0.15168649698199516 0.33639501053611887
3 0.16549691865394164 0.1690186112390031 0.1379504032738024 0.28518563102742334
4 0.9525852841500432 0.24697565275228756 0.09482943169991359 0.26599072454723977
4 0.10140254709198923 0.15938387584004904 0.11818011655915925 0.24785287073336
5 0.05011230326932625 0.1602752879038875 0.09198318835303637 0.21958903734623655
6 0.9947870744811536 0.4058668650097704 0.010425851037692925 0.0669075244181436
6 0.05035728602334525 0.2510749840415966 0.07442052354972474 0.1800345834678086
7 0.038313279266196515 0.32302614746279257 0.031102534268989644 0.0883599872332774