0 0.6551587849334145 0.6644491038887186 0.38211468941136456 0.23854392371960279
0 0.6654710589346067 0.48864795460525623 0.3675375670272886 0.23555238221627006
1 0.66982538674504 0.8184911561847013 0.3570910738847719 0.18477776531075754
1 0.6987577753499739 0.3533428352720283 0.32639637450663084 0.15475622076563028
2 0.6519021615271057 0.921186261040805 0.38066739904023666 0.15762747791838988
2 0.6718551736803254 0.25154872839871706 0.36935751435386355 0.15171161450639803
3 0.6270611896669247 0.9785224802569373 0.2923126749865125 0.04295503948612542
3 0.6443972713888184 0.17850282614664514 0.26756486736519325 0.09721492705413642
4 0.6394516751284894 0.13874141538326917 0.24183190575574323 0.06979312711268422
5 0.6584209355566917 0.11673744533350353 0.18065743368259662 0.05051747341289993
0 0.2563066518726766 0.5762700463873643 0.31530141650339366 0.16868955156413493
0 0.2646915152057257 0.4639259471185391 0.3097234968907066 0.15647442234507516
1 0.23710448084731983 0.6881733741440746 0.3324364305023147 0.17418288844622837
1 0.25799053765227115 0.35935863942623136 0.33647389550501217 0.16235955612682645
2 0.2395369252065784 0.800958244925015 0.38757084657977725 0.1740318744654146
2 0.2537704289831622 0.2560912040357612 0.40649352488854856 0.17000777595703787
3 0.23682314572507826 0.8895577303301221 0.3337619584291681 0.15745391459421973
3 0.2794282102677689 0.18880595396257638 0.30174173112417335 0.1441613439011012
4 0.23901022279013218 0.9423933711022803 0.26981466805804044 0.09490903012520463
4 0.285577572010677 0.1351112124006957 0.256932045744953 0.11835979631417957
5 0.3058419197546641 0.07719647388060945 0.1875285982054124 0.1203269610993529