0 0.5984372739732422 0.4269002627282931 0.20361907467277346 0.37947957475558497
0 0.42169164272951065 0.41712459792626555 0.20340927821930926 0.3674603439863542
1 0.7445264185788508 0.40077085633165044 0.1455071740735374 0.35342645343875334
1 0.2795500249723914 0.39414304648392634 0.14027988885891673 0.32922010358542764
2 0.8514975724250047 0.4045063713373782 0.12922572177562122 0.38408884433672863
2 0.17310336225989792 0.4204556084012755 0.11695473526223338 0.3692460466264914
3 0.9287982829643171 0.4288271997598203 0.08457183441352684 0.3032509264260281
3 0.10020564747451853 0.4419337731380584 0.08174839535275247 0.2791285207301345
4 0.9713900817902851 0.46034429943795874 0.04995292457374571 0.24678724668351734
4 0.04997663398790629 0.4545940227550615 0.05944243131705178 0.23991148485170724
5 0.9870603946043411 0.45865397862228535 0.025879210791317702 0.23426435096969406
5 0.023345509487480858 0.44285332933100086 0.0349424175809691 0.21262973558507867
0 0.5694707017926384 0.8318911003668119 0.13745644979814223 0.30509769788953417
0 0.45760793705740654 0.8231800047385275 0.13994421453337416 0.3099893343546584
1 0.6802993806137183 0.8451866245233717 0.14011205169614543 0.30962675095325665
1 0.3497705344598722 0.8371165477428596 0.12826065808968595 0.3257669045142808
2 0.7869348601343297 0.8200740709135403 0.13411733266469902 0.35985185817291937
2 0.24986406155783195 0.8267361428129599 0.12353688436337937 0.3334401867910952
3 0.8661568849845206 0.8314408961173668 0.1234110064913009 0.3262286483295567
3 0.1657714054639094 0.8262019434566829 0.11565399725075562 0.29472681585726035
4 0.923534497996632 0.8154267097418907 0.10515746753082147 0.24391026999676277
4 0.10801615883556245 0.8205815144475436 0.10275362137697538 0.2438263258393308
5 0.9667593515836302 0.8001947256561771 0.06648129683273943 0.2018696671773292
5 0.0549007673521365 0.805513589137884 0.08529730893965984 0.20718102442961403
6 0.9674158038815465 0.6717148726615562 0.06516839223690706 0.06974207287322269
6 0.0436699500450779 0.7126297355850787 0.06526931318572683 0.1608363942470804
7 0.9899271578402155 0.6232754680820308 0.02014568431956904 0.04419261650098359
7 0.02693302884171788 0.648382175484847 0.03255073801147775 0.07561050481584776