0 0.2910856977953158 0.5602940438132794 0.4122672920931405 0.23971931441857633
0 0.32066244152442963 0.3614114830059926 0.41226729209314045 0.23971931441857633
1 0.25097729298710625 0.7201763454219983 0.37614258645284776 0.16873443603315016
1 0.32848701655365736 0.19780302070708247 0.35897947678004244 0.16324109915105658
2 0.2484141501767239 0.8430173723304383 0.4063840266652009 0.15558469903396108
2 0.3928777861722751 0.08712405826180276 0.4058797467713776 0.14837316057242247
3 0.25988735771086596 0.9375019915172966 0.3530456713694325 0.11266238069537265
3 0.4412991325200455 0.03244573430733544 0.30009404265221673 0.040991857735545464
4 0.31592400241509755 0.9701396412398677 0.2813170133326004 0.059720717520264636
0 0.7938174938700792 0.6277873556577709 0.33477292194363967 0.15985776074806615
0 0.8062481612427578 0.5017323564182194 0.32482135073237284 0.15465827154071585
1 0.7781172438625136 0.7488877387522582 0.3320328891939113 0.15495211921545915
1 0.8268401502069863 0.3796259486966378 0.30833061425133224 0.1587803192740069
2 0.7397485486913506 0.8666537580562123 0.3749659333672598 0.1519075129562271
2 0.8303530761473799 0.2604396656314243 0.3174417189728931 0.1519605777121263
3 0.7429763879849722 0.9421382726813886 0.3435478400693188 0.11572345463722272
3 0.8573414070747762 0.16752223404319716 0.2755677745698618 0.1358723639655038
4 0.7436405245017718 0.9808691715114418 0.31944236519825664 0.038261656977116316
4 0.8834304948548316 0.10470185399050409 0.23044951752327864 0.10766697022473601