0 0.6129807692307693 0.6766826923076923 0.21153846153846154 0.36538461538461536
0 0.4326923076923077 0.6899038461538461 0.21634615384615385 0.3557692307692308
1 0.7668269230769231 0.6742788461538461 0.14903846153846154 0.34134615384615385
1 0.2824519230769231 0.7127403846153846 0.1466346153846154 0.3076923076923077
2 0.8762019230769231 0.6550480769230769 0.13701923076923078 0.37259615384615385
2 0.17067307692307693 0.6826923076923077 0.12259615384615384 0.3701923076923077
3 0.9555288461538461 0.6189903846153846 0.0889423076923077 0.31971153846153844
3 0.09134615384615384 0.65625 0.08653846153846154 0.2932692307692308
4 0.9783653846153846 0.5661057692307693 0.04326923076923077 0.25240384615384615
4 0.037259615384615384 0.6358173076923077 0.06490384615384616 0.24759615384615385
1 0.6947115384615384 0.1778846153846154 0.14182692307692307 0.33653846153846156
1 0.35697115384615385 0.19591346153846154 0.14182692307692307 0.33653846153846156
2 0.8016826923076923 0.18870192307692307 0.13701923076923078 0.37740384615384615
2 0.24519230769230768 0.20552884615384615 0.14182692307692307 0.375
3 0.8930288461538461 0.18028846153846154 0.125 0.32211538461538464
3 0.15745192307692307 0.20793269230769232 0.125 0.3245192307692308
4 0.9411057692307693 0.16947115384615385 0.08653846153846154 0.28846153846153844
4 0.09134615384615384 0.21634615384615385 0.10576923076923077 0.25721153846153844
5 0.040865384615384616 0.21634615384615385 0.08173076923076923 0.21153846153846154
6 0.03365384615384615 0.3401442307692308 0.0673076923076923 0.0985576923076923
7 0.016826923076923076 0.3798076923076923 0.03365384615384615 0.052884615384615384