0 0.4182692307692308 0.5789653205554125 0.18990384615384615 0.37995805295737906
0 0.5877403846153846 0.5669031924780631 0.18509615384615385 0.36041919280461177
1 0.27283653846153844 0.614727378638157 0.12740384615384615 0.3495105632790986
1 0.7259615384615384 0.5700648092398539 0.125 0.31089497935656113
2 0.17067307692307693 0.6248800799613818 0.11298076923076923 0.3678170597438741
2 0.8317307692307693 0.5332387320328229 0.11057692307692307 0.37247070659056725
3 0.09375 0.6189922270210407 0.07692307692307693 0.3006025316750434
3 0.9086538461538461 0.507876584973164 0.07211538461538461 0.28587136382996875
4 0.05048076923076923 0.5796977376267142 0.040865384615384616 0.24300338822159764
4 0.9543269230769231 0.490526644291107 0.05048076923076923 0.23160033929636262
5 0.02403846153846154 0.5849980069284719 0.036057692307692304 0.22827222037652284
5 0.9831730769230769 0.49108194491296564 0.03365384615384615 0.22090663645398537
6 0.008413461538461538 0.6040281485788113 0.016826923076923076 0.14771293361160814
0 0.44350961538461536 0.15907861244569269 0.125 0.30127959474117644
0 0.5528846153846154 0.1592810824317787 0.1201923076923077 0.30097150381917853
1 0.3317307692307692 0.16984749561291337 0.12259615384615384 0.30593324158786983
1 0.6586538461538461 0.15093196685549515 0.12259615384615384 0.3018639337109903
2 0.22716346153846154 0.18868047442286373 0.11538461538461539 0.37736094884572746
2 0.7584134615384616 0.15355258209813352 0.11057692307692307 0.30710516419626704
3 0.1502403846153846 0.20191062022602682 0.11057692307692307 0.3292014758213365
3 0.8389423076923077 0.14007799020359385 0.10576923076923077 0.2801559804071877
4 0.09134615384615384 0.22010781094357815 0.10096153846153846 0.2564699093619561
4 0.8990384615384616 0.13469468989408293 0.08413461538461539 0.22894928344265578
5 0.04567307692307692 0.25067890547178906 0.07692307692307693 0.19242945475196654
5 0.953125 0.12882482086776026 0.09375 0.19831546528665156
6 0.04447115384615385 0.37455400512536546 0.07932692307692307 0.0723911925206578
6 0.9603365384615384 0.22211268448476337 0.07932692307692307 0.16373734636681164
7 0.02283653846153846 0.4276231065820484 0.040865384615384616 0.04348415745236686
7 0.9759615384615384 0.2872171582190394 0.04807692307692308 0.0824078322969022