0 0.576641770856482 0.508828503984497 0.22805931363375803 0.379022001873302
0 0.40853336951712155 0.4674485762392393 0.22562749714428215 0.374018085323095
1 0.726938096143126 0.5114771345262792 0.17261701524933343 0.348066536603157
1 0.2753017151602523 0.4253081307796751 0.15806807181592356 0.32525457576345357
2 0.8375429895556786 0.5156957573742618 0.15837574550784914 0.37813919114806893
2 0.17669507476520827 0.42567639837503524 0.14140897075277806 0.35272715991200465
3 0.9142213260419966 0.5640422408270388 0.1171047910258353 0.30509184056378114
3 0.10571168738767274 0.43190701399008324 0.10015200143857912 0.282083655481563
4 0.9585176652904656 0.5977204662366371 0.07591774755071047 0.2464675669025702
4 0.06127549646105589 0.4222672501189464 0.07345796072560509 0.2366559580446708
5 0.977804375192494 0.5896748755613699 0.03969223322924046 0.21467804941869623
5 0.03621691902726362 0.38895689557254237 0.0514177754743606 0.16517840140050039
0 0.526397948123415 0.6706712916283308 0.1605418438088438 0.3374700307751989
0 0.4231444448505488 0.6430028799694308 0.15806807181592356 0.32525457576345357
1 0.6306785598755194 0.7284858923315652 0.16020619978128864 0.27977772308289145
1 0.31487347175276825 0.6509997121331937 0.15078660751531103 0.31264667226667886
2 0.7388376516307815 0.7397198293985714 0.1583617603400342 0.3757353449942228
2 0.20765058488594812 0.6855369641105218 0.14350514321469865 0.30003876876990393
3 0.8166409927710412 0.8013855788187597 0.12154886897034291 0.24298428904881048
3 0.12478082583342237 0.6679499200514579 0.10202441121546299 0.19093372587792382
4 0.8852275265786381 0.7937568158842739 0.09004713594967648 0.19716414312688904
4 0.06844427806400054 0.6368963426600556 0.07305239085897598 0.16694441958313233
5 0.9381680826345126 0.7884583646042121 0.07780414249540914 0.15772148345277734
5 0.030934532369017657 0.6012067195816404 0.061869064738035315 0.15914420839404997