0 0.40562332829873227 0.3697613677248658 0.219260372147278 0.34474772438412704
0 0.576448267587134 0.38278916215021697 0.2117688174959801 0.33973019773817614
1 0.26483461166296246 0.3354615436387881 0.16285184584977833 0.32390822522670903
1 0.7142375428782035 0.3655811558771511 0.13769331955227862 0.3039780082017447
2 0.15474771691811856 0.330265541953624 0.1546365421831914 0.3476669076474926
2 0.7971239396793461 0.40516542390006627 0.1296180239805715 0.3301405367763743
3 0.05994765620652029 0.35102223450483105 0.11197476087525991 0.2744324065613958
3 0.8577338303984691 0.43579878271208206 0.084552396518794 0.256836090910858
4 0.01867185842648058 0.3802402228110008 0.03734371685296116 0.2299041697626138
4 0.8943634093561256 0.44553194632338733 0.05813379736737627 0.21527125850127832
5 0.9222758020446709 0.4195221691343881 0.04375813752607955 0.1332607101528311
0 0.3669551424205654 0.7452509811808024 0.15622404830864903 0.2925183356678699
0 0.4731562517448805 0.7553595923427879 0.14194097948045198 0.2945025131451992
1 0.25284245416031303 0.747371435126306 0.15494026691384105 0.3116791601192196
1 0.5706638833409746 0.7705207025404343 0.14065719808564398 0.3136633375965489
2 0.1488351788475244 0.74079864841567 0.15701667979614745 0.3885322922628772
2 0.6671796040024653 0.7821110158970211 0.14910510086021025 0.376303227155388
3 0.06567076747853841 0.7288935835516954 0.13134153495707682 0.3231388326530944
3 0.7411969521691718 0.7679584693554953 0.11890628314703869 0.26983454859196215
4 0.02732016222338229 0.7066387138884315 0.05464032444676458 0.24056872606929092
4 0.7902657861806983 0.7701303706081646 0.10422689857509254 0.22381174777178742
5 0.0022197857028774435 0.656892364841567 0.004439571405754887 0.14775373185532759
5 0.8430803975178739 0.7697935085378583 0.11146214557752096 0.18322614227408104