0 0.5689025803495021 0.30250846467102294 0.2757021284306608 0.40555876909098915
0 0.36807077747304245 0.2818408047185601 0.20483824709913648 0.231484225724061
1 0.7383890014014983 0.2588340787339728 0.2232372338332057 0.4148064346096744
2 0.8700701700455704 0.2327373864961705 0.21437734663471003 0.43593712903964527
3 0.9444634845786529 0.23243776832844387 0.10351805667380631 0.35334494137681627
0 0.7097145144596195 0.5302746129509543 0.19220853189381762 0.3507946717457405
2 0.8432119201555129 0.520878863551414 0.23710323606594239 0.4683209511875956
3 0.9351723879765653 0.5328555474398825 0.09826010916726921 0.2714881919073858
2 0.08810664470739762 0.2941136563687387 0.08592797710237352 0.12447563580678697
1 0.18336763954117516 0.24593119629172286 0.08690477257987425 0.08373623143006352
0 0.5897854769066396 0.597745721568428 0.15768470975396637 0.25540692864314557