0 0.3418409709286215 0.5362521755298484 0.37725673041367824 0.26867482942139576
0 0.3828997149648087 0.3618557760607315 0.3676413457982936 0.26800245622963115
1 0.2836626628710417 0.6806592747335238 0.33704657246665193 0.20588918280818383
1 0.3918341492582521 0.21969266638792612 0.30757091560572253 0.1822374478482748
2 0.26110951661784576 0.7961867134247453 0.3633489906001206 0.20293051677784363
2 0.4519745242302426 0.1315238118527236 0.3504904224778557 0.17324389644198435
3 0.2619524670615444 0.8908864965547566 0.285096962868073 0.1518784543206508
3 0.4896409464645836 0.07371395084514511 0.26248312057158457 0.11671176848533443
4 0.2916986543040249 0.9403839759892142 0.22544620135201904 0.08053652286237149
4 0.5123247335404917 0.04181160937435337 0.22586587002853603 0.08362321874870673
5 0.4809219821548612 0.016403131461027627 0.1505073019062713 0.032806262922055254
0 0.6982304559765009 0.5725043510596968 0.3031129471951279 0.19392049202162334
0 0.7231175036041235 0.4592126652243805 0.30764086038514193 0.18464129400212095
1 0.6781161282668609 0.6866617733760539 0.3296251996668549 0.19817336445282188
1 0.7620429318680156 0.3581335734475713 0.3341531128568692 0.1888941664333195
2 0.6485962502800947 0.7942800304226372 0.40435426477434405 0.21059579515053556
2 0.7924499814243171 0.26124857744432517 0.38463388208763843 0.1924241256900833
3 0.6258903526412685 0.8738338234551369 0.348436300221107 0.18509503391327414
3 0.7934513188991085 0.1856114702471419 0.2927281700061286 0.16680581113755105
4 0.5910124728475808 0.9182544373186204 0.26906515601834735 0.09558143299454258
4 0.7997628239643203 0.13359259134356732 0.22938883265309437 0.13358923154492786
5 0.5468339599458965 0.9525301166815608 0.1470542840611325 0.024676768097486083
5 0.8049773231217382 0.0780519898581941 0.1960147656169265 0.1408513099891366