0 0.5431485246869674 0.5516746191296568 0.3828485729684209 0.22883058987930374
0 0.6237748878638221 0.3710964000598941 0.27531332401655817 0.2028862085984527
1 0.521882375263795 0.7094693644937805 0.3659237361363235 0.16824468990857774
2 0.4947536794548517 0.8363569321451045 0.4067891207517081 0.1699098267321233
3 0.46325869670083275 0.9286825782404029 0.33496827086617836 0.11187878689605722
4 0.40833830439164837 0.9704519481145251 0.2635890247093482 0.029907234746444324
1 0.2991829160595007 0.6346889000884949 0.39256226807114586 0.1717259775364829
2 0.2667313897147434 0.7534078792636437 0.46688527459786194 0.17235855735498481
3 0.19488616057346153 0.8557631491084918 0.23719547552854478 0.11747825328994949
4 0.1946166001976075 0.9324413529692828 0.22321400233416724 0.0929500456269158
2 0.7442361608337352 0.1134257379951752 0.1212713426600554 0.07681694741127815
0 0.2742364710757223 0.5147149330805235 0.2087417701674203 0.12111055489866838