0 0.6081577235060267 0.4359542132910917 0.42031929704438464 0.24262608391331852
0 0.5752273504930552 0.6322033491550958 0.39818040176594577 0.23503691183554473
1 0.6556457600737158 0.2718632854691607 0.3795549923943409 0.17468900224523382
1 0.5705630414584087 0.7847426816975945 0.351767938318504 0.15499668081684348
2 0.6801797048645958 0.14418670392581115 0.413545025144069 0.1800841246226258
2 0.5252937244302546 0.882769799579449 0.3869851641364906 0.14360683940800512
3 0.6776242387627386 0.05084077672502148 0.35148229170529205 0.10168155345004296
3 0.4929428813186721 0.9505600237301088 0.3084316942166728 0.08461379370421987
4 0.4527163632287517 0.9764717569965788 0.2375940426522167 0.03295816433405135
0 0.4048646302080855 0.441903619508482 0.351767938318504 0.15499668081684348
0 0.3867605340466737 0.5634656874404841 0.3418163671072371 0.1500211513463799
1 0.3907689432394858 0.3173022327700639 0.34025298744309657 0.16199842282491778
1 0.34280245673574833 0.6770758460316457 0.34662405941492946 0.15010506992776568
2 0.4112768855547437 0.19569820554736894 0.4192437239241373 0.15857538711008892
2 0.2559953819004449 0.785431656470663 0.3613833229338886 0.15516451797961478
3 0.40648566659698154 0.0925426173854485 0.3050863016077802 0.13977637737060278
3 0.2742346246599374 0.867944755871427 0.2947985438006311 0.1299931555924467
4 0.43858436976165227 0.033414256994043975 0.28148510663054166 0.06682851398808795
4 0.2516672594616807 0.9331632967054695 0.2210527661885055 0.07108402847004723
5 0.27189835180513167 0.9700242988285029 0.16117524562296312 0.038827005493419234