0 0.48023691727742057 0.6060376009485874 0.28364948597150913 0.40502270583691025
0 0.6482211954619648 0.5755964804422324 0.2792624122384609 0.4094379496595732
1 0.34617672718105297 0.6559546718058135 0.21078330820014174 0.3632745104962926
1 0.7869534118760675 0.5654409832447252 0.198854521424216 0.3360473058339262
2 0.2459659818754973 0.6835747216853749 0.20525424403717882 0.3819166069995177
2 0.8728914568988595 0.5247224692621023 0.1888479395348996 0.38535072960960737
3 0.1626726036401696 0.6863222578127461 0.16520067527036972 0.33330016643872074
3 0.932217476727457 0.4951647545792292 0.135565046545086 0.29788030210224264
4 0.10220105321602438 0.6634859177172907 0.11186602001039839 0.26927952774227365
4 0.9632871337636393 0.4782640986368009 0.07342573247272154 0.2348407846183688
5 0.9854548776917376 0.49393805551438813 0.02909024461652484 0.18019015105112118
0 0.4490490300155976 0.4268775279876266 0.21988763024757757 0.3854977986084519
0 0.5556447872837599 0.41767877274694065 0.198974386718233 0.3646972354375654
1 0.3321470276230762 0.41375488299489593 0.19476820097179426 0.3166203123606423
1 0.6450235142466518 0.3617277072493471 0.1980132842749282 0.3264319212185416
2 0.23031374066595361 0.4364691284455079 0.2171830308131047 0.40914381166188407
2 0.7234650682232189 0.27624370305679824 0.18190773305327596 0.3060238065326843
3 0.12703880004387388 0.40178540256758405 0.14540000087022745 0.24337673753383982
3 0.802777280649786 0.25527109653306623 0.1199798183138173 0.19834148858197695
4 0.07992297941025558 0.43612623193631445 0.10137997694501388 0.20398323310339814
4 0.8665391363737176 0.2747960037615246 0.09864595620982869 0.17273323310339808
5 0.05469730544522704 0.4615138839166265 0.04209563894743561 0.1537969986024838
5 0.9302410594506406 0.2799959461881633 0.11327934242022764 0.17631442471233222