0 0.6650656768716807 0.3396135148067539 0.3630383959261525 0.23253967577042667
0 0.6400893353082553 0.5248378224773425 0.3438076266953833 0.23141961101138867
1 0.7076792666356658 0.18699299257841323 0.3526957579689501 0.1694796433909076
1 0.6503743465700744 0.6731762435414053 0.3213059015570621 0.15564030738823986
2 0.7102517825490916 0.07558931603695744 0.38386184412181734 0.15117863207391488
2 0.5975867886084666 0.7711383406582433 0.35711185232335596 0.13610581342682118
3 0.6823007097390211 0.01673601442666914 0.2867849456495101 0.03347202885333828
3 0.5739950255227326 0.8373722637134472 0.27733738872839125 0.09302400783425022
4 0.5338840234662295 0.8781439357405018 0.20969404103216752 0.060257627331462955
0 0.4725901568697228 0.36523723932021224 0.3285454113009782 0.15846417782672534
0 0.4664957855726606 0.4760941785868948 0.31638632411985934 0.14574490658309577
1 0.45359798560447717 0.24262923120361338 0.30951044104685216 0.17417103614461027
1 0.44969599171280095 0.5779657696651518 0.2900279302746845 0.15141635600095674
2 0.4790210256206303 0.12223876563943105 0.4007167384811179 0.1674721129808107
2 0.41126158246832606 0.6810974335973266 0.25606640001468467 0.12301393498033246
3 0.4321188964035667 0.040248324034101134 0.24633913026978968 0.08049664806820227
3 0.3574539147652497 0.7635045347616047 0.15974472616657293 0.10299053426206448
4 0.3566567332174878 0.83201415014622 0.16424473436811154 0.07682824275951652
5 0.35235168192727845 0.8923203161346935 0.1523094174460135 0.0833397407466559
6 0.402524767051894 0.9158224538345261 0.07273075282769198 0.05708485823100828