0 0.3874867674491984 0.3629736721893862 0.3780233174530985 0.2614067251927211
0 0.40738491860710424 0.5390367618791859 0.3706439285707267 0.2536487290227378
1 0.33320741831383527 0.22071071847232868 0.3333553331769232 0.1980318250958989
1 0.4052018581972216 0.6843783779021374 0.31848465513162405 0.17770814044824015
2 0.3226438961308759 0.10752986529678502 0.37874865939861135 0.18947349314681805
2 0.4546745199639416 0.7754140207352065 0.36153008533974373 0.1713715020835238
3 0.34506281841842945 0.039042439512292255 0.28102820931698724 0.07808487902458451
3 0.4879916603370719 0.8388785777084931 0.27605266658846167 0.10730385445936118
4 0.5268438448415057 0.8707288295428163 0.2058375768644232 0.08038681455978008
0 0.5811082831143692 0.3435026980384271 0.32575214373344036 0.18065844431053107
0 0.5953894748086535 0.4516026300520561 0.320944451425748 0.1802941391715679
1 0.5862816612119656 0.2243301608535609 0.3140126636655985 0.19176691223235404
1 0.623003720629647 0.553893030625844 0.2943342933126068 0.17107892244573214
2 0.55282565042719 0.11528360324193837 0.4197259442945513 0.19737777913569715
2 0.6869274343895828 0.6426338349651007 0.3253604927514958 0.163831521233608
3 0.5911772984862713 0.04113435524477717 0.25033771071976507 0.08226871048955434
3 0.7066317699346147 0.7239271541474589 0.1947135483396368 0.11793759017391062
4 0.6979655278258541 0.7869736118559036 0.16027640022190162 0.08173360804732255
5 0.7062940592148497 0.8415334631164388 0.15340056260203 0.09561022726195471
6 0.6634714246287919 0.8771730561592895 0.08061377630331197 0.06129949633135358