0 0.5857162691799129 0.5481999056993748 0.24675849945991352 0.35760629250639187
0 0.4159982656660789 0.5807402710279713 0.2468844796985747 0.360010138660238
1 0.7327969262094844 0.5583213786881519 0.1883103103356387 0.34150454087724663
1 0.27576142800134656 0.6232236343061316 0.18211683540267382 0.31492234362609994
2 0.835275338344599 0.5493391101782075 0.1832404359313403 0.3821600911543727
2 0.16840722262956714 0.6107461493800094 0.17792882266900312 0.3724048169801491
3 0.9114323122164247 0.5159208220162026 0.12569455171626187 0.29167899831483596
3 0.09008814146193332 0.593823557870084 0.11697125039078954 0.26262301013042355
4 0.9447609861543338 0.47534807834528736 0.06940846988779534 0.22523636701376049
4 0.04265894261268058 0.5916866290071245 0.08531788522536116 0.22586587002853603
5 0.9600710355576809 0.480903052663676 0.03702464773984487 0.2026924694966916
5 0.022798272188605563 0.6071239052317843 0.045596544377211126 0.20642526645950837
0 0.5309078349515111 0.15262753984230917 0.18414274084053653 0.30525507968461835
0 0.4197010106812823 0.16660139533515603 0.1742753957478296 0.3026932785186107
1 0.6388238405876236 0.1408199499566692 0.1790830880555219 0.2816398999133384
1 0.31627263594656707 0.17081094392711801 0.17287939150327275 0.3218541029699604
2 0.7449761228824799 0.1548711924197302 0.17831698500427087 0.3097423848394604
2 0.21632916101360203 0.2001209875756256 0.16882758062754727 0.33613729033419837
3 0.8225291009988627 0.1385706617337857 0.15479266603973804 0.2771413234675714
3 0.13434643130551052 0.20730680238358123 0.1594743781087692 0.2950620713805552
4 0.8828142252030082 0.12679161332445976 0.14088373169058982 0.2535832266489195
4 0.07608721253922762 0.2198027847819571 0.13784998434343798 0.24882943622212217
5 0.9170503148597559 0.17973208437483862 0.08270794628220611 0.1584182881620048
5 0.041132677521633194 0.23909063696535446 0.08226535504326639 0.2285494953000603
6 0.927573115193979 0.27663321253938106 0.06843129283635846 0.06919620135201904
6 0.03083462321289639 0.33184854822668985 0.06166924642579278 0.1776490573927741
7 0.9552275675824939 0.3214319797197141 0.01884260689550169 0.038951151917475
7 0.016106817312450752 0.3922944259699413 0.032213634624901503 0.09041114806011745