0 0.3641746527952988 0.3851368139071535 0.3746123687742523 0.2179553418540088
0 0.37205357318397386 0.5621106664443609 0.3648850838783122 0.21241903926839015
1 0.3506208129246259 0.24578688189352452 0.3151856067333334 0.13906444941722018
1 0.3627149244528306 0.7055948940219111 0.3056821223985044 0.14314353144698636
2 0.3398894403208332 0.13981756717951935 0.3775177563125001 0.13658887776220266
2 0.38557742810640955 0.805845753580816 0.37025026771068387 0.13363857389991168
3 0.35736079494999995 0.05930665240096603 0.29735158113141036 0.09452015066161838
3 0.4066235620790591 0.881038381093818 0.2875683460951923 0.08658000192215372
4 0.3920217436288461 0.02031188014345906 0.24122386748878208 0.04062376028691812
4 0.41637781710608895 0.925891771454228 0.24390746434401714 0.0664743325945621
5 0.3890034508709936 0.005524498081418986 0.21461370937564112 0.011048996162837972
5 0.42171603080737097 0.9542825438766779 0.20248257832585473 0.03933927737491361
0 0.7902978437002133 0.3768431943626354 0.3009863303713677 0.14758691861571535
0 0.7841183680166661 0.48769334629378086 0.2983027335161327 0.135385535277003
1 0.7917255772163458 0.263953501416607 0.3056821223985044 0.14314353144698622
1 0.8009432812154909 0.5896015103533129 0.31512965659305575 0.13666060326337395
2 0.7821961276894763 0.157893110417861 0.37762965659305575 0.14139657006989498
2 0.8022271196247323 0.6890878968837059 0.34632370645277777 0.13662474051278842
3 0.7731971995561965 0.08058779698052808 0.32200549421292735 0.12278398404874183
3 0.796607145343963 0.7758995872763896 0.29791108253418813 0.11855861220008006
4 0.7541632607554487 0.03743609032099055 0.25441805120384614 0.0748721806419811
4 0.7892827016628198 0.8328453533154783 0.23982712385993593 0.09736002745559894
5 0.7322778746786326 0.011412591597662823 0.19862603840288473 0.022825183195325647
5 0.7878839481558753 0.8929415071616322 0.20404918225363253 0.1066469696826062
6 0.602498157441079 0.014427074681755235 0.06652640022190176 0.02885414936351047
6 0.6879564823504266 0.9077123772566561 0.14842501987350415 0.08803438366145308
7 0.6202291639906508 0.9308414953559864 0.07547038315395309 0.04651211426931322