0 0.4353872042547567 0.3910180708481658 0.4160679927723142 0.28577362911956017
0 0.33695292658844755 0.5683217851820274 0.2873351958094973 0.23044646601395963
1 0.4401414267004854 0.2232221528779318 0.37098019773817614 0.21999488286889177
2 0.4666223198731674 0.1037910301595961 0.41410953894856795 0.2075820603191922
3 0.49673109283953687 0.04086254579883141 0.35884680106368916 0.08172509159766282
4 0.5449257949123807 0.0005063367330292467 0.29177466674783825 0.0010126734660584934
1 0.681339655784552 0.31576597157617897 0.3779819018614559 0.21332980211579808
2 0.7066885706597306 0.19338783305009233 0.43581409911260277 0.22250915609104815
3 0.7724353672572751 0.09324456174294436 0.2707438307244154 0.15483431982783946
4 0.7750048266235433 0.037918368807633746 0.21935377936119294 0.07583673761526749
2 0.24096671620182117 0.8297601149005043 0.15650405546409524 0.10300391829297476