0 0.40008388301815245 0.42041068240276436 0.216918546691736 0.376059891482857
0 0.5734126385673718 0.40008415893855254 0.22130651821226785 0.3644049658525894
1 0.2564826949681239 0.4133109904178127 0.1606227552640894 0.34302422853862696
1 0.7137171291434855 0.36427892529323647 0.1477640829205379 0.3180750041527575
2 0.14491370920785795 0.41577146951409066 0.14961085438404365 0.3709596195373729
2 0.8115612961130052 0.3772433622521842 0.1347680566738063 0.3578474733512526
3 0.061839833458175335 0.46042619533800266 0.1059753125734002 0.288536102779263
3 0.8831310437050812 0.38740378516773694 0.08864472455188459 0.27283795786981513
4 0.02283651298683862 0.48810770826609573 0.04567302597367724 0.22792935397525008
4 0.9260644978445837 0.39374042353245325 0.06275949154991714 0.21813181679038388
5 0.0041437471764568645 0.4835553134373329 0.008287494352913729 0.20596629620225734
5 0.9548000026604316 0.36039566898341513 0.0499008192063655 0.19318259240451455
0 0.4335354769066396 0.5952897803909338 0.14784802707796985 0.32047885030660367
0 0.5409263515399539 0.5751647602797729 0.1480998595502661 0.3276903887681421
1 0.3268008883269399 0.6309487242173538 0.1567079142764657 0.2995728451999146
1 0.6507897492787043 0.5872184343913127 0.14278850229798115 0.31290300670610205
2 0.21854386724643088 0.6415494359978708 0.14779461733222213 0.3876043900448144
2 0.754586292348281 0.635694105949508 0.13823264246258524 0.3197502400286773
3 0.13281431287060588 0.693597852852803 0.10328909953557347 0.21161302585618594
3 0.8388468239690444 0.6257129967868836 0.0930021616607321 0.19165364634749066
4 0.06219465588315663 0.6905578921140478 0.08819446935303984 0.1912893412085272
4 0.8952265595541232 0.5902734876888075 0.06563646823667131 0.16320766039088552
5 0.01897508174496267 0.6681229409503349 0.03795016348992534 0.14565212703603608
5 0.944058980047935 0.5649958209145605 0.07242828591104947 0.1517348873300995