0 0.6281956131393815 0.37886571428136884 0.3616976573412748 0.2081750112363087
0 0.6405058291746479 0.5690422958247183 0.3664633903582741 0.20585508366384817
1 0.6574701729534552 0.2170676510943746 0.34125006868041324 0.13812779844922757
1 0.6631866970577698 0.7161174837616084 0.3314668469022576 0.12834457667107174
2 0.6583242551204809 0.09925820991056665 0.3891591545945653 0.1293515996476996
2 0.6301953864940173 0.8153316283672172 0.3647011001491754 0.10489354520230985
3 0.6102412487513804 0.029888429066748243 0.28432519480493146 0.043412734763292486
3 0.6037172028031942 0.8858045173534038 0.27753324925032136 0.06732531842967568
4 0.5692241708354915 0.9332940103606273 0.2171014210786248 0.047045566931585694
0 0.44961866945833445 0.4154241883085609 0.3386783853637959 0.12847045454315015
0 0.4668773520265406 0.5287406318648729 0.3216836251241014 0.11856135489291585
1 0.4144570186083606 0.2945815116105143 0.3198672090399551 0.1521732417560691
1 0.4662330663129791 0.63453084227945 0.29279551198725484 0.11565399725075555
2 0.4154369786474647 0.16956053196516793 0.42289691932979695 0.13474672202509155
2 0.4513125611937656 0.7316558354114087 0.2493584440552528 0.1052833454029
3 0.3618688480274092 0.07003777597154051 0.2589318693799445 0.1030473364118252
4 0.36996153159349715 0.01968288461284978 0.19753497752231297 0.02747912337527366
6 0.4399470529536369 0.9695107267700993 0.08501576048916484 0.05194934440501834
3 0.40046024163893834 0.8209399007214363 0.16256822677263416 0.08934973401488122