0 0.6436763160049679 0.591692156579176 0.28635594957859045 0.3965952045543488
0 0.4669577609466899 0.6146010669955045 0.2911636418862828 0.3968191264223669
1 0.8003816974286717 0.604979232674377 0.21981273029941006 0.3719376439514902
1 0.3263700431055522 0.655960334031887 0.2078293622807651 0.34023980021545425
2 0.9006806734803489 0.5967963208586288 0.1986386530393023 0.40033595406160793
2 0.21340720525007575 0.635129150600468 0.20407872263937657 0.38557699433650383
3 0.9529098234964859 0.5689611293459036 0.09418035300702818 0.3061907768652289
3 0.12909043729597883 0.6288066717563064 0.15330537377081552 0.3161420442826404
4 0.9825935952805996 0.5355048717902471 0.03481280943880067 0.25291098428423425
4 0.08223336867127166 0.6110544140101352 0.09051279413302371 0.24614728955873189
5 0.9972899010578989 0.5325708681635318 0.005420197884202065 0.2299328376915109
0 0.5143348394548893 0.18085175828480643 0.206554294294394 0.323412877138531
0 0.4017004439877904 0.19596630622707073 0.2046969058489926 0.33051245466606044
1 0.6265869984077324 0.17649853756784536 0.2002893814308493 0.3039581860397437
1 0.29212536004301604 0.20403725710881002 0.1895452186479894 0.3202253044466218
2 0.7355797618934763 0.19235408729055856 0.2067364468638756 0.32581672329237715
2 0.1957534985691026 0.22829301266059446 0.19285982764924342 0.33235649614986157
3 0.8196412323686437 0.1795017773709554 0.1873593878142106 0.29137915060046793
3 0.10708441973101729 0.22775622733303022 0.18328030578444449 0.3007706133478346
4 0.8783712419436858 0.16427195456733454 0.1555987928563514 0.2515740809308214
4 0.06325079987804894 0.23409841159232506 0.1093792582248298 0.24223528472311168
5 0.923644150977214 0.19272955907180445 0.08763421577190436 0.17654771203120243
5 0.03642625567148527 0.24362816854352912 0.052451423561034084 0.21802556785628902
6 0.9544774711206488 0.3151314382471163 0.07350087967006566 0.08486567538302153
6 0.036865125128172964 0.34425382420304057 0.03292807469247305 0.15004610994454273