0 0.5496571035246306 0.4928184164736446 0.3910473226757425 0.2533105340448734
0 0.510452464414976 0.6710067565889096 0.3910473226757425 0.25331053404487325
1 0.6074631225046621 0.35180783342511 0.35858050324565044 0.18177889034989783
1 0.500639449930482 0.8196251938427318 0.3320542769719571 0.17543110899852804
2 0.6406432498765321 0.24305101558162392 0.3945962362626497 0.18147516561924826
2 0.45324604208899905 0.9155227323477084 0.37747559815087695 0.16366818587816676
3 0.6434186463544365 0.15297678885983304 0.30966439435487064 0.1309018053753795
3 0.41843831544110005 0.9626574047222693 0.29967137612325057 0.07468519055546133
4 0.6288216489764108 0.09317250547388377 0.2512587787207848 0.08667622648288048
4 0.41188322927747784 0.994677449244108 0.2336765884113909 0.010645101511784105
5 0.6521407192809168 0.06685835160601081 0.2221189098397814 0.06816920626740017
0 0.362178083169977 0.4806958619960996 0.3512850462027263 0.17655117375756632
0 0.34464393544345323 0.5891608093793811 0.34158574300595607 0.17118344907035493
1 0.34624720155077243 0.3594534935921937 0.3008462362626499 0.17601484991893734
1 0.279116783221392 0.690017902557375 0.3223549737751868 0.1700633843113168
2 0.3818311750764888 0.25083668384358737 0.4066154670318806 0.18217520609364715
2 0.19326183691837057 0.7836753115442754 0.327204625373572 0.17274724665492266
3 0.3535453883625107 0.1481250441960518 0.24244062062856414 0.1317892710264383
3 0.17966913274815863 0.8731195018391074 0.1964318693799445 0.10989834799295349
4 0.3919379045958325 0.08539132351284204 0.22531998251679125 0.11398229128535685
4 0.19175738574560608 0.9387933925147921 0.17441962037909364 0.08700365975442008
5 0.4177866989262632 0.05200563927831037 0.1884650636859351 0.06620909293908342