0 0.3752632929962862 0.5395472730784074 0.4087671120387096 0.2349586913530723
0 0.37209781263048125 0.35974842499588244 0.2939648171131246 0.2076328251818938
1 0.33226445226472456 0.695504632133938 0.35613637472474713 0.17346364191852823
2 0.31345036289052036 0.8171786420208468 0.3861113067383762 0.15754600097405896
3 0.30958787677254496 0.9156314171594099 0.3280905566576908 0.11987957873971802
4 0.34293121191330656 0.9662299653860997 0.2604902847122067 0.05075332216711814
1 0.5729775100377174 0.6525224066637142 0.36964868880041624 0.16186407982581458
2 0.5669112617106703 0.7642313080381409 0.4195830003227407 0.15612138173208587
3 0.6021657794227118 0.8687415327778205 0.24949224385869412 0.12718678563425867
4 0.5618454331074952 0.941871116694788 0.21274180402366127 0.08534217410700097
5 0.5341459888041094 0.9750574599556159 0.133304453878428 0.018270039791149956
1 0.296197345031399 0.20605140944469455 0.10937641940827666 0.08233454859196196
2 0.340087597826799 0.10163685313801728 0.14044426683879507 0.08083998457056946
0 0.6455138327344969 0.5340823315475588 0.18939609001254026 0.12543816614877093