0 0.5501998742510703 0.5977143435097939 0.22339627722406902 0.3749177702834953
0 0.3614979511741473 0.599910089176436 0.21177830161569788 0.34355588515398483
1 0.7126601172161157 0.6114372963081165 0.16370137853877453 0.3429964595064327
1 0.21255265387454758 0.6376740297091624 0.14517995539086317 0.3163583528374818
2 0.8369973532526889 0.6015833137272082 0.1574749940653672 0.39576918976153763
2 0.11216071513757403 0.6112185784409799 0.12570197646023315 0.3497604574499294
3 0.924922223940141 0.5789417321769991 0.09500727708209175 0.3205786482152443
3 0.04472941797995132 0.5951888369118187 0.08533101124457011 0.28203319590657294
4 0.015182689936677709 0.5716538584561541 0.030365379873355417 0.21682166564657324
0 0.5312735111309869 0.40577027787301045 0.13889268969531854 0.3306975159134259
0 0.4134850495925253 0.4071408707095132 0.13710502538546812 0.3402849292464329
1 0.6549014010847025 0.3695019588821721 0.1555655673112426 0.3284894687362229
1 0.305034322358519 0.3939904871346175 0.1480459379277062 0.3235978625813978
2 0.7736911581196573 0.3525063660456693 0.1518039102138185 0.4197237374528663
2 0.18815399207768885 0.34370635894580553 0.1540859939233902 0.34288457437692227
3 0.8749912281142621 0.32730709628853705 0.12533300431609826 0.30651919796307625
3 0.1114315427350418 0.36021245434070015 0.11386907416872605 0.27756115898741207
4 0.944317652923303 0.3325055444842018 0.0853310112445703 0.28203319590657305
4 0.0474985514666203 0.36455946255447597 0.06838232572337276 0.20497026257160805
5 0.01313167441860426 0.38555158050972044 0.02626334883720852 0.16639683898055913