0 0.4351943271722777 0.38133209406345386 0.2422118187125376 0.35016158408845427
0 0.6045923361089834 0.357550776017605 0.23223212895818982 0.34496209488110413
1 0.2834787906257476 0.3838971260022949 0.18120490201897582 0.33569362269636227
1 0.7379505841132901 0.3195647217330156 0.15683799809213694 0.2987543873644398
2 0.17546993489685941 0.4063826618897485 0.176725652099661 0.3714574673293111
2 0.8364903450456894 0.3312227781239804 0.14514720971128353 0.33422438432264556
3 0.09368537154021166 0.4567348593742114 0.12431293010576577 0.2806541243636289
3 0.9044176399712744 0.35256763597729457 0.09051279413302364 0.24572693828589492
4 0.05648096968975139 0.4908029446622229 0.056494642840214424 0.23954795682940036
4 0.9443363989886655 0.37023121760943273 0.06487082221981393 0.19196077987704968
0 0.49279839739639775 0.5369229818670025 0.16273860581671848 0.3133733627373456
0 0.5941421723721922 0.5219428321158307 0.15643783020258795 0.32509874583183307
1 0.38835944814769313 0.5906095431419988 0.18051215449163516 0.29492618730589204
1 0.6984183198349847 0.5297502462137402 0.16237430067775532 0.30856567042965327
2 0.27581612896533503 0.6168967467100506 0.18335487010216903 0.3956918273176014
2 0.8001816134838974 0.5521276610720982 0.138189549320398 0.27403028125157713
3 0.19272063487173055 0.6817699703425047 0.12234511459205415 0.22305976589623563
3 0.8855002205701431 0.5643244382000925 0.10467915416889458 0.14805078900243274
4 0.12135179190956508 0.6786498570928656 0.09353482349648598 0.19073232442217694
4 0.9452320692773337 0.557068015269539 0.07561498500267333 0.17562360292469875
5 0.9804643973892525 0.5488055677118914 0.039071205221494903 0.11582129675328819
6 0.9866830624062887 0.48596274542469087 0.026633875187422645 0.074368216788417