0 0.36104642908254436 0.3879452997242466 0.41413491671635927 0.2564896426946751
0 0.3316648009342064 0.5829768995920801 0.3969999027174382 0.2508000887163547
1 0.3776851812760877 0.22239486570551487 0.3739179969616951 0.18969609296091164
1 0.18384624638668645 0.7066796611343484 0.16302800028395406 0.11395794628220611
2 0.4037243914018796 0.09833971749547356 0.4185127556577793 0.1752627944185505
2 0.14791400133458066 0.8157448213473375 0.1111608219041942 0.0896777458857063
3 0.43897957338785243 0.037477460598068606 0.3335793147627567 0.04623142678139348
0 0.5681480128631049 0.44944933983786706 0.37237754235170545 0.16565763142244996
0 0.5398590020444657 0.5709746616554011 0.3608204479654716 0.17223926869068273
1 0.6203214397592064 0.33158766656079075 0.3933028116534632 0.19310778102404696
1 0.6028391223414811 0.6984891556189822 0.2288561192037939 0.13178248964913417
2 0.6426008351932301 0.20974739414660387 0.4428593081182387 0.1813302891128544
3 0.7187052602862252 0.11364120568316202 0.25289458074225546 0.13304229203574572