0 0.6599859849928055 0.4954707200034889 0.27496578249871734 0.3890296995579767
0 0.4870447279058397 0.44098045370883104 0.26712331617521295 0.38118723323447246
1 0.8138321388389593 0.5089305143920926 0.21108406148076853 0.3405027366056977
1 0.35041669441054063 0.37893267367535555 0.19038112723874584 0.3219933392301991
2 0.9108457479519939 0.5449418946575482 0.17830850409601212 0.38314103951296263
2 0.2484183201627486 0.3855143743205124 0.18935900210284837 0.364841951424786
3 0.9674407421882474 0.6024080923665937 0.06511851562350521 0.2826611423186608
3 0.17693386340932976 0.38641663416239286 0.11949817704658071 0.27523929456980045
4 0.13226711092621007 0.40755598767499984 0.09197490161695118 0.20603881867621063
0 0.6141456406878906 0.6667905254844719 0.1934159012545578 0.32941518697905947
0 0.5076855494096855 0.6360074561013523 0.19038112723874584 0.32199333923019924
1 0.7251126709931612 0.7218223656933749 0.2045938948745006 0.3208513488002844
1 0.3997680037705829 0.6158313851232187 0.18127680519131004 0.2997277959836178
2 0.8397159818754972 0.7366197491488589 0.21562042180854626 0.419619350395299
2 0.29521540672863134 0.6341168526066234 0.1792031336188028 0.33055717740897406
3 0.9247035499169154 0.812385034946081 0.1505929001661692 0.25717993706965786
3 0.21154663191531226 0.6184477206555552 0.1247875106215096 0.19936776408333318
4 0.9719539464949067 0.8338986949910951 0.056092107010186416 0.2121083667078345
4 0.15383961357264847 0.58596637627792 0.08557517900398831 0.16015543246581168
5 0.10011376103874535 0.5717241873414529 0.10198148350626751 0.15681990516937297
6 0.08007226600498477 0.5198764077430911 0.06442220488660953 0.0819704998188032