0 0.3448768016488376 0.43581102714597986 0.4130191412685074 0.28472479475821433
0 0.4063705077161805 0.6118936791180387 0.3935921477952235 0.28108858491637656
1 0.2863264592192148 0.29578606748161335 0.35684786900481275 0.21177830161569788
1 0.43425952287334735 0.76113276823693 0.33722465128901413 0.20573824562001383
2 0.25917318578843646 0.18516256228525932 0.39992087553152883 0.21214727375983292
2 0.5153276881449845 0.851386304753385 0.3819166069995177 0.19664587860976332
3 0.2650359305402902 0.09417108148053431 0.325696179492153 0.15239149385240164
3 0.5698064767254695 0.9119302958798294 0.29768407785972784 0.1314662245506437
4 0.2937595930094345 0.055089676363687785 0.27344939207875174 0.11017935272737557
4 0.6011054336030566 0.940129827270919 0.24950924102763045 0.06859725240650888
0 0.7921888072389026 0.2911577741715629 0.3324169589813217 0.205430154698016
0 0.8280498785719145 0.40484788948518974 0.33222073473880714 0.2030263085441698
1 0.8520645559528727 0.5091232477638619 0.29587088809425477 0.2089123190788547
2 0.8599872585189646 0.6134594872646711 0.2800254829620708 0.20604633654201182
2 0.7302536958089433 0.09465650892324663 0.42435178555501973 0.18931301784649326
3 0.6951037885804848 0.046987990558536405 0.346938346391739 0.09397598111707281
3 0.892267336609125 0.6897359417326837 0.21546532678174984 0.19033001470880606
4 0.6814412293717146 0.0116700849447703 0.29076707412804453 0.0233401698895406
4 0.9160358410395667 0.7521284783911157 0.16792831792086652 0.15165354956413152
5 0.9353155671479232 0.8111463140102769 0.1293688657041536 0.14949691311014626
6 0.8843670296379563 0.8579424488741213 0.11744477156493634 0.09122070659056739
7 0.8455619995689757 0.885801606326488 0.0710359529154713 0.04998634983104767