0 0.5490189011032466 0.6443918993468143 0.249837622374857 0.40808404220612987
0 0.3608624488053302 0.609848095027427 0.2421645317156974 0.38151585664174364
1 0.70588339411047 0.6807940790410408 0.181732703544001 0.3612361051436537
1 0.2030389754043491 0.6972649719016238 0.10832874750149345 0.14848082417509983
2 0.832022378251354 0.6866027110331836 0.1801260839133188 0.4068672227760376
2 0.09476100025454011 0.7013864192050617 0.08357697802125377 0.10719584665278713
3 0.9294830457088552 0.6822924469216278 0.12357884365407219 0.333786774474718
0 0.5513625380898677 0.4412459197014678 0.17949669455292613 0.3708095304683454
0 0.431275128624292 0.43313833978221083 0.15524843656100054 0.3583707067921863
1 0.6765933141886783 0.4302066489713411 0.17199144105653785 0.35385672951934377
1 0.3404683622649676 0.33176329170592145 0.13801408716150393 0.19706125874033703
2 0.7942139385643685 0.44187803883067445 0.1806715546923254 0.4381172227760377
3 0.9079709546729551 0.39937897164708364 0.12148087911943069 0.21359446678241029
4 0.9642095835441827 0.41478809190144206 0.061426684563969595 0.21494933066893568