0 0.5962314517703985 0.37177609975295867 0.3959326102364456 0.24355131922083187
0 0.610226027611687 0.557889690603968 0.37890978870969355 0.2376653086861468
1 0.5968823836799656 0.20869967494391756 0.3501166996194392 0.17827850092285066
1 0.6889244610135504 0.6859115610074661 0.2281613058786715 0.12730699710367224
2 0.5934643326121409 0.08885374946758616 0.410212853465593 0.17770749893517232
2 0.7388481574162249 0.7846089996734512 0.10909950441632187 0.08850876951472322
3 0.5643916577947663 0.0292045116988949 0.33275514594892885 0.0584090233977898
0 0.38889054495563513 0.42941814051452315 0.3327020811930294 0.16277710577278107
0 0.4034197513905108 0.5435703922111469 0.3328000304179438 0.1651809519266272
1 0.3516717238965926 0.3131235514666203 0.3330938780926871 0.17239249038816568
1 0.3349183162927798 0.6654410584660808 0.19931515203251754 0.12545845157168473
2 0.3443050813107981 0.19971108646392274 0.4385692611871746 0.17195895221058122
3 0.2845701018429102 0.10643752194962586 0.23287104896144925 0.1252112418718239
4 0.2986197339573947 0.035751443791350514 0.2098651444280316 0.07150288758270103