0 0.41463976043967665 0.4146021309935938 0.36659217410700096 0.20882854440298879
0 0.44141531711162596 0.5914106898116193 0.37139986641469314 0.20885651473861835
1 0.3551895845257543 0.27125162598000735 0.3479466867651706 0.14623064822828516
1 0.4505945581330376 0.7416790447626335 0.3286459727549818 0.14371492073192071
2 0.3328812450005266 0.1653705138682582 0.3763032271553879 0.12957154716513963
2 0.5051449863969298 0.8405374181783439 0.361740260673472 0.12467994385055849
3 0.34135540258228075 0.08490460096957862 0.3056124617819762 0.09551213114466435
3 0.5398001700255673 0.9164473717899976 0.2812942211258367 0.08575689485113167
4 0.36756576537341157 0.03578658424560262 0.24439719146511016 0.05670096348775599
4 0.560394862455017 0.9634342531325158 0.23492169640856467 0.06145271512418905
5 0.35258313021497856 0.016471904007944613 0.21711554641976852 0.027700972795639378
5 0.5660069197260338 0.9892464269180083 0.20502637087111816 0.0215071461639832
0 0.8401333914972373 0.37621911366533556 0.3021337202832545 0.14115723773211178
0 0.8522215557684886 0.48687295516524 0.29555688846302286 0.13155583828454182
1 0.825993706782503 0.26197348810247667 0.31655679720633145 0.14124114873900048
1 0.8646301071925901 0.5963318661721289 0.27073978561481976 0.13147192727765308
2 0.7774179215135164 0.16194815452938016 0.36195009501173037 0.13189148231209694
2 0.8636951014065537 0.6936736502350832 0.27260979718689254 0.12428835915174447
3 0.7522032605517146 0.08008452620437036 0.3038381186429056 0.11713276136146494
3 0.8854567445232167 0.7803309856999706 0.22908651095356666 0.11443522668350808
4 0.7389949685323521 0.03914921574991175 0.2520283986031657 0.07116599591427729
4 0.9032978669017226 0.8441308049515973 0.19340426619655476 0.10222020356487004
5 0.7093094773331642 0.01013523988998035 0.18304203158940524 0.013082103523155305
5 0.9149894843367742 0.910299507437533 0.17002103132645166 0.11411356782376786
6 0.5797465917534401 0.01779350236644288 0.0729547219684187 0.02926570888059774
6 0.8395336572456403 0.9338135251829397 0.1833660318329202 0.10681811835534041
7 0.7766360991320417 0.9610871490050783 0.09048109283953701 0.053402066593762884