0 0.4073674229012623 0.6461277640405623 0.2896705585798446 0.399655513881397
0 0.5883307005917716 0.5875814901704235 0.2911636418862828 0.38766425439454394
1 0.2639549208248836 0.71624572816189 0.2198127302994102 0.3652184718209777
1 0.7451092269249237 0.5629408039955295 0.21077966614305574 0.34109609643538347
2 0.1574018662435714 0.759515800996435 0.22309147655007852 0.4084877025902085
2 0.8470188103927322 0.5017118132130824 0.207211179071149 0.3890891056651737
3 0.07495996887218188 0.7617246902389518 0.14991993774436377 0.31406639181314616
3 0.9094650162668536 0.45415151679483107 0.1337102994010833 0.3065751405278315
4 0.035951972702198694 0.745527121015525 0.07190394540439739 0.2510349374479715
4 0.940679153516268 0.42256586140629976 0.07164633004121758 0.2482115220584612
5 0.020244862105104327 0.7601879538388114 0.040489724210208654 0.2435996287274121
0 0.3487176552770513 0.21570028815552675 0.2207593558974038 0.3460156738725862
0 0.46508617841852246 0.18552549839643656 0.2028395174035912 0.331396797972866
1 0.22967205712751151 0.24950881842776382 0.21114397128201912 0.34590378874307576
1 0.5673048534911391 0.15580077535133022 0.20192875455618328 0.31160155070266043
2 0.12321007883094012 0.29157696818538553 0.22068763039623238 0.408459731307831
2 0.6748224650457376 0.14797386867748438 0.2032396852931402 0.29594773735496877
3 0.06592219725301106 0.33089163075944106 0.13184439450602212 0.3382167384811179
3 0.7586479888255451 0.11978419790189027 0.1750117146566022 0.23956839580378053
4 0.033323984357192075 0.36609704101993035 0.06664796871438415 0.27261361026783165
4 0.8214943625892153 0.09893193635853385 0.15028050559080014 0.1978638727170677
5 0.0031296176152192517 0.40127447999804206 0.0062592352304385035 0.20706642461930053
5 0.8740878177443155 0.08654907891839418 0.1268243645113689 0.17309815783678836
6 0.005276746881859279 0.5285664410223778 0.010553493763718558 0.06786711795524443
6 0.9033879336058968 0.15400640295259313 0.08064069263043304 0.1450419364197198
7 0.923619122560538 0.2198184737183975 0.04225087967006594 0.0821503384664334