0 0.4279603446595584 0.6153846153846154 0.361613738759889 0.1971153846153846
0 0.43485991820971487 0.4266826923076923 0.37118716408458086 0.19471153846153846
1 0.3939410314738315 0.7740384615384616 0.3581189510480293 0.1346153846153846
1 0.42069741009178657 0.27403846153846156 0.32902104145771843 0.1201923076923077
2 0.3738561800760367 0.8918269230769231 0.39379900973948617 0.11298076923076923
2 0.45742036775838674 0.16706730769230768 0.37435844405525276 0.10096153846153846
3 0.38693655969694307 0.96875 0.31359094155801365 0.0625
3 0.4767919112144035 0.09014423076923077 0.2991678646349366 0.0625
4 0.4872464816436447 0.042067307692307696 0.24590561563408586 0.040865384615384616
5 0.4637325112388435 0.01201923076923077 0.19272728521462065 0.02403846153846154
0 0.6171867588701418 0.5853365384615384 0.3579930731759508 0.12740384615384615
0 0.6192008048233977 0.4699519230769231 0.3602290821670254 0.11778846153846154
1 0.6462968350448074 0.7079326923076923 0.30278853021887475 0.13221153846153846
1 0.65602866071673 0.35697115384615385 0.32897908216702565 0.11778846153846154
2 0.6346464248308206 0.8245192307692307 0.39388292832087185 0.11778846153846154
2 0.7373486501015626 0.24278846153846154 0.314514045953256 0.11538461538461539
3 0.6773972477585684 0.9230769230769231 0.2179406068924815 0.09134615384615384
3 0.7329334877632747 0.15144230769230768 0.19124654345601672 0.07692307692307693
4 0.6512547383932878 0.9747596153846154 0.22203499125839563 0.05048076923076923
4 0.7100069474281732 0.08774038461538461 0.1692762537458585 0.057692307692307696
5 0.6893793550201858 0.030048076923076924 0.16931821303655153 0.06009615384615385