0 0.32481028117783367 0.44492905180927 0.3735239334508613 0.2228336592003776
0 0.33631056174688057 0.634051208131046 0.3592407460866234 0.22663279172042322
1 0.29619043658739425 0.2857961957529357 0.34052531396537356 0.16055229248098912
1 0.3276707909527045 0.7905786180692929 0.3261721818217161 0.16194757884718833
2 0.2975708347035306 0.1683439208103564 0.39292031589405235 0.1474234219587709
2 0.38384281097003686 0.907257439854767 0.3663381186429057 0.14076670337372613
3 0.3226620810239493 0.0825366091212948 0.31961587002853614 0.10151523840515232
3 0.4222786257779925 0.9737590122887136 0.2976315307468231 0.05248197542257261
4 0.37566447540448533 0.04905909294035487 0.2513289508089706 0.06315477990895453
0 0.8022663836607646 0.4471296180995551 0.31401306149364616 0.15629942004979044
0 0.808202441175296 0.568691942166727 0.3041878425400034 0.14841550839648754
1 0.8034719198283522 0.32366772777236047 0.35028058813959717 0.16603235798044588
1 0.8283867136643556 0.6852532106369303 0.33063015023231085 0.1502645346738398
2 0.8260379279083396 0.8022599823433215 0.34792414418332085 0.15071827458499298
3 0.8455006420402855 0.8936649128471108 0.30899871591942885 0.13136995203895305
3 0.7929987003876797 0.12862000271493973 0.3951842724890594 0.1427838229490197
4 0.8604688248360606 0.9536701832854289 0.26474707716659157 0.09265963342914237
4 0.7687982387274608 0.08014811638449898 0.2875964774549216 0.07288771783960996
5 0.8630696435013738 0.9829659587052532 0.2065651560183475 0.03406808258949376
6 0.7781877461060623 0.9952458460795808 0.15771884036780975 0.009508307840838516