0 0.6571601740283252 0.4258994668251238 0.3714044025734117 0.22575378526860382
0 0.6628882121685238 0.610486588906991 0.352075684117728 0.22234209720546863
1 0.6718423859613114 0.2724942438142841 0.3349100288970466 0.15427852346580925
1 0.672440360223828 0.76034392199675 0.30125618274320043 0.15251480012455304
2 0.6582212549286155 0.16337631510124848 0.3751877181629446 0.14199711059997197
2 0.6404373889459042 0.8658663030983007 0.37018412740542345 0.13693745781495728
3 0.6303505031881639 0.07880587969096113 0.31131642901414236 0.10506777824093574
3 0.6106158329940481 0.9474132127807202 0.28438437519726223 0.09166276484643222
4 0.5734907639076291 0.055349661655401075 0.24724924141551108 0.06333075357420721
4 0.5797127454246908 0.9813769635209599 0.23061821678841687 0.037246072958080134
0 0.1923852979242447 0.42201797307121297 0.30596592582597837 0.1503629144480292
0 0.197348094356193 0.5367045863335499 0.3009623350684571 0.14530326166301458
1 0.18992429687105702 0.30505349389369096 0.3203890027490553 0.15111879587999613
1 0.17962127616397455 0.6465886180978365 0.33952182275491005 0.14972279163543936
2 0.2244290635277413 0.19725324687695547 0.32470694893217533 0.1393515255880877
2 0.18743781275299234 0.7561525884558283 0.3748756255059847 0.14768666457829235
3 0.21939485024882824 0.11387962373394912 0.27614027973068 0.12481269004563379
3 0.182308798188383 0.8466747599410426 0.3266210489614493 0.1274582750575179
4 0.19255665551342058 0.06308901471616908 0.26775335057016814 0.09558859548349646
4 0.18702263141460304 0.9083507775801031 0.24930617513871456 0.11381152280497658
5 0.1859227477060366 0.9563374960858595 0.2081469428485866 0.08732500782828094
6 0.2877923615697548 0.9673284417072326 0.1234246321144845 0.06534311658553477
7 0.34815992085614444 0.9927475750613248 0.04704436607187919 0.014504849877350413