0 0.6165865384615384 0.5349587082340546 0.3870192307692308 0.21784193242348893
0 0.6754807692307693 0.3478059225308146 0.23557692307692307 0.18130345050526758
1 0.6165865384615384 0.7044298620802085 0.36778846153846156 0.15467037916403223
2 0.609375 0.8344893868601969 0.39663461538461536 0.14125463213014036
3 0.5949519230769231 0.9359545902663279 0.34375 0.09854247605124983
1 0.36778846153846156 0.6361950054513523 0.34615384615384615 0.14670334328560514
2 0.3641826923076923 0.7637247678413467 0.4639423076923077 0.1387973762305465
3 0.29927884615384615 0.8693566447073976 0.2403846153846154 0.10935595420474716
4 0.31009615384615385 0.9495077421527994 0.21875 0.08215814909555054
2 0.7391826923076923 0.07394678697424897 0.125 0.06926894234031462
0 0.32572115384615385 0.5126640282064139 0.21394230769230768 0.12285564539607098