0 0.5954749161864363 0.5621242648196041 0.4084681595730951 0.24710064209604737
0 0.5771681001279034 0.3777554627970615 0.38375732484286895 0.23692575607788496
1 0.6158828984692334 0.7164449899190699 0.3630642559133 0.1812456435574789
1 0.6755824091625497 0.2230690519076917 0.1514587810422378 0.10672239303205143
2 0.6122018792308985 0.8377273204077451 0.4087373328363769 0.18230869622275656
2 0.6890721763055455 0.11595802271084343 0.10891246344744204 0.08173277910886757
3 0.5985187487986265 0.9304432477516554 0.33208342917658157 0.11572634586057727
0 0.39603973206617604 0.5655662033857368 0.3723434539328021 0.1766617518108977
0 0.39826668828067613 0.44791761719796974 0.3564075373282552 0.15469143558461573
1 0.3730438969481015 0.6884980580735575 0.35775228371178425 0.1739222048153851
1 0.30609654129474684 0.35886541910320485 0.19914897754060837 0.13663159954348308
2 0.37707869606512856 0.8024009996798609 0.4372473000866484 0.17817240559839795
3 0.3236733274367596 0.9140409754220615 0.21479924753194352 0.12019632744850438
4 0.33560027488205474 0.9665619148948714 0.2100926351895918 0.052888635140812074