0 0.28901856220247907 0.4509771354317525 0.38297469495604813 0.2523964765312216
0 0.3080470791678893 0.630479228156857 0.36606382772169294 0.24891431215038295
1 0.25924141449635096 0.30331078393957533 0.3471383007089678 0.1877398400772363
1 0.3160217231745378 0.7815668628077359 0.3108287759289791 0.17821761970071365
2 0.2584630417453988 0.18761807763296204 0.3850961742259138 0.17578149053014266
2 0.36654063494521255 0.8871963472186739 0.35110655144233915 0.16400946946077255
3 0.2770260872555218 0.10448475774483987 0.31627748708444386 0.12819898685294115
3 0.40724956891276476 0.952459472428089 0.28709555660856173 0.09508105514382183
4 0.3265720330875064 0.06549835927251128 0.24813035320243074 0.09984725240650884
4 0.43852627378563863 0.9799953186529238 0.2449710096316958 0.04000936269415252
0 0.7508813627036373 0.40227481848255303 0.3180403143905177 0.1786797560837104
0 0.7649228613794593 0.5176128517477375 0.3106608876141151 0.17340992739302108
1 0.7005723113265426 0.2906357186869996 0.24774116682695452 0.15738551463781755
1 0.7899495560624532 0.6288363972797248 0.33469934915257665 0.17495038200301083
2 0.728346287870732 0.1852050194508353 0.39719934915257665 0.17895556398898357
2 0.7995611111390274 0.7330490319306038 0.35890569900590236 0.18129852892069265
3 0.7141636057529196 0.10840554737768875 0.32648048080185316 0.14564209177386006
3 0.8193756599330109 0.8210509253485554 0.3125610688233685 0.15914089593094316
4 0.7057654114203001 0.07293359630292372 0.2711614848517074 0.07254155317034458
4 0.8303303215284982 0.886802021537896 0.2540293195567402 0.1314053433285069
5 0.8363513745801453 0.941522024625892 0.21375154404338031 0.11695595074821614
6 0.7418458771632567 0.9578178593434998 0.13341729107727218 0.08436428131300033
7 0.6806164771917695 0.9871342203268317 0.05696734468710328 0.025731559346336478