0 0.4486286432830751 0.6237980769230769 0.23828149053014266 0.3798076923076923
0 0.6319371328193786 0.6334134615384616 0.23781935414714567 0.37259615384615385
1 0.2976018898543334 0.6490384615384616 0.16222180515092235 0.3557692307692308
1 0.7805438985859119 0.6454326923076923 0.16246901485078305 0.32211538461538464
2 0.19086180419967796 0.6526442307692307 0.16274482275605637 0.4014423076923077
2 0.8852813932475809 0.6105769230769231 0.15353069330153155 0.3701923076923077
3 0.10623461182099715 0.6262019230769231 0.11377590992986421 0.3125
3 0.957350415814806 0.5877403846153846 0.08529916837038808 0.27403846153846156
4 0.06096279005877996 0.5949519230769231 0.06215594124996516 0.25721153846153844
4 0.9908269254479377 0.5805288461538461 0.018346149104124593 0.23317307692307693
5 0.046185040094274224 0.6081730769230769 0.029827623022972476 0.2403846153846154
0 0.45386110188261397 0.18028846153846154 0.16379454277763658 0.30528846153846156
0 0.5681208169208057 0.1814903846153846 0.15642895885509928 0.30288461538461536
1 0.33448560361473195 0.17427884615384615 0.16727670715847537 0.32211538461538464
1 0.6757547347303863 0.17307692307692307 0.1555655673112426 0.3269230769230769
2 0.22386209841837795 0.19230769230769232 0.15639667583837444 0.37740384615384615
2 0.784852084419457 0.1875 0.15377790300139246 0.33653846153846156
3 0.1463532802623738 0.20192307692307693 0.14727571062271141 0.31009615384615385
3 0.8698035092284981 0.1814903846153846 0.14215992739302136 0.30528846153846156
4 0.08528627153079532 0.20552884615384615 0.11457842025158367 0.25
4 0.9365254603032631 0.19110576923076922 0.11667417548343195 0.24519230769230768
5 0.051154147485589954 0.23557692307692307 0.05784266834199441 0.18990384615384615
5 0.9717538864894796 0.19591346153846154 0.05649222702104076 0.20432692307692307
6 0.05571278768776537 0.3629807692307692 0.05843025198057779 0.08653846153846154
6 0.9790567467842237 0.29086538461538464 0.04188650643155256 0.16346153846153846
7 0.03874611825254956 0.4170673076923077 0.022311678450748336 0.04807692307692308