0 0.6448698674695857 0.62554258066218 0.38169829580242126 0.2223907788742524
0 0.60145244015121 0.44461069251052404 0.37583905705811926 0.21025964782446602
1 0.707758884652349 0.7685444566849363 0.35814147553119635 0.14507605096923123
1 0.5851229590374638 0.299094074992415 0.32469793866467206 0.14669659515918823
2 0.7370245670275625 0.869981571338836 0.3937785492642449 0.14110761076570538
2 0.5331258928443728 0.19832735708279955 0.38353223678689446 0.13367227174305582
3 0.7394725451324768 0.9528023633659728 0.3152634420358974 0.09370007949401736
3 0.4895569988400995 0.12534474529310938 0.2859966696150995 0.0882209855029917
4 0.7082971884298414 0.9854420724214746 0.23915218096139604 0.029115855157050747
4 0.4623039653448004 0.07433244972970124 0.24344881070113955 0.0680390638875002
5 0.4625447859784187 0.03595483647857945 0.2231664950337605 0.05557223199604719
0 0.2190431229615372 0.6528150960072117 0.31967993706965786 0.1441808487247866
0 0.19844643340875964 0.5407844742221155 0.31487224476196557 0.144068948444231
1 0.2407365809475769 0.7636717697855235 0.3246979386646721 0.14669659515918837
1 0.17696328471004194 0.43233164659764967 0.28999254607421626 0.13389406242606855
2 0.28944334184088155 0.8679603317154917 0.3695297784384613 0.1381442632090814
2 0.1668232169219367 0.3301402099890493 0.28737839063304815 0.13143426613194473
3 0.3167110859865367 0.9421128717557692 0.30597823200185165 0.11577425648846155
3 0.14253031414508502 0.24441202054556635 0.2522523794679485 0.1138240410911327
4 0.3376842621628899 0.9762702691721155 0.2496088027260683 0.04745946165576898
4 0.12295465968262073 0.1851820889346689 0.22319591633447275 0.11074879325395319
5 0.10734546037856105 0.11644867298894239 0.20501669354031316 0.1223204229009617
6 0.49420450409722033 0.9959226743330662 0.07118370347279204 0.0081546513338674
6 0.19083443725085456 0.08360710880817322 0.171362847386467 0.12153712093707278
7 0.24433526984707965 0.06446126972686986 0.0934786680200853 0.08134112812692315