0 0.35994644188456676 0.4711538971032458 0.3855336318217453 0.21269846348606827
0 0.34985358157493646 0.6597718760227368 0.3758202979814463 0.20995884070249377
1 0.3568936553384502 0.3097604281658252 0.3541407981278158 0.14919113359688324
1 0.31253072963024064 0.8077190635145812 0.33240823351828597 0.14603179002614844
2 0.3659356065519714 0.1764728828635118 0.3953000304179438 0.15782972273476717
2 0.33485916987614145 0.9096039877078727 0.3625807920442271 0.12068075638045773
3 0.392739088622545 0.07991458312834736 0.34266437823905677 0.10318228004407796
3 0.3486986415931739 0.9741491309485274 0.29812180754593814 0.051701738102945156
4 0.44888256080728683 0.031322557439800065 0.24165795530850323 0.03964441574320859
0 0.5606941281086703 0.5070513601736949 0.33903207663033785 0.13186054557536764
0 0.5450773083955547 0.624462073003712 0.33672617970140617 0.13418044757178185
1 0.5980435124313158 0.38799229860672035 0.3228907981278158 0.1480998595502661
1 0.5498931809901314 0.742586311171902 0.3703800258552523 0.13535566577583105
2 0.6063018698455214 0.27393552253517617 0.4331738735299956 0.14474975233060364
2 0.6076916181942378 0.8601534746497516 0.3464395135417052 0.13692007035535608
3 0.6406107380523769 0.17041751681076958 0.30037463971897055 0.12570974674876195
3 0.5865283968431293 0.9364469703920879 0.3046925859020905 0.11385840429439534
4 0.6438920370870108 0.08988867065692342 0.25102437671815964 0.0927808636001202
4 0.576721203921358 0.987515297775482 0.1868592398946138 0.024969404449036094
5 0.6399393554255989 0.03919804103257397 0.14300231377589648 0.033798859134646905