0 0.565211833787316 0.5555851329804482 0.2302292195278524 0.38741490150737196
0 0.37562268231366613 0.578034040216239 0.22516977147600306 0.37287992430373945
1 0.723907639231855 0.554296269875961 0.1649057804670779 0.3618657861814103
1 0.22738144729836834 0.6271760258365382 0.14778514235530502 0.34464721212254273
2 0.85230361200916 0.539283706601869 0.17527643231493345 0.4053588175117523
2 0.12720223900682462 0.6054594951196046 0.14111907467277338 0.37572936170170956
3 0.9424603212400201 0.5022179068301275 0.11507935751995974 0.327260787642842
3 0.051187370125820975 0.5903950014614315 0.0770246216264458 0.28292850420833343
4 0.9850132024213841 0.4555097523119116 0.029973595157231834 0.2604546367195513
4 0.02681323426181679 0.5717237336334402 0.037681938060357904 0.23155253273311965
0 0.5164337693529697 0.3787635702611106 0.15052466283469373 0.3639339314935899
0 0.4002038848623203 0.40190984437227534 0.13842151348407747 0.3588464884845087
1 0.630811361760957 0.31838565583546957 0.15499668081684348 0.3448150625433761
1 0.28317677384850704 0.379383041560363 0.14812081668084773 0.36387798135331206
2 0.7437082124103406 0.3109483069347216 0.16679394854825538 0.4700388631044874
2 0.1633472034192658 0.33407565042719006 0.15769424200553944 0.361697935760577
3 0.8450744474256384 0.262897349049839 0.14002813311475995 0.3132293617017095
3 0.08802466283469383 0.3586746183074786 0.12037777097706225 0.2887432990410257
4 0.9280490990240235 0.2633709153641018 0.1004756530952077 0.249834159457265
4 0.03041627372377181 0.3648251139818376 0.05134974775096387 0.1886190028055556
5 0.9725622121608701 0.264739683922809 0.043760575673189805 0.16681653700010693