0 0.5834897059165048 0.33923101243717374 0.35178855769104034 0.20743274569100245
0 0.5805221391071197 0.5138949722435172 0.34685498751126953 0.19991311630746614
1 0.6182107842142041 0.1914106154839976 0.3409563536455637 0.13710502538546812
1 0.5951008866086133 0.6597593603231379 0.31219411838079536 0.14006417216117292
2 0.6235970935306044 0.08638117140869306 0.3599773264228686 0.12631815830422902
2 0.5608894030914053 0.767839273007353 0.35512767482448354 0.12360622122838495
3 0.6137989753992794 0.025322013360024383 0.29444409090863005 0.050644026720048765
3 0.5405765053636142 0.8449468360024975 0.28710667457501304 0.07842756370502932
4 0.5209829988697786 0.8943331454979115 0.23156645729239445 0.060461441178976665
5 0.5324506755678251 0.9308995563080317 0.20740211788185453 0.05170944810744871
0 0.17259985077158396 0.37518817088337975 0.2977290821670256 0.13673605324133303
0 0.17699676323333957 0.48921681773007314 0.28798781967956255 0.12890833293579881
1 0.17543545641671324 0.26189931073061257 0.30726054820102455 0.13254454277763658
1 0.16444087474609365 0.5971122443422207 0.30717662961963893 0.1277368504699443
2 0.18565043768615225 0.15776369881023322 0.36718886488440716 0.12678029468722585
2 0.17221278033980789 0.6976886691512618 0.316666136362945 0.12114149385240143
3 0.21070808878559655 0.07674227566232163 0.2974353671321758 0.11990913016440999
3 0.15925827859098002 0.782747557301871 0.2780787200293281 0.11146522801488
4 0.21826138486485502 0.03654404095323269 0.24172731268678596 0.07308808190646537
4 0.15912631742672415 0.8441226569554472 0.2346836113880188 0.10148087125536029
5 0.2646748326672339 0.007097846771445362 0.14705420829154367 0.014195693542890724
5 0.1698955825361616 0.9096122443422208 0.19402802322609836 0.1108813291876088
6 0.36928409965023445 0.00484181773007311 0.06540735764216016 0.00968363546014622
6 0.25929944242609043 0.930354869977567 0.15092662961963893 0.11772389550501217
7 0.32439210538805435 0.9370129502229029 0.0683147152843203 0.062005580600278436