0 0.5747357342694214 0.5418599342405339 0.2616470566906237 0.3933093508652915
0 0.3998484784005291 0.5757017788047305 0.25911733266469905 0.38608382723593826
1 0.7274009446839984 0.5415460693198505 0.19354213785976745 0.3472446892434003
1 0.2596701342449812 0.618159869840703 0.1812711513463799 0.3327516864812493
2 0.8381037456329999 0.5349778485777926 0.18915403845900378 0.37125518044623224
2 0.1541106999292146 0.6055252916876213 0.1770089298176944 0.36397371614561974
3 0.9215819087196991 0.5042103368674031 0.13728861263537093 0.2916345688451984
3 0.07722958229683052 0.6026739201637016 0.11046867132682782 0.2698461166146204
4 0.9583319293238232 0.4647566528461636 0.07116794705143274 0.22154543085266043
4 0.03902085258658165 0.6012202640661122 0.0780417051731633 0.22885486548890255
5 0.9774578003278603 0.4708781495732973 0.03232877497365868 0.19968705278300833
5 0.021805806070749896 0.6239519137690397 0.04361161214149979 0.1854038275380794
0 0.5151309253272266 0.37563093526196467 0.18101939560222297 0.3183286095581725
0 0.40647531656118213 0.4026458334795296 0.17621170329453065 0.3183006392225429
1 0.6229202853418906 0.32937827522972307 0.1830036488491406 0.29430413318752574
1 0.29134245692072375 0.3875514685013425 0.17368197926860596 0.31107511559318957
2 0.7302271135135872 0.31076984596671237 0.19699496628093463 0.4073548282573689
2 0.17894911775965414 0.3532403194602009 0.16900016483299213 0.31825868371909843
3 0.8118888605161397 0.24633450293466191 0.13396166208628257 0.23873596829276822
3 0.08985995254992155 0.36113632978951493 0.11612771603273152 0.18094576442575702
4 0.8885601816950596 0.26120510522781226 0.107015842905661 0.20973597760065166
4 0.0393504436199469 0.39568442532835857 0.0787008872398938 0.16874472647493377
5 0.9388521341177113 0.27231610144423074 0.07285848526350072 0.1806940314050906
5 0.015091695805348002 0.4147683502970725 0.030183391610696005 0.15645977751722193