0 0.4684533285580133 0.5526382722375576 0.3650529342991455 0.19440546747991186
0 0.4784843194692845 0.36385243815374574 0.374444518353419 0.18484602353578639
1 0.4360044202982377 0.7078961266778564 0.34654750701388903 0.12219218668982361
1 0.45335282031730784 0.21373792004869432 0.327260787642842 0.11967645919345903
2 0.42189107902478706 0.8245805613140985 0.3896488873622865 0.1152323812489513
2 0.4965640910681625 0.1077029710909824 0.3628149286880343 0.0982516213260656
3 0.45051544218792816 0.9181767244681358 0.3094267620409188 0.07630933224952476
3 0.5139764807399039 0.029466089748464024 0.2897483916879274 0.05696668167623711
4 0.47461085880571663 0.9721304038354337 0.24597560965619672 0.03508033327095543
5 0.4522219214664004 0.9914940321604434 0.204606673778312 0.013207970033488546
0 0.6541359539380346 0.5251121140396032 0.34632370645277777 0.112576802074439
0 0.6527082204219021 0.41212435222492655 0.3487835027469019 0.11499463339609993
1 0.6881554858817848 0.6439206914733955 0.29869438449807717 0.13152786794891222
1 0.6956956906116456 0.29647401865183004 0.3272048375025642 0.11727261303961295
2 0.6764459907621801 0.7605911409418227 0.401500267710684 0.10809076862648691
2 0.7592557284597757 0.18671442653692313 0.3052904714165599 0.10512751576004896
3 0.7315965868280455 0.8576392364806664 0.2328393859595087 0.09028488380252825
3 0.7691488538984509 0.0952983468516953 0.18940230476944464 0.08282161232032337
4 0.7116684507219025 0.9310824106833073 0.21791275777393165 0.06856635741102388
4 0.7399939693417201 0.03055533012771931 0.16458054126709407 0.049027914488329244
5 0.6827673516745201 0.9805360714348382 0.16899658259284187 0.03222896174703585