0 0.634807627971781 0.2972649523376587 0.22747325821012893 0.3759669554321526
0 0.4513589004387383 0.2960221427835989 0.22148891281684868 0.35888807187790717
1 0.7843756393954012 0.27977580280595177 0.15406366719388542 0.31942891312636357
1 0.297453969934949 0.28599304178473617 0.16077092576160054 0.3125953153808086
2 0.8938094160530365 0.2921355382200459 0.15122255447881644 0.38155097241038016
2 0.19163419918304794 0.32531599867833444 0.1362951976619161 0.3735835525168748
3 0.9667408371164516 0.3187872595089137 0.06651832576709674 0.3070419632604335
3 0.11527417881142983 0.35465074105020666 0.09726236597395375 0.2948967522525416
4 0.9899050455156873 0.3681342065917325 0.020189908968625596 0.2497378179033935
4 0.06071686712236821 0.38525550742797454 0.06265050001513114 0.2451820860730235
0 0.6549782637582768 0.7582313919925029 0.15372748059800317 0.3146212208186714
0 0.5377193521049738 0.7547260489521844 0.14584356894470027 0.3046278954873033
1 0.7671773431569757 0.7583829262793744 0.14959216148207533 0.3239846449567337
1 0.4255790493639103 0.7726663509384897 0.1497602547800166 0.3263884911105798
2 0.31542235953184006 0.7844710573015181 0.15429877382442705 0.391292337264426
3 0.22991772777236047 0.786539509620143 0.13757293071284463 0.3233547437634276
3 0.948786960986951 0.7409039983669518 0.102426078026098 0.31816911073975207
4 0.9834913902529292 0.7479367880897828 0.03301721949414171 0.2754140225444503
4 0.16579557145058457 0.7838683705600483 0.11844324144741605 0.2552911700237686
5 0.10785112381136515 0.7832861270571468 0.12089762758393253 0.22188928434724475
6 0.08421642216782627 0.6868122194970057 0.0803519562145 0.12156786869829644
7 0.06276693339752211 0.6215883119368646 0.041823404420361074 0.05009260689550169