0 0.6080197770757463 0.6264469717743536 0.2894184383336352 0.3964004857624417
0 0.4181747075795354 0.6411400543181198 0.2343321367258548 0.2609878746238931
1 0.7668752231938337 0.666433941054003 0.22814563140189337 0.37852458041819786
2 0.8880774905898879 0.6938352291400685 0.22384501882022406 0.40741269355504445
3 0.9542000131538073 0.6990354514171653 0.09159997369238528 0.3435699962528739
1 0.7346930333466323 0.4293823595106535 0.23804666263048965 0.4171119967518147
2 0.859945173293544 0.4351700118574499 0.23576036979191445 0.4530857704781214
3 0.9468291780357329 0.406989123370204 0.10634164392853435 0.24977803696218112
4 0.9903252787605401 0.43777148788040543 0.01934944247891989 0.22667484640331664
2 0.14042116016999895 0.6518977765977514 0.08157914928275829 0.10226227647301628
0 0.6196028612166339 0.3457424425533605 0.16774735759259748 0.2358165122367253