0 0.6386602946790768 0.5781925217736258 0.3567361862013833 0.2039369410884075
0 0.6178224472035652 0.4099932168434689 0.33472363010078443 0.19659953611653608
1 0.6810118881101849 0.7210185829941573 0.31487318129599373 0.13880933224952477
1 0.6118434966768022 0.27296699349033077 0.2971643965484425 0.12188451299789804
2 0.6963593735846522 0.8303376423228982 0.35801643182656334 0.13665721911634476
2 0.5676447465465391 0.18665928722081337 0.3277844953551367 0.11004708941025963
3 0.6771081611153146 0.9218236478472 0.26440263368450856 0.09285655197015184
3 0.5404567790415487 0.12670298505280747 0.25340146644385125 0.066358303606585
4 0.6581191307425834 0.9724302835883023 0.23088498938860788 0.04940551401932872
4 0.5181973732732695 0.09196608974846401 0.20672054761148517 0.046861816187334634
0 0.4518582968013553 0.5696609876638878 0.3024760098107793 0.13152786794891222
0 0.4380906751197946 0.46754647421277806 0.3019720888561348 0.12191248333352761
1 0.44582312736852947 0.6839136058106541 0.2865309484044844 0.14825689485113167
1 0.4064831776423795 0.3691426187510486 0.30222404933345703 0.12672017564121993
2 0.46591531503135847 0.7920027717268423 0.3769952405800102 0.13196140815117102
2 0.37911135058903944 0.28273701630682757 0.24542382493106166 0.09755236293532586
3 0.4420453806123203 0.887122516817543 0.24327193925453783 0.10234607007520324
4 0.46005889433724023 0.9555482211952694 0.20570248408291156 0.07329013871182774