0 0.41329916083639556 0.3991190071243382 0.32754029969911447 0.17685304619789996
0 0.4091086913047409 0.572279844048394 0.31792491508373 0.17674116106838975
1 0.38674314185636416 0.25516795071734505 0.31700181068848765 0.12385654568377423
1 0.39342956542969326 0.7071050132816108 0.29262767482448354 0.10434606362922895
2 0.39202455294603245 0.14450711379328915 0.3505297789702554 0.11703660517552228
2 0.4094680750444442 0.7994852625104222 0.31156472902040294 0.08774291081132682
3 0.41697730581874465 0.058862891225597 0.27529724025924646 0.07530411080643186
3 0.44425482204699673 0.8639975107109817 0.21246156593370374 0.05534608823384483
4 0.4509938892356573 0.013667010233567485 0.22891085539439152 0.02733402046713497
4 0.4605301910527357 0.9010753127601426 0.17834616758223648 0.02851218258825073
0 0.5941121135085174 0.42706923786909456 0.2782885164827921 0.10898592824265553
0 0.5995640915297713 0.532796511714759 0.2831801273718702 0.11384956311510308
1 0.6270797146581094 0.31849057735154235 0.2738164985006424 0.12816075490866966
1 0.6157914179526399 0.6359940686358778 0.2686731318674075 0.10887404311314533
2 0.615513223025508 0.2068236163272066 0.3649528558933322 0.11720443286978796
3 0.6643995392099498 0.11489006555112301 0.2057115796697864 0.08170448207901969
4 0.6499615659337038 0.045332369142661394 0.18863290084870626 0.06708560617929954