0 0.4739487522301413 0.38115827131212315 0.3996263408016739 0.2737918918557793
0 0.45471738790112337 0.5605881030150208 0.3996263408016739 0.2737918918557793
1 0.46349991049927664 0.22351012399268538 0.35184395245460576 0.21497139395205378
1 0.4183158072538232 0.7075414340191604 0.3458589146918254 0.20015586854394757
2 0.48403111166039214 0.10447078249971355 0.38672429930721 0.2034916806666969
2 0.44488040795705747 0.810637059892608 0.36533506340877947 0.17547957903427183
3 0.5266383335687395 0.04579636176441801 0.2936612825220944 0.09159272352883602
3 0.4622958053954417 0.8757617079108039 0.28728379627428463 0.12612739674708623
4 0.5703737456885047 0.004391459665159503 0.23690133753085563 0.008782919330319007
4 0.48064336716881206 0.9226612855326389 0.23984470116857565 0.10076452075469214
0 0.6727564221626529 0.43026606594353833 0.314216466206796 0.1927972610835645
0 0.6490364778776326 0.5398862470636403 0.2910120568820635 0.17180047367016316
1 0.7067050014124369 0.31255133727058204 0.3194166069995177 0.19799740187628614
1 0.6481530720541507 0.6476422978798528 0.27958149884037664 0.17803089091912838
2 0.7043015519907564 0.19417420300457644 0.42135926667362966 0.21825805083113303
2 0.6567869387247962 0.7534115286490836 0.2808079995391347 0.16380403823856626
3 0.772958633106382 0.10145467782690282 0.2605961090957922 0.15021501352921796
3 0.6895819566769956 0.8438992510257565 0.1793069435937224 0.11970115198777237
4 0.7700890023341672 0.04177406234199163 0.22498002051679933 0.08354812468398326
4 0.6827626683344037 0.9085822953152528 0.1823486177187825 0.09845898508818607
5 0.6620845965405265 0.93688873331145 0.1467816843834599 0.04302345455088003