0 0.4090394542839163 0.4678398259716748 0.37881183948477914 0.22662264217528658
0 0.43225551921478605 0.6547745728566957 0.36149517028328393 0.21391776683165467
1 0.37733442082417806 0.30815751295622695 0.342121567358585 0.15073212225725355
1 0.43116580731040066 0.8047211097973369 0.31788720737029463 0.1449449377004168
2 0.36878221573522924 0.1866163583496245 0.38789259350657634 0.15499700368447422
2 0.47734698244911516 0.9073967596948781 0.3745020735885433 0.12085341140605593
3 0.38274616905512576 0.08759136215186748 0.29429360748739025 0.09598647159926364
3 0.5028281499833438 0.9675735599879539 0.2790869367649978 0.06485288002409216
4 0.42035269687038385 0.03872675513218664 0.2589746245099984 0.05374979783507675
4 0.5234302083629152 0.9954249103242674 0.23655641532606764 0.009150179351465226
0 0.6141009965476978 0.49419435624324903 0.3274046427607648 0.14293288844622837
0 0.6223593539619032 0.608523972388313 0.31268771816294433 0.13513365463520322
1 0.6054998168462917 0.37145127855972354 0.3740572119329863 0.16883238525806446
1 0.6447469406244424 0.7162297454213253 0.35105130739956864 0.1342969960799883
2 0.6113706886804197 0.2504978193026078 0.41144130892046576 0.14395726516438795
3 0.6636982312369403 0.1506361645496358 0.237580792044227 0.11767415173977841
4 0.634072573734913 0.07143372307557685 0.22178642597234782 0.08343261023644558