0 0.4182692307692308 0.6657142237656207 0.2091346153846154 0.3810851958094972
0 0.6081730769230769 0.6481693554222487 0.2091346153846154 0.37387365734795874
1 0.2644230769230769 0.6942291511869308 0.14182692307692307 0.34066520352421253
1 0.7620192307692307 0.6400871203086308 0.1466346153846154 0.3239781700061286
2 0.1502403846153846 0.6927438359016652 0.13221153846153846 0.38846234748345765
2 0.8677884615384616 0.5877307038603263 0.12259615384615384 0.38337487605808734
3 0.06129807692307692 0.6748991004324948 0.08653846153846154 0.3270372428283332
3 0.9459134615384616 0.5445921139138077 0.08173076923076923 0.2980511994233402
4 0.02403846153846154 0.6267043983596511 0.04807692307692308 0.2610142802037748
4 0.9831730769230769 0.5158637390635745 0.03365384615384615 0.2581907653734117
0 0.4963942307692308 0.18747947997294823 0.13701923076923078 0.3188906985807582
1 0.6081730769230769 0.15803156932039955 0.13942307692307693 0.3160631386407991
2 0.14783653846153846 0.2132464729887771 0.13701923076923078 0.3982176216576813
2 0.7211538461538461 0.15995866384510057 0.1346153846153846 0.31991732769020115
3 0.0625 0.21933528188893892 0.125 0.3570025131451991
3 0.8076923076923077 0.1418027899592068 0.125 0.2836055799184136
4 0.025240384615384616 0.22522711827763361 0.05048076923076923 0.28993037882934813
4 0.875 0.1190315719090244 0.10336538461538461 0.2380631438180488
5 0.9350961538461539 0.10860878849811853 0.09615384615384616 0.2143362527152419
6 0.9579326923076923 0.21972315924747934 0.057692307692307696 0.11225559778299132
7 0.9747596153846154 0.26610854579154275 0.028846153846153848 0.05853164504534178