0 0.4674723603967428 0.649156754371738 0.38981473194377464 0.25546879602144057
0 0.4288151927909383 0.4690907236610551 0.3990376680741299 0.25105290061340596
1 0.4678152569059361 0.8001093159394735 0.3448777934792521 0.17457468534588608
1 0.3862822988463448 0.3295962298910134 0.3256470242484829 0.17379109154657066
2 0.4797605564435789 0.9024197013153068 0.394966114224992 0.1718239267613973
2 0.3953829419657735 0.22095584907787177 0.37813919114806893 0.17113828218699617
3 0.5139047648376288 0.9565981073410208 0.30371827086617836 0.0868037853179585
3 0.4020305836876859 0.14096572366105511 0.2898838666706455 0.11722929008422125
4 0.5489076030672426 0.9889745234275369 0.25294336363772 0.022050953144926118
4 0.4011231953406178 0.08582418595996523 0.2422485473224218 0.0913297932723852
5 0.3872644118893327 0.04812379906323483 0.2096249776248192 0.07322953027157426
0 0.8521136120135012 0.5875361987698227 0.29577277597299745 0.18090468078319455
0 0.8388313116618841 0.47632260573095564 0.32233737667623186 0.16908134846379277
1 0.8641326444166493 0.7036064587288392 0.27173471116670156 0.17629288692533096
1 0.8350662838043943 0.36834542725770764 0.3298674323912115 0.1669713499846899
2 0.8502735634162396 0.8039313272284337 0.29945287316752073 0.17555417759503092
2 0.8137011296125914 0.26794914191114827 0.35410072960960737 0.1701587899378517
3 0.8695777679633898 0.8874027402731554 0.2608444640732203 0.15966186229823703
3 0.79471593823409 0.18212285732503758 0.3018539421962059 0.14646724083003285
4 0.8844913063097118 0.9397323814558215 0.23101738738057628 0.12053523708835702
4 0.7691814156210162 0.11879028891326476 0.23798037249860363 0.12709363790533418
5 0.8596661625064456 0.9754829598997957 0.1409437156195243 0.04903408020040864
5 0.7560339946403676 0.07512926124437622 0.2091833738961198 0.09717004258512135
6 0.7550742771923028 0.9830526319092306 0.07064350443044166 0.03389473618153879
6 0.65919336363772 0.06279783070933673 0.16934826573697848 0.07877593190956711
7 0.5912969986024837 0.052843713950193716 0.09124784335881363 0.06121847978922783