0 0.2919206318539332 0.38476128960037426 0.40273186779112424 0.25420028027703023
0 0.30499142505040033 0.5752526122271371 0.39521223840758785 0.24922473754850463
1 0.24552022493398018 0.2259945382269233 0.3843036088820745 0.1913645794353635
1 0.30145022185308046 0.724430949116293 0.3468595074253916 0.16889071194658156
2 0.23158788259931257 0.10529867927211557 0.40532204242269404 0.18225274608247896
2 0.3518558107590063 0.820697700489744 0.3869546647357814 0.1578226335620731
3 0.38111936127438223 0.8899906178382483 0.2946233569014967 0.10286786298717979
4 0.40397204124428304 0.9278377096957803 0.23733230437004865 0.0703310097607909
5 0.3826616582900279 0.9598420316504812 0.21042786029474422 0.0625040197561967
0 0.6782609571513749 0.34801226005160313 0.34522588857654013 0.18085399257553453
0 0.693472245293465 0.46753417099962663 0.3446097067325444 0.17123860796014975
1 0.683636406777976 0.2265620791420946 0.3622068571144622 0.18364948971132505
1 0.7174821086265142 0.581242292054007 0.3588787381946223 0.1691704626479703
2 0.6621074123292725 0.11170798515106893 0.436880133344692 0.18778779021378242
2 0.7274540086889837 0.6886050968821054 0.41416719973308386 0.17045731587435936
3 0.6550642184314394 0.05256197875058816 0.3581407939063521 0.08274390139006439
3 0.7262073458982858 0.7644101759386758 0.3215886821989385 0.14910044131303452
4 0.7275490153335016 0.8186086146807698 0.25739418212795 0.12120342997350438
5 0.7246687336939525 0.8823385128278318 0.2004721017406368 0.13187985737606858