0 0.578125 0.6125049444345281 0.1875 0.3470228246740408
0 0.40384615384615385 0.6023258391636044 0.18509615384615385 0.33496163461411727
1 0.7259615384615384 0.6339629095953806 0.13221153846153846 0.3196154532957979
1 0.2608173076923077 0.622851263113674 0.11538461538461539 0.3024948151840252
2 0.8401442307692307 0.6295659971336249 0.11778846153846154 0.3530175437054872
2 0.16826923076923078 0.5860051573438095 0.09615384615384616 0.3454283716277133
3 0.9338942307692307 0.6123045847966045 0.08653846153846154 0.2779528421572496
3 0.10096153846153846 0.5595357867139781 0.0625 0.25589863386570594
4 0.9831730769230769 0.5838001885681707 0.03365384615384615 0.24577973776200734
4 0.06129807692307692 0.5277761919334867 0.036057692307692304 0.19534092782193085
0 0.5588942307692307 0.4325521572216092 0.11778846153846154 0.31936369755164107
0 0.4483173076923077 0.4272707461319409 0.12259615384615384 0.3194476161330267
1 0.6766826923076923 0.4172749981315066 0.1346153846153846 0.3028304895095678
1 0.34375 0.4050575137386175 0.11298076923076923 0.3216836251241014
2 0.7896634615384616 0.4092932960843282 0.11778846153846154 0.4131136975516409
2 0.25 0.38746315684486865 0.09615384615384616 0.25167837162771317
3 0.8870192307692307 0.3631227909651147 0.09375 0.22759795079855885
3 0.171875 0.34074991071546257 0.07211538461538461 0.1599126248746311
4 0.9567307692307693 0.37512712538117643 0.06971153846153846 0.1911206655839382
4 0.109375 0.35626392919655314 0.055288461538461536 0.15961890983978128
5 0.055288461538461536 0.3536022440063726 0.057692307692307696 0.13321856143816646
6 0.030048076923076924 0.39731204732787806 0.04326923076923077 0.07287065184785554