0 0.6549777938080493 0.4065385958348736 0.39957676531595393 0.23701281360982088
0 0.6088410564048445 0.5913071363468483 0.37271383904900246 0.23143572872851392
1 0.6993721242656701 0.25538892908703537 0.35763041296324755 0.16865594961083594
1 0.5977851081700869 0.7450833454135826 0.3331713328501422 0.16314880950894853
2 0.7114501976363251 0.14474206123069278 0.3924262495470083 0.15528204437905171
2 0.5322514241998592 0.8500924323453257 0.38719793866467217 0.15033446251252022
3 0.7047034097004988 0.0580970919872354 0.3315793025448714 0.1161941839744708
3 0.48376968324423264 0.9246337736774747 0.30408544841595414 0.104757054022446
4 0.6625004360182337 0.03002676162809187 0.26132728021467216 0.06005352325618374
4 0.4494701985780646 0.9603988250406977 0.24699464728490028 0.05514134579829361
0 0.16508953034102655 0.46994628743146066 0.31592379119857517 0.15785150374531967
0 0.21092660450918876 0.35711826958632187 0.2746377880085467 0.15185475018749572
1 0.2007990672802711 0.23992433867292612 0.3475944097732191 0.16356847818546563
1 0.14816998317963012 0.5814324926408374 0.29633996635926024 0.1538831487906616
2 0.22599313985341907 0.13009469760669934 0.41448148350626757 0.16071923970151963
2 0.1472541027329778 0.6884386188767009 0.2945082054659556 0.1615843007081366
3 0.2506467285579061 0.06003907089352575 0.3496680813457263 0.1200781417870515
3 0.12042168781232261 0.7744396327427249 0.24084337562464522 0.14823611912993492
4 0.26331159783945873 0.024658715817110204 0.2906844966287748 0.04931743163422041
4 0.09531696918689535 0.8435787511421158 0.1906339383737907 0.12534249771576847
5 0.07455410229786406 0.9063585302597937 0.14910820459572813 0.12380371256853942
6 0.1485982320733636 0.918801042796206 0.12400729616481462 0.10191504171982867
7 0.1961346712816258 0.9509860485822426 0.05405602711524205 0.04233422498319438