0 0.3786057692307692 0.44130695145378496 0.37259615384615385 0.2593792394728319
0 0.4230769230769231 0.6141251489261343 0.36778846153846156 0.24733203836797146
1 0.3269230769230769 0.2973768633310338 0.33653846153846156 0.18945792349407156
1 0.4387019230769231 0.7558611684122613 0.31009615384615385 0.1700733174173397
2 0.29927884615384615 0.1869607696839809 0.37259615384615385 0.1896677010112935
2 0.4831730769230769 0.842140904346149 0.3389423076923077 0.15341421635419403
3 0.3112980769230769 0.08833315153721463 0.2860576923076923 0.13387577343149923
3 0.5324519230769231 0.893536900713638 0.2644230769230769 0.10490375307501246
4 0.33653846153846156 0.035421367172119064 0.23557692307692307 0.07084273434423813
4 0.5625 0.9270159322697992 0.20432692307692307 0.08051566234118085
0 0.5540865384615384 0.41985334189561246 0.3076923076923077 0.17486702455721706
0 0.5805288461538461 0.5254687358188804 0.3125 0.17249114873900048
1 0.5649038461538461 0.3008000240250613 0.28365384615384615 0.18193871134060752
1 0.6286057692307693 0.6237467247702768 0.31490384615384615 0.17250513390681513
2 0.5264423076923077 0.19525455594086727 0.40625 0.18745964720685449
2 0.7007211538461539 0.7122694774281406 0.31971153846153844 0.16772541193475268
3 0.5612980769230769 0.0916863863921681 0.22596153846153846 0.13352614423612932
3 0.7355769230769231 0.7901916924948261 0.19230769230769232 0.10448419804056833
4 0.5372596153846154 0.03718888819039198 0.19951923076923078 0.07437777638078397
4 0.7319711538461539 0.849106901015779 0.15625 0.08263980513873101