0 0.43203066201924867 0.586397063558665 0.1978070337835242 0.32770813686188605
0 0.6036257596842262 0.583387537458587 0.18383180059648338 0.3370717657331136
1 0.2899271505346507 0.6295525830401721 0.1303873805418229 0.32412943056864063
1 0.7444746815522442 0.59064984827181 0.13418742444343415 0.3025787337654107
2 0.19111920308911184 0.648243964784112 0.11568771521107106 0.36950879245686746
2 0.8475305166354302 0.560023154340025 0.1147920277389989 0.35027802322609847
3 0.1122664570180533 0.631255287836595 0.08337077241063785 0.29448605019932284
3 0.9193363517186163 0.5288509896292333 0.07470374180698212 0.26311017232724443
4 0.06427184767796318 0.6063986201296232 0.04702986384057542 0.2362063124373156
4 0.9654276251805531 0.5128422727208204 0.05334571483004179 0.2171014210786248
5 0.04040132754051515 0.6095847964534642 0.03389102373125455 0.2119580544453899
5 0.990089978525481 0.5134926417265593 0.01982004294903807 0.1929370816680847
0 0.40217999554540906 0.17755440059670116 0.13373958070739805 0.29296334915002614
0 0.5134550174962146 0.16868819992161013 0.12412419609201344 0.29279551198725484
1 0.291826994336504 0.18043196553252325 0.12390027422399548 0.28798781967956255
1 0.6172385986504593 0.15368650598982517 0.12390027422399541 0.28798781967956255
2 0.1943889113689018 0.20275009615257875 0.11982364191470932 0.3551696341151763
2 0.7186479808480338 0.16506418081430868 0.11518057708068295 0.3070507517475604
3 0.11601365623105532 0.22179813186740763 0.10970111916893653 0.2925437562430978
3 0.7986170223318348 0.15445058628328773 0.10891739263087338 0.27571683316617474
4 0.06025101768672926 0.2364370885361261 0.09762259400535367 0.2394913036957111
4 0.8595792164528848 0.14830900973441644 0.09303882356567947 0.24421507742201778
5 0.03548812400455675 0.2720332286461973 0.05373426417172574 0.17387414960008682
5 0.9257409661506585 0.1506648133053924 0.10762652796242214 0.1964318693799445
6 0.045557980210672595 0.3850979164583522 0.05819944582269583 0.0634650636859351
6 0.9498732510971934 0.24124961662689787 0.10025349780561317 0.16286194180748398
7 0.02775636985219205 0.4412316471028478 0.016662295603257153 0.04832867882108015
7 0.9695403543927582 0.29805469592247874 0.06091929121448367 0.08294758866086134