0 0.6177469664934563 0.5908536095790382 0.40273186779112424 0.27678441073716964
0 0.5748665341880351 0.40681230981096284 0.37792317894766786 0.2628029375427921
1 0.6765766312292377 0.7439146680890504 0.3650728396513051 0.21153727134196415
1 0.6061811002214845 0.26110966039525074 0.2614925283527845 0.1624304685409634
2 0.6939713116250695 0.8660937958283399 0.40818802495953715 0.2126654615533819
2 0.6217004792855726 0.14879109839144775 0.15791221705426367 0.11332366573996265
3 0.703892944756796 0.9428955715709046 0.32818403881648095 0.11420885685819061
3 0.577138003606213 0.08776297857639069 0.11938979737058812 0.07191876364070415
4 0.6797147368600418 0.9864591387039076 0.25431327290797073 0.027081722592184904
1 0.4202284843115558 0.699076436844034 0.34507184311554123 0.19794824663261595
0 0.3731708406451444 0.5804541214579265 0.2723402766561608 0.18244613474179133
2 0.43739209651588923 0.8176497953525542 0.42726474872930736 0.21183140933965314
3 0.41675693422211096 0.9247682165636354 0.22947230104778976 0.14786032261904197
4 0.46050260047704483 0.9711042941780103 0.21677600721242604 0.057791411643979544