0 0.5635338035269573 0.47292089030235335 0.3912803741162683 0.21474239640866236
0 0.5574286186961186 0.6557391782333222 0.3816649895008837 0.2142384754540177
1 0.6164283606936155 0.3202664379138384 0.37154246675511093 0.1513605347380342
1 0.5636522141667092 0.8066724541613433 0.3378886206012648 0.1495968113967782
2 0.6264422364327268 0.2087395522373146 0.39479720175550936 0.13579341404772277
2 0.5161548011749645 0.9210543384463113 0.3731625863708941 0.13465959189977256
3 0.6073004087934858 0.12821581689311054 0.3159707889542794 0.09089666179518116
3 0.49454320513283 0.9791433696895454 0.28896867659192654 0.04171326062090914
4 0.578289627473666 0.07850115071359243 0.2520152968121622 0.05637117558999108
5 0.5856987545333939 0.048768024387168395 0.24687172170244287 0.048907676651130286
6 0.6009055579945339 0.032696982742212256 0.1635734993955475 0.01097050238280481
0 0.14368735604850985 0.45751897592421426 0.2873747120970197 0.14580718261765924
0 0.13717060253350633 0.5787242363354532 0.27434120506701265 0.13821770344013729
1 0.14391459184387548 0.3408064572240146 0.28782918368775096 0.13834368367879846
1 0.12798492412822216 0.689049198935054 0.2559698482564443 0.13733584176950914
2 0.174077943628309 0.23047638381477176 0.348155887256618 0.13402969070646661
2 0.13139144779712802 0.797663206693445 0.26278289559425605 0.13050224402395416
3 0.17631053445379405 0.14659372890747868 0.3249737023599619 0.12973614097270308
3 0.12019378650702922 0.8850256505928461 0.24038757301405844 0.11734919110677293
4 0.18025550041393792 0.08776248825757849 0.2758891308769578 0.10558192081486456
4 0.1052372381837357 0.9504981330236758 0.2104744763674714 0.0990037339526484
5 0.21352079722610012 0.04613100059094276 0.19259090857006236 0.06764474654653908
5 0.09190246643989905 0.9788693055700293 0.1838049328797981 0.04226138885994146
6 0.34687827829755713 0.05432482691356004 0.07754217598747405 0.06880923355234202
6 0.1727900365893008 0.990243302717028 0.17430849335102222 0.01951339456594398
7 0.40426435038501385 0.03805459329132799 0.04701660813118503 0.03123977838071583