0 0.5907076914371895 0.2787849537292143 0.24371453049347735 0.3963315468108722
0 0.41072906968573863 0.31714261559428547 0.23739507532185122 0.3672334324873961
1 0.7392473428306483 0.23845926573596893 0.17186132797469938 0.35181273527431406
1 0.25586996312065347 0.32887411021869933 0.17275341126461158 0.3230925616668212
2 0.8484963625919872 0.23032331872304018 0.16894333924692426 0.387618467104684
2 0.15666703719072914 0.39071865497718317 0.1590759941542174 0.3823068538423471
3 0.9392704945545238 0.23761829054247752 0.11733896948748888 0.3177911700237686
3 0.0841005001207463 0.43188365776029436 0.11164941550916843 0.3007122864695232
4 0.9670186019202218 0.28500743311640636 0.06596279615955626 0.2563092335523419
4 0.05221037730815633 0.4673012272553967 0.06864236683654414 0.2577052377968989
0 0.6806237257749174 0.7296474202429556 0.1693417232014761 0.3037358121973908
0 0.5673858852571836 0.7536603277332066 0.1649119716097673 0.31069539018160697
1 0.7967693334011415 0.715123917129428 0.17135740702005473 0.3421973506589293
1 0.4584467052828556 0.7907054187116198 0.16629775423503995 0.3371376978739147
2 0.8984969749139313 0.6784567668669983 0.1561682270457265 0.37256548898830144
2 0.3495126361181696 0.8048509811091642 0.17021336325281994 0.3661098319587299
3 0.956858409873056 0.6525388233679035 0.08628318025388801 0.2993162822249663
3 0.2640450066083279 0.8298189620086581 0.15364862227250337 0.32448856591137837
4 0.9922181000584698 0.6603274945227012 0.015563799883060515 0.2764320860730234
4 0.2007210242473883 0.8403689767947171 0.12823459972805337 0.25123935914804324
5 0.1366360496448397 0.8593954432385684 0.13633822147950408 0.22289712625653407
6 0.1103401654297615 0.771586957694211 0.10383864071217672 0.15167382493106166
7 0.07765161430444237 0.6997814128658372 0.046040796019776224 0.055152259680516326