0 0.30809671032422625 0.4014423076923077 0.35244965796125255 0.18028846153846154
0 0.30532272359015694 0.5841346153846154 0.3429182175033001 0.18269230769230768
1 0.3024839403927079 0.25240384615384615 0.32871643864083505 0.1201923076923077
1 0.290460829135267 0.734375 0.3070818232562197 0.1201923076923077
2 0.3172046514056076 0.140625 0.368910269996763 0.10096153846153846
2 0.32759069874492375 0.8413461538461539 0.35912699706651424 0.09615384615384616
3 0.3393734661464998 0.056490384615384616 0.31485043640809846 0.0673076923076923
3 0.35843241562479505 0.921875 0.27356533100555336 0.055288461538461536
4 0.3994429151197798 0.02283653846153846 0.2491910928373635 0.04567307692307692
4 0.3819519450128219 0.9711538461538461 0.2393238757496826 0.038461538461538464
0 0.7758966197195994 0.3942307692307692 0.2923229697034145 0.11057692307692307
0 0.7719512443202914 0.5072115384615384 0.2924908580182786 0.11538461538461539
1 0.770310554660955 0.27884615384615385 0.2782356694100659 0.1201923076923077
1 0.7825968341589244 0.6153846153846154 0.32100123523470414 0.10576923076923077
2 0.7920749158205289 0.171875 0.3929487315352246 0.10096153846153846
2 0.7884347316898653 0.7235576923076923 0.37396979477675146 0.10817307692307693
3 0.7662087795632141 0.08653846153846154 0.28958334691983995 0.10096153846153846
3 0.7937002873246235 0.8137019230769231 0.3231532489162539 0.0985576923076923
4 0.7897321384900515 0.03245192307692308 0.2762210096316958 0.0625
4 0.786584130687549 0.8798076923076923 0.250618143513709 0.08653846153846154
5 0.7854356173563736 0.9471153846153846 0.21042431215778107 0.10576923076923077
6 0.6805325330343375 0.9567307692307693 0.11359891274447821 0.08653846153846154
7 0.6270183364689815 0.9747596153846154 0.05464744269068907 0.05048076923076923