0 0.5615060741261313 0.41452461087912545 0.2244137142289244 0.359189273354352
0 0.387273810091716 0.4255011128391313 0.2244137142289244 0.359189273354352
1 0.7100662577732335 0.3904514366758299 0.16758479808047338 0.3328979796428583
1 0.24777371043813962 0.42102198087101633 0.15146722108640795 0.30586797660106385
2 0.8248651319249217 0.3854886402438815 0.160588186302071 0.3733715673585852
2 0.15171302852315527 0.4532596534070452 0.13260542399977376 0.34825566434606464
3 0.9184306458528542 0.41099225001261763 0.1188308119374172 0.28296002129256065
3 0.08810426968509402 0.4868196404794191 0.08425269301757742 0.2671656552206815
4 0.9596972856290986 0.4440053360610777 0.043942609024051324 0.23675231377589648
4 0.050352077306413195 0.51179270979801 0.06147887818383221 0.2110935998829045
0 0.5402602572053256 0.5956231985948522 0.15177531200840583 0.31067566890875614
0 0.43507676766902204 0.6009777919264584 0.14425568262486949 0.3055741289263206
1 0.6597289197120694 0.6306177113761087 0.16752391685833629 0.2945343904062341
1 0.33103431998750443 0.6449408475569746 0.14860123854956492 0.29855848891461095
2 0.7729711977454057 0.6123358118730923 0.15880052199222058 0.3828890027490552
3 0.866121157409772 0.6631287808696702 0.11195964741460128 0.21315053360610775
4 0.9300075665587628 0.6440408453328305 0.0749776823409155 0.19725821830931414