0 0.392117973485526 0.4053870955034993 0.3577461820652309 0.24951937328839252
0 0.43183490488595105 0.5708309696526763 0.35286854497811915 0.24689160526652848
1 0.3292718626790929 0.27231283069441237 0.3322388801589596 0.19791899471753324
1 0.4431382129435309 0.7111200868506492 0.32213388208763843 0.1806442279045742
2 0.2996820399129073 0.16537132404543456 0.360875199666855 0.19205098746410287
2 0.49956790151562286 0.7891298119892927 0.35035053291901674 0.1603531437280668
3 0.3149830396693926 0.07078161704036698 0.277675590068276 0.1377635464770273
3 0.5385061916063065 0.8450867252044607 0.2480600436485075 0.10997770757661157
4 0.3315780178451388 0.02973355649985696 0.22311229997759247 0.05946711299971392
4 0.575543110825872 0.8770611573481717 0.18952839860316573 0.0784444913142415
0 0.5433154744498654 0.38992009512247006 0.23984355462151308 0.15760678691749858
0 0.5631849954315371 0.49370367627671463 0.23249212660113563 0.1524632118077792
1 0.5675324110275402 0.27084408284290484 0.27886465131840765 0.1786289310924119
1 0.5960308635313945 0.5884580107554481 0.25186278539074397 0.15816659158754354
2 0.5285370379842285 0.17156195839150154 0.39445910104128173 0.19121459438638294
2 0.6287018696827029 0.6772027298495663 0.285096962868073 0.14531096774059277
3 0.5604201540896686 0.06831359467562348 0.2248609194630802 0.13662718935124696
3 0.7218316154040543 0.7342462912803007 0.1328153178227314 0.10941127505187118
4 0.5322991716912926 0.02586924731287227 0.1895983433825853 0.05173849462574454
4 0.7213512506842445 0.800464021445079 0.14138153074682308 0.07380142648021494
5 0.7251889648161907 0.8496309066649163 0.11755290354662024 0.0798933556016632
6 0.7104382745589347 0.8804067296590516 0.07365416976261394 0.056243443404885726