0 0.32712107399905127 0.4045625103818937 0.2324098267321233 0.4106245004841111
0 0.522838637087684 0.4242156371023344 0.20950187142362006 0.37773512735877685
1 0.156154149401231 0.39884121641024034 0.1659387929796461 0.3672448426465701
1 0.6828555921034479 0.28443109385684756 0.0788289966654667 0.11141596042315964
2 0.051370492541883604 0.3996222014057685 0.10274098508376721 0.4146290181961524
0 0.3548796145669652 0.640558952131935 0.14121468686678348 0.34859639387483116
0 0.4732557714549134 0.6350613511134553 0.14092083919204007 0.3413848554132927
1 0.22718192073837565 0.63811640441095 0.1563234083642614 0.3665162323686438
1 0.5928644739411766 0.7176684398493234 0.12091465644883953 0.20327270922717242
2 0.09860268388555614 0.6573084720745803 0.15705393740767765 0.4432571567222391
3 0.022685578035149014 0.7191695186731183 0.04537115607029803 0.24289888860677175