0 0.6030793088741933 0.4404216302407801 0.43174911630597457 0.264512455042091
0 0.5693845762432104 0.622358670700617 0.41720005914423647 0.261856853144088
1 0.6700397253237546 0.2974915990214887 0.3970976498621233 0.19906313810923806
1 0.5558126961329091 0.7758271909305352 0.370151421215171 0.1889862012962322
2 0.6942927112684184 0.187439167078226 0.4253139025149713 0.18754741882832124
2 0.49980578923360064 0.8757187674794066 0.41026092439858874 0.17527643231493345
3 0.6873535765227705 0.10085874624907162 0.333348069094796 0.12830261738037882
3 0.45784912935102784 0.9421486682059126 0.3090576470790121 0.11570266358817485
4 0.66667914535704 0.05006328233810616 0.26605059840638773 0.08149663960859546
4 0.43310755488064573 0.9733776885605662 0.25783121803556 0.053244622878867616
0 0.18337152697964332 0.3598453652586127 0.3119551925682187 0.17836379370421973
0 0.17025079932394016 0.47609622939460855 0.2999359617989879 0.17815399725075556
1 0.2000350337467851 0.2424555169817331 0.3119551925682187 0.17836379370421973
1 0.15567618811399164 0.5875184215775657 0.25818871551297523 0.16061376623205442
2 0.24731352851097899 0.13640746753082153 0.37458117280687986 0.1818585814160795
2 0.1540077801535441 0.6931617744747179 0.24376563858989828 0.1603620104878975
3 0.2521995433669282 0.06924663274055413 0.3505529328877025 0.1358078708767671
3 0.1345046072068842 0.7792806431062511 0.19493283408100823 0.14509974775096388
4 0.27921898375249526 0.03489437499809887 0.26997642904345204 0.06475363511305807
4 0.11709544062705965 0.8366162968276698 0.1533115680336567 0.12996336288610877
5 0.10753282451172143 0.8832815003742057 0.12788732386992244 0.10310146228687299
6 0.44047075722782136 0.018495857889095715 0.07324920676333509 0.022893394105400307
6 0.15610855773364707 0.916551629619639 0.17179667745174315 0.07024484265619052