0 0.47125464061517014 0.37053947103966806 0.41243723323447246 0.24925982073835312
0 0.5103901488441583 0.5560400784671402 0.39915614674131017 0.23441702302811562
1 0.4002076931779198 0.21990990004880734 0.3750882639021364 0.17845700823019753
1 0.5308511724069788 0.7072305536871515 0.35522656680940135 0.17057391650920223
2 0.3544757736534186 0.11059213933336556 0.407480254332051 0.16520914951116977
2 0.5913668547821922 0.8063872927639003 0.38719793866467217 0.1525183654824825
3 0.36185348945121076 0.03854165308016008 0.3198608250562677 0.07708330616032016
3 0.6313299795556963 0.8773274591752357 0.29624298209244987 0.09901560658415812
4 0.6474502414277048 0.9237827383880752 0.24407973856310533 0.07802201004731493
5 0.637068262960397 0.9566963543308747 0.21814849343874643 0.055547953088378677
0 0.6495598745744294 0.369135295697386 0.37466764532749264 0.1736493159225052
0 0.6728758742120361 0.48405821821612494 0.3690187158705125 0.16386604299225643
1 0.6589513292977203 0.2422198472822902 0.333802260712108 0.17222226524615974
1 0.7481300974413094 0.5863170615790503 0.35020856521438704 0.16800218204049217
2 0.6285289458422361 0.12875068031277065 0.42211364054244993 0.16811666060960842
2 0.8333647513959395 0.6857103659222529 0.333270497208121 0.1532433284876869
3 0.6464537273980056 0.04373470222451802 0.24483053171908808 0.08746940444903605
3 0.8633022234474345 0.7727791972781808 0.20072006380056978 0.1028693787484131
4 0.6116284695135328 0.003205094238861751 0.21364155441168092 0.006410188477723502
4 0.8558645750026336 0.8393466593748266 0.17938620169658093 0.07815936395049487
5 0.8509359273553401 0.9070321003909633 0.17145329137977192 0.09705435655153576