0 0.5837019170505359 0.5728096142829405 0.4288477470599912 0.2644823877490883
0 0.6069690552200083 0.3765325260735701 0.3993159486394363 0.247319809283634
1 0.5833957989454661 0.7423646819762271 0.3851418349220876 0.1942953374871304
1 0.6818658209412737 0.23737433426776638 0.2994400319388411 0.1548548041423758
2 0.5634446724754617 0.8724660727488843 0.42590927031255776 0.19236700313370364
2 0.7245290042699525 0.13346350964601847 0.20922438432264556 0.12256986669440434
3 0.535329047672724 0.9497527763428703 0.34256642901414236 0.09288625850755029
3 0.7106262959928397 0.05786822657056386 0.1544787336646555 0.07628142155902003
1 0.340860390756175 0.6333549927777642 0.37744055033597684 0.1821921928707669
2 0.3072473389279017 0.7527929179111906 0.4498497826261048 0.1902428698036337
3 0.24530441175599654 0.8557255897150363 0.2531792596662774 0.13990027285412437
4 0.26031109388511803 0.928903040995456 0.23218540438704813 0.09640727182587264
0 0.29907266879098743 0.4931495620134283 0.22030900731174688 0.15873944413160707