0 0.7016293233214643 0.35817097090881167 0.4100885559078125 0.2546033553918565
0 0.7357792262916818 0.5439865159889211 0.3861340385267832 0.25658760863877433
1 0.682993771320941 0.20335367008454533 0.35476955995766674 0.18396871253507585
1 0.783218960059643 0.6970983822479504 0.3353709024120333 0.178825345901841
2 0.6455624380826509 0.09576802323116804 0.3954670562581872 0.17987432816916166
2 0.7643697690761285 0.8116796878172247 0.38534800669821007 0.16528341408331323
3 0.5987828199071147 0.03704708916233702 0.3225656398142294 0.07409417832467403
3 0.7457151712803523 0.8973938598949984 0.2946428716998284 0.1132501510969094
4 0.5487904484150958 0.016824193308108863 0.2706578199071147 0.033648386616217725
4 0.7305251592733548 0.9445625749298483 0.2477106324152703 0.07639523226605341
0 0.24315865306808437 0.5573958628886437 0.34017859471972556 0.17890926448322647
1 0.2532395600881559 0.6738775031234501 0.349626091020246 0.17426940933830545
1 0.18934299287409512 0.32502001248873047 0.3546856158002345 0.1815648663812297
2 0.19149117701683455 0.21433819118507536 0.37374849671613963 0.17709284839908004
2 0.2704060893336178 0.7866274962554087 0.4074862870274178 0.18008412462262577
3 0.16932236227594233 0.13053925012600262 0.3349511816248728 0.16680611513261015
3 0.28321135193142166 0.8778058129387911 0.34912242607565347 0.1598463324152288
4 0.15081655605037753 0.08275604208392937 0.29464287169982845 0.11325015109690943
4 0.30201096270799876 0.934002482519326 0.25908884433672874 0.12704383865959393
5 0.31159964245050953 0.9675094711557473 0.2158730233132457 0.05902283841012344
6 0.42582430683691785 0.9667183279247609 0.12684677146350593 0.05506649850064267
7 0.48062437063662905 0.9862069361918645 0.050900490017929664 0.012900375873780234