0 0.3328169358665696 0.3696624740256442 0.4236991999103697 0.271650203262729
0 0.29404628154310575 0.565317209959532 0.4262429356230549 0.27647188073823625
1 0.34004494924556394 0.2050689383262567 0.39536838317373524 0.20659252026292008
1 0.25412153835921997 0.7213084843549583 0.3591008565277844 0.1991712042841597
2 0.38009672016149726 0.09474374826999998 0.41884728647684066 0.18750160271029884
2 0.2769194913403842 0.8440165195436306 0.4164434403229945 0.18748761754248405
3 0.4193533748502332 0.03969303458438998 0.3579375189312356 0.07658903560582066
3 0.293930525101983 0.9330427382428271 0.3281563592990453 0.12688799765499736
4 0.479952003979115 0.016011194825205747 0.27240400795823005 0.028022631655379694
0 0.831124388056311 0.46873922025278286 0.3377512238873781 0.18711001801148455
1 0.8437114145196258 0.34983973922819445 0.3125771709607484 0.2013792580885987
1 0.8139379130876959 0.7149516438404213 0.3612249235639524 0.18956980483658997
2 0.8347862289623094 0.2272016298785962 0.3304275420753812 0.19184778448010287
2 0.7836064439562763 0.8289385437987065 0.38045569279472163 0.18968168617910827
3 0.858872524717272 0.14321385875603618 0.28225495056545596 0.18193871134060752
3 0.7803246749690218 0.9199684286587284 0.3436985526928342 0.16006314268254312
4 0.8744275799378525 0.10123745465452466 0.2511448401242951 0.1072376733897844
4 0.7743371701473248 0.9620846844383879 0.2931735623362286 0.0758306311232241