0 0.4406509240798745 0.545405583559115 0.35427632242627216 0.2144454676532512
0 0.44495783466806704 0.3674369215255289 0.35908401473396445 0.21478165424913342
1 0.40800137113384205 0.6965452113218406 0.3339546116374893 0.1506007212697223
1 0.42822364323352125 0.22575282175521183 0.3145979645346415 0.14204443642465472
2 0.3904252641166254 0.809416663912304 0.3601871228763328 0.1404305167778439
2 0.45885306693412037 0.12157224064145672 0.3455542494997917 0.12740272622096632
3 0.4129951504808379 0.8918703463175082 0.28744234890055576 0.09933002553191764
3 0.4817254813941743 0.04914593942152501 0.2726835976519361 0.07909069651350163
4 0.433706661470211 0.9432421220206534 0.236332190309394 0.05974237396746154
4 0.49694578484041496 0.016474543114330612 0.2195472265231637 0.032949086228661224
5 0.43216906406774525 0.9625569379003931 0.22617133491500263 0.027820000775697087
0 0.6311002410127274 0.5008762130217655 0.31463992382533423 0.1444482825785008
0 0.6317655063716353 0.3939891058245823 0.3265752360131795 0.1404810567605142
1 0.6506788511533941 0.6171518348787568 0.2956189510480293 0.15512276696420238
1 0.6529054233289282 0.28326935944105325 0.2976871228763329 0.1360600910313744
2 0.6331447034268703 0.7276194413153744 0.400884670328946 0.13367271822745863
2 0.7064133447817588 0.17508804584301124 0.3215997065427159 0.1305294855492473
3 0.6736804970088897 0.8124181932167891 0.22042837162771314 0.111450336266489
3 0.705541012738201 0.08751575452556774 0.16248430819124865 0.092993020192825
4 0.6555738155658353 0.8869121539946847 0.2030559777717832 0.07902368318090133
4 0.6945917438816374 0.02931364868585433 0.1475577197798576 0.05862729737170866
5 0.6319610302264794 0.9329801941712793 0.15932519480493157 0.049555696125653054
5 0.6762211401100712 0.005262552151725211 0.1427500274721653 0.010525104303450421