0 0.5765846986767632 0.5949613197262787 0.4373952505647961 0.25483726535362083
0 0.5642592151192777 0.408509405957239 0.4170715659171375 0.24030230708802536
1 0.5966502470289392 0.758611657953317 0.3847645132508337 0.19446140815117102
1 0.686384894982988 0.24087650032358152 0.11028718225568432 0.09194751606219012
2 0.5998530095536064 0.8909001148378367 0.41714329141830875 0.17783027742365493
3 0.5773793568227544 0.9629439709038485 0.33996349760802586 0.07411205819230286
2 0.6803408362560635 0.13021566623976966 0.10420442196162118 0.07509262264963741
0 0.37420624032998234 0.5997961810144512 0.37904605809573344 0.18241420704631067
0 0.368981868165725 0.4783180392383316 0.3701951465088609 0.1607376361582508
1 0.3572495394011796 0.728359994741776 0.3982768273265028 0.18252608838882894
1 0.2739223568370449 0.3839736696062029 0.211759315675082 0.13098244640413517
2 0.33723352695005243 0.8496912922558403 0.44394990424957964 0.18279180657731003
3 0.2972222722396439 0.947842613341754 0.2459954822879585 0.10431477331649192
4 0.3189106817501378 0.9948644576038094 0.18841076284740793 0.010271084792381275