0 0.3497195519426698 0.5839138292949927 0.37262910054601417 0.2234129483981119
0 0.36842021132184055 0.40214354234458555 0.3625094360368061 0.21575356620053737
1 0.2984323828549351 0.7348556267116074 0.35383559787646784 0.16024118279405777
1 0.3749000399675392 0.25808071451482983 0.3095578073195903 0.1438028090588187
2 0.2843542891691454 0.8505201444312452 0.37703359292522376 0.14934156136491722
2 0.4223210632026279 0.16242737863667664 0.3633334291765817 0.12474329515641057
3 0.3033752217607082 0.9382868623164584 0.29948868279305263 0.10260154164140708
3 0.4567395658721743 0.09852786696156399 0.26912968926542863 0.07962339504868356
4 0.4814839072687006 0.05304906470932905 0.22211186595882254 0.05826536807174311
0 0.513576053657726 0.553519927787846 0.34578359292522376 0.1478860692228001
0 0.5283517905266153 0.445010968062742 0.3358320217139569 0.1426305331790717
1 0.5291258036501604 0.6737945492169867 0.33751295469336806 0.1666689947175331
1 0.5749911239296337 0.3434039972669779 0.3188370053390926 0.1394429604871624
2 0.5135936469405359 0.7931208166343982 0.4230428564441829 0.15627651141878063
2 0.6248159933185686 0.2476387004548157 0.28624225895556366 0.11875669911427604
3 0.5641419894703456 0.8925972157566435 0.23302145697506604 0.11148586625838555
3 0.6689927039101057 0.16411655627990232 0.160233699167917 0.09851165362273054
4 0.5410450743869303 0.9487813647671772 0.19790531112242002 0.05474191257780676
4 0.6782548686132378 0.10019071133496119 0.18225504113108487 0.07078510911666683
5 0.6738756462253634 0.04289026691168506 0.12473082673671818 0.07050189285429673
6 0.631253518656562 0.02389345040545275 0.07357768431418449 0.0477869008109055