0 0.3018241222899251 0.4005181411782647 0.36998164153368 0.21241479383600337
0 0.30172855284370176 0.5829656421426042 0.3579624107644493 0.21206506993890584
1 0.2871870652808729 0.2509072595776557 0.33811254246928285 0.14667161032912313
1 0.293473090924211 0.7344429222246216 0.30915442768912 0.14342842682224288
2 0.29239324871229194 0.13912841342380952 0.3805980467004506 0.1311036932817512
2 0.3389715985915792 0.8399452357029659 0.3683548940632018 0.1259462770769614
3 0.32040632340807335 0.05309242716807598 0.30920709422877696 0.09301760237089307
3 0.36921063625815054 0.9122833164834003 0.279689174778569 0.07775518809478207
4 0.3723425847809598 0.027046882321433725 0.2552028695040714 0.05409376464286745
4 0.3982214175779703 0.9594509574278697 0.25017125532836104 0.062492773818670924
0 0.7577184984429745 0.35364473171413124 0.2704689673595635 0.13750161804383837
0 0.7800445848467772 0.4670230590584992 0.3136262371947855 0.1363567779195433
1 0.7871310848138684 0.2375606685353208 0.33548477444741864 0.14179397324201126
1 0.8001907469647518 0.5756636388745944 0.34716812241462236 0.13493215867757036
2 0.7789481729981202 0.1297722878990512 0.40223266208506586 0.13173319629652672
2 0.7890869090827264 0.6852135008231433 0.36181512120571735 0.14015951966177964
3 0.7646700181335758 0.055524814798236184 0.3345890869753465 0.11104962959647237
3 0.8054330272990895 0.772359354813462 0.32016601005226986 0.12214353533472505
4 0.7666293344787335 0.020920283208830943 0.28404902335022525 0.04184056641766189
4 0.8072177743885386 0.8371233114084691 0.25939809060206187 0.10597183892616012
5 0.8041388487032909 0.9032290806392383 0.22194420054660433 0.12648733784006355
6 0.6988437949399245 0.9218966785439869 0.11013570719558229 0.09682757029445838
7 0.642435724061373 0.9475438700090972 0.05512383406479579 0.0496157082241524