0 0.3671521787172096 0.6375306274051394 0.2613621210756904 0.41808354418847943
0 0.5510582637568855 0.6709065036542987 0.2524704854755947 0.3887331104485024
1 0.20827646615059875 0.6095255000151311 0.19365811302424893 0.36546810206714603
1 0.6675059156987746 0.8057652315751902 0.11769362737490113 0.17102573686888925
2 0.09311571880066415 0.5769983269306425 0.1862314376013283 0.40392964052868435
2 0.7685611667486432 0.8526567049251204 0.09566269624653664 0.12160406740843727
3 0.03262861555836842 0.5342756793629404 0.06525723111673684 0.33778212795665
0 0.43179747407172553 0.43930560303676736 0.18446275269350373 0.37200726733692
0 0.5416162068972549 0.48077578754487615 0.1687796029165088 0.3493640921646578
1 0.31971490318722967 0.39526347907687137 0.19407813730888834 0.37267964052868446
1 0.6648068343590325 0.41698102117757746 0.13505687429045318 0.2225150658873053
2 0.2067104254155704 0.3463296161603125 0.1926306392783104 0.4300357616251098
3 0.11518870066320161 0.280795700122407 0.13349307670588562 0.23677004951244113
4 0.04720243327153974 0.2697432857995577 0.09440486654307947 0.2297771443315142