0 0.3824788143134134 0.37515522709101606 0.20619075798939088 0.39383221033655913
0 0.5701466514761848 0.3546192110750096 0.1963236176298492 0.37884910103396324
1 0.21914315372395346 0.37746423908130183 0.14795297951807637 0.35922201605944476
1 0.7213879757760199 0.21973678611554087 0.0862325799192569 0.12509259101309952
2 0.09157147040733599 0.39450005272531413 0.13424321053677757 0.39924735210555073
2 0.8284640278489058 0.20749681050877583 0.07130599150786611 0.09540638859766713
3 0.018229829546318695 0.4182810850396758 0.03645965909263739 0.33651475299757144
0 0.4111124419372889 0.5920151178101393 0.12362080294476495 0.34099501203372407
0 0.5267907723567541 0.5684678061789873 0.12100716033745475 0.32883577316961354
1 0.2871465278514407 0.6088409193118319 0.14107711538208056 0.37803276100557454
1 0.6396937062983151 0.6351347293645061 0.10212423201658292 0.21006725496699374
2 0.16775752997447416 0.6386078584699189 0.12787085788909575 0.4469042508978346
3 0.0622671178869242 0.6975828259818042 0.10220815059796859 0.21487494727468578
4 0.009262084167858743 0.6901957166140508 0.018524168335717486 0.20105931981290828