0 0.3540541531250149 0.6109483252572693 0.3966829771639539 0.23551087520885808
0 0.3744616727126235 0.42020686116546313 0.3920715090987763 0.2375504162237412
1 0.3206706608113544 0.768053874570522 0.3627349930124186 0.17082504437507906
1 0.3240294636272757 0.26763435589740375 0.22237995012043849 0.11957696329924489
2 0.3140727694313608 0.8933271034247443 0.40840806993549555 0.17428594319522916
2 0.28507696782728476 0.15221245835392608 0.1052293165531911 0.08919902457951381
3 0.31954306569818525 0.9679690150044717 0.3359985473224218 0.06406196999105654
0 0.5694681426361826 0.6091310577872833 0.34414205175286344 0.14791536100409283
0 0.5751830249248603 0.49467513662536855 0.32569617949215307 0.15607352506362476
1 0.5860992382027569 0.7313270437438882 0.3314849930124186 0.16845706097181898
1 0.6611324170036119 0.38992709577185597 0.20413030210224264 0.130138973512623
2 0.5651763820209438 0.854305434104298 0.43666555105410537 0.16926023556746975
3 0.6070232845810675 0.9520556935915098 0.22237995012043849 0.09588861281698048
4 0.5790849158141476 0.995980389729219 0.20123609370819268 0.008039220541562031