0 0.5597743284507662 0.5386269564098677 0.23536354620891217 0.3690331414739785
0 0.38260160781099467 0.5480683277827167 0.23536354620891217 0.3690331414739785
1 0.7065608062007064 0.5557957147431039 0.1665157648575425 0.3421992490828565
1 0.2391645916429543 0.5765376834530206 0.1603079916010524 0.31813281720876535
2 0.8156557900109469 0.5599670819152229 0.1612643397243206 0.37581113973325814
2 0.13812119486353092 0.5579012838543803 0.1458612061370854 0.35890030564944636
3 0.9022524013264033 0.5378359930731823 0.11804252603687004 0.2938566078174523
3 0.06451201671101864 0.5427098240566389 0.09839173252146159 0.28653318801339533
4 0.9470617211393114 0.5111419523602083 0.05967388641105377 0.24065033357309645
4 0.028299658099925455 0.5453723958150588 0.05659931619985091 0.2287150138107544
5 0.00880072694984174 0.5719755329372366 0.01760145389968348 0.18054019455912795
0 0.5279276116846816 0.36339092761585745 0.15874419401648482 0.33254190896402736
0 0.42032642141156873 0.3748305752759236 0.15337646932927357 0.3228985540130132
1 0.6374889152861111 0.31829743380194514 0.16075172442658187 0.28449295622273385
1 0.3105076885860394 0.3418270394254655 0.1548002588189613 0.3060856161039049
2 0.7477858221732746 0.32246180839015687 0.16196438019871942 0.3878303705024889
2 0.20074710553750477 0.2871958807742994 0.15508027500872085 0.3108933084115973
3 0.8384663767811344 0.2714705805341475 0.1190699997828088 0.2289807319992356
3 0.11492053874388714 0.2961058157701862 0.09731908484420365 0.1855996198874865
4 0.9070578504836347 0.29029577989828764 0.10140302813660704 0.21445975890145513
4 0.05682006103738519 0.32407869798306466 0.07696825085439629 0.1662569693141989
5 0.9470131824823008 0.3056830320454361 0.06310520631083841 0.1757884429226948
5 0.021425724817526155 0.3447841010631455 0.04285144963505231 0.18062410556601668