0 0.5492068985830871 0.5176440046258295 0.23655685409299906 0.37621891590947487
0 0.36725053098325083 0.5286281790339351 0.24116832215817668 0.37406703023295107
1 0.6978527132704363 0.47111628048396054 0.17768720094560345 0.3587723132585302
1 0.2207140277198928 0.5197414613986815 0.16571712542004266 0.32942223845773166
2 0.8112994654856571 0.45654166927401196 0.16684531563146046 0.37256548898830144
2 0.11651478925686229 0.5541137529133745 0.14781077064320602 0.37396149323285827
3 0.902056946604267 0.4685404568046744 0.1198969794981213 0.2959045941618309
3 0.04774651374473008 0.5817733161115315 0.09549302748946016 0.2876852137910031
4 0.9452526428740756 0.4864960912199058 0.057691514227975915 0.23759260689550168
4 0.019427786937615495 0.5927268256617845 0.03885557387523099 0.2504936993353603
5 0.00009890558558892962 0.5719213034477508 0.00019781117117785923 0.20634260689550155
0 0.5237708848234365 0.6961636320133928 0.1607132088698356 0.32676643182656334
0 0.41672619647786036 0.706245501512302 0.15830936271598958 0.32664045158790217
1 0.641583923983733 0.716822730750197 0.17278159488273667 0.2986761594123762
1 0.3088230766628033 0.7416307457459261 0.16870964430143276 0.33675975715793144
2 0.7527249421663651 0.7009202162246642 0.16640371190276107 0.3964779702881015
2 0.19748603260373948 0.8190832976718583 0.15394327413699666 0.3024760098107792
3 0.845224062211855 0.7359445125748569 0.11562920140646873 0.2142998051697228
3 0.1080531643051451 0.8204316442260109 0.10066660699951775 0.17761221166872496
4 0.9079692433319567 0.7066420954644628 0.09340591329430918 0.20595444456023387
4 0.0469267340027478 0.8003292349438975 0.07805087040232903 0.16445915875154343
5 0.9457929538222809 0.6868971836597647 0.018150940798689747 0.16371349893886078
5 0.017882868168457543 0.7949648531815143 0.035765736336915085 0.1674929060986954