0 0.5489196294323884 0.6893564040196586 0.21785787359474418 0.36986062660683783
0 0.36589113514419846 0.6899118856662396 0.2200936264506492 0.36751273059326933
1 0.6995214706349905 0.7049004936263896 0.1602161058851069 0.33491992722660274
1 0.21533983392426673 0.7080775923536328 0.15680369994361387 0.3204409001632479
2 0.8127291098213362 0.6870694828416141 0.13869904381576248 0.37041811813151726
2 0.10675476043130204 0.6598028339076389 0.13355516491218766 0.36549852554326934
3 0.896476998627399 0.6601256337649046 0.10615483741490359 0.3168621010635685
3 0.037109115369484254 0.6303402235793805 0.07421823073896851 0.2876242962354701
4 0.9364008367877373 0.6056764243306098 0.06365905980277785 0.2582745911268163
4 0.00739722504228959 0.6003191167873931 0.01479445008457918 0.24871515665170946
0 0.5749065173142233 0.21442893821420989 0.14634784883852348 0.308197868832906
1 0.68897989298161 0.20143359480726555 0.15439985378976764 0.32038495002297024
1 0.3513235550151958 0.19237067702131438 0.1511050011635455 0.34190766512702997
2 0.7980187063857276 0.20878701849759684 0.1395395103054679 0.382437348900748
2 0.2391244756164968 0.19577861088301304 0.1483144284311468 0.3706419186926283
3 0.8834392914962366 0.20957132540053494 0.13634573764458663 0.336764271977671
3 0.15110668106286534 0.18048730184658132 0.131369952038953 0.33424852554326934
4 0.08673238479417775 0.18862000774460477 0.11704795508121668 0.26671703267446595
4 0.9410475525395737 0.21211605184412471 0.09916193223397639 0.28550020078301286
5 0.03920972162730847 0.18727720437793807 0.07841944325461694 0.2110928702943377
6 0.022004868613237805 0.3144292749005342 0.04400973722647561 0.10001239595491448
7 0.001286529692333559 0.36208657192537397 0.002573059384667118 0.041480836158440226