0 0.3964796306917272 0.3923898635253635 0.19602576975182195 0.354438955270513
0 0.570947447203565 0.38787846504047935 0.19602576975182195 0.354438955270513
1 0.2515610809579637 0.36299384679120733 0.13479579375771764 0.33000531653567233
1 0.7146742954796897 0.37154542438455407 0.13163606617190465 0.3154702786785864
2 0.147313834671951 0.35098124387667173 0.12314428208518624 0.3822181663162336
2 0.8208163561552618 0.396723200678239 0.11732874786820482 0.36276347521744634
3 0.07013368646190968 0.37264882038581076 0.08242532094703113 0.29159644461379075
3 0.8989362453456198 0.41597698925148907 0.08229934070836993 0.2891925984599446
4 0.031981987787382024 0.40334232964311323 0.034736560205375695 0.2510076484060812
4 0.9540936158357781 0.4338905605439786 0.05321144800417808 0.2374802589550763
5 0.9824052486688175 0.4201919157646127 0.03518950266236505 0.21092599032875958
0 0.43029344274933806 0.8076954434707029 0.13593983752495228 0.3060788159312197
0 0.5419463086645231 0.8000854138854377 0.12797241763144684 0.291319856206116
1 0.31699772292191597 0.8069479919845113 0.12898025954073616 0.3105506254368852
1 0.652392140693143 0.81542388369572 0.12442452771036618 0.3151343958765595
2 0.21281346675523385 0.7961373121468985 0.12238840065321926 0.36779508939315686
2 0.7492439889692675 0.8012740812529705 0.11809485091945586 0.33162543615145523
3 0.1339325853232669 0.7853529655791147 0.11190137598649076 0.3049592065911295
3 0.8288228725235129 0.8023870627383654 0.10532996033754216 0.2710814385692653
4 0.08010311814869285 0.7697872599734666 0.08446144800417797 0.23893575109719342
4 0.8929027363164194 0.8066316364486651 0.09875854468859356 0.23720367054740138
5 0.049750312248247205 0.719392118406878 0.026537623073116332 0.1403187643951491
5 0.9540221293001715 0.7973751539777886 0.09195574139965693 0.19449424444821573
6 0.04806491145524786 0.6182626385443262 0.02984377413615893 0.0661354164279451
6 0.9610838586778467 0.7048534103245399 0.07783228264430656 0.16151216389842368
7 0.9783253283400607 0.636929932879798 0.04334934331987866 0.08486567538302153