0 0.629062432851794 0.3569583635072501 0.4164177166694118 0.2739600024947043
0 0.6715329343031627 0.5366952709745274 0.41627782711057265 0.269152310187012
1 0.6304556927947217 0.19840941558013597 0.38313931806624607 0.20370299325415903
1 0.7094883843913087 0.6851192395057655 0.3565571208150992 0.19843374874884553
2 0.6094192211258367 0.09472933628455514 0.4015307499439811 0.17519251373354783
2 0.7043972998752739 0.799155074296033 0.3920552548874356 0.1798323688784687
3 0.5719626332297542 0.0460230238472396 0.31700218953643144 0.07761205169614543
3 0.6935192961396737 0.8794531443510685 0.30418784254000314 0.1326487574904499
4 0.6891184106817071 0.9346367076627978 0.2600792744177384 0.10304733641182541
5 0.7032838190500242 0.9609656159446565 0.24530647359756394 0.07806876811068701
0 0.21974049820279798 0.45072388361496807 0.3347826158716448 0.19324842282491778
0 0.24600433085589243 0.5689109584150115 0.33945041862049813 0.1885246490986111
1 0.18163229672902156 0.3383366277460758 0.3491357480153022 0.19109633241522855
1 0.24815975719110578 0.6842745941542805 0.35868118785126735 0.18886032342415368
2 0.19633876586044102 0.22446863011857976 0.38540327466125307 0.19893726023715955
2 0.2703981519369139 0.7879756530952077 0.3972126710922253 0.19193551822908525
3 0.17472987412940844 0.1424021865622679 0.3463821779643585 0.17903514235530504
3 0.29568275767813523 0.872508881741405 0.3194502568161143 0.16174666708076083
4 0.17697172016149726 0.09559012549830716 0.2799395466632832 0.12501762612198325
4 0.31432824501996554 0.9335179620374023 0.25144311671422687 0.13296407592519527
5 0.32718681314223047 0.9607920073669823 0.22112812250026329 0.07841598526603541
6 0.4283581859420274 0.9690735077411877 0.17743922305451554 0.061852984517624506
7 0.5044990084646983 0.9845875262222784 0.07804219339378914 0.030824947555443096