0 0.6397675971936435 0.546608066602478 0.3745731051421538 0.25889135150807
0 0.6080444586551628 0.3669667082644458 0.37945074222926567 0.2616313842577983
1 0.698120767199772 0.6894605827834178 0.35606750735916254 0.20002239073017428
1 0.6037078823311532 0.21792824672598418 0.33380338895977163 0.1768749356640888
2 0.7148391600169013 0.8087283773370493 0.37261465131840765 0.1915836592003776
2 0.5457265467850405 0.12924631565555325 0.36965124692920553 0.17218479667166728
3 0.6910897263322446 0.9031254805374788 0.291399219197158 0.12113273421447428
3 0.5066133947458081 0.06814983869671772 0.27408268266429825 0.10312915805196317
4 0.46837455244931964 0.038432710099160675 0.2110231244289421 0.07686542019832135
0 0.4415901790601747 0.5652834559903135 0.3196600911543728 0.18548176049182666
0 0.4298893128889963 0.45289101330233816 0.3048173455547788 0.1700501237811028
1 0.43801576912845075 0.6907877358841369 0.32474756257974313 0.19543333170309352
1 0.39199094575347837 0.3507610584301769 0.30969498264189055 0.1727901565308313
2 0.48566941043819223 0.7970530098722259 0.42797305763628873 0.19785365120686976
2 0.33994928081256154 0.25925504796104704 0.285096962868073 0.1518784543206508
3 0.44431079927620665 0.9071338897302907 0.2513032271553879 0.14471745584178264
3 0.29313497685585416 0.1818359278191118 0.17375064721753536 0.11770385492305106
4 0.45408818401334866 0.9534205631874967 0.20770999614264232 0.04810986977678329
4 0.28159611080643304 0.1164025317801071 0.18245674970046633 0.08712622811481559
5 0.28476010079776687 0.05957596056884021 0.16357570436679464 0.09780071250051729
6 0.33309469242944967 0.02580400113328333 0.07839191729088668 0.05160800226656666