0 0.36571037825564734 0.5728135917983155 0.4308088553782401 0.2838370526239521
0 0.42120637017434126 0.386080526882236 0.39899905070819486 0.27072654780810435
1 0.3186574950725911 0.732852516549791 0.3749012947753813 0.2170864350066003
1 0.43454942673654684 0.22841874341173268 0.3497432238968297 0.19220853189381776
2 0.2828994105150546 0.856497972363846 0.41084702614906465 0.21594175121423503
2 0.4893966723936675 0.13290591610565888 0.38993684290816033 0.1792125056470863
3 0.27554294999498347 0.9371527347538403 0.341352781700849 0.11511756665587651
3 0.5248155602218294 0.06807074690340265 0.30300320417331955 0.11617830629080943
4 0.5578009546989691 0.03741221101893755 0.24659513329476795 0.0748244220378751
0 0.5646138238878285 0.5790673805776062 0.3614265718640334 0.18541671421943973
0 0.5904206410279534 0.4629692398548181 0.35684280142435926 0.19005651821226785
1 0.5539841630116678 0.7042352688924705 0.37456541197335425 0.20987489654506183
1 0.6398740564375083 0.35444511909617066 0.3808812629628208 0.19089595978658871
2 0.5481062139761946 0.8304371919693936 0.4371773729073634 0.21446129079214196
2 0.7524695902539412 0.2557157089348037 0.38373295285270276 0.20059528855940542
3 0.5405258315881055 0.9158996466670799 0.32324162181016985 0.13848447493488164
3 0.748198683273813 0.16706720579350834 0.2854518489526855 0.15156444533904503
4 0.5228295543089387 0.9609164375365424 0.2590029134056825 0.04744356330677162
4 0.7654767640141198 0.1052654639258389 0.2081335948332295 0.08886602261249656
5 0.745383268435802 0.04915479373770358 0.17995920659112977 0.09830958747540716
5 0.6080874492588964 0.01467105438186288 0.07893837373523901 0.02934210876372576
6 0.7319678399188062 0.028764073508727308 0.15412937010852418 0.057528147017454616