0 0.4878868030404482 0.6332052177360695 0.38989646247388043 0.25864742899443627
0 0.4443849696392578 0.4515620817350545 0.38499082094127385 0.25610369328175125
1 0.49444940110971625 0.7942629100437618 0.36360516876238663 0.20265951966177964
1 0.38807622152607885 0.310002075949018 0.3483984980399942 0.18300908175449343
2 0.5181368600740929 0.9030783518084058 0.3913738811344815 0.17705654932250617
2 0.40429709716244994 0.2060421607085676 0.38107285194469587 0.15994984712790497
3 0.5733232822441978 0.9580299512765612 0.29061642140965643 0.06127798891495655
3 0.4121269534948669 0.13241010150887214 0.2734425859020906 0.11119919991036967
4 0.43180258438119334 0.08370367541717347 0.20726539982435646 0.07806069086604293
0 0.6418839708674159 0.5733703455353398 0.2610764427022171 0.16126030046462192
0 0.609636126527206 0.4611939412678951 0.2536690057908497 0.15624277381867094
1 0.7231168136867285 0.6769013433631463 0.3052272164956777 0.18415392187878837
1 0.5944111037137481 0.35333561585220596 0.27549951962529395 0.1616799691411389
2 0.7351278641690749 0.7944799705633495 0.42801926879166063 0.19252879793687547
2 0.5806328770394995 0.25145193343142247 0.3109695165834995 0.14830606390935464
3 0.816779036265995 0.8787452267706768 0.24596772120473914 0.14401370871118174
3 0.6426247788238619 0.14856691353584744 0.143830792044227 0.11222987412940848
4 0.6099320728280948 0.08453737712474516 0.15428283521482677 0.07411805956496753
5 0.5898462929510453 0.038031609771495514 0.1282323244221768 0.07606321954299103
6 0.5600206468557469 0.020090194591923752 0.08157975524995546 0.040180389183847504