0 0.6554043865446834 0.5257820841261703 0.38032112608210455 0.22694146947761445
0 0.636935251525873 0.34588607107273817 0.3653515914505829 0.21855258556098794
1 0.6946153054759943 0.6761697361064825 0.3352662323686438 0.16831719581640342
1 0.6407024031342777 0.20408372561765017 0.3171642413053496 0.15011670304187774
2 0.7050159333117368 0.7974658547544559 0.3803928515832759 0.16483391796264393
2 0.5927330683091117 0.11366953774039956 0.35398640664155406 0.13162167553749704
3 0.7074943437833076 0.8940121493933314 0.3122102591787615 0.11626663264551677
3 0.5733918720100323 0.04994303704164143 0.28099612192934703 0.08266194173534086
4 0.6651910893956399 0.9422115638472639 0.2298226051712373 0.03787207226966279
4 0.5382076603908856 0.023450483092207673 0.21722105394297608 0.046900966184415346
5 0.5098527507190214 0.004354692415448365 0.0811484487717388 0.00870938483089673
0 0.46681147112779403 0.5266644981192378 0.3434243964281757 0.14987132355569288
0 0.46092737537022843 0.41709327387672307 0.3238293220584433 0.14349383730788332
1 0.46501071562482427 0.6465378918259383 0.3317694707979081 0.15369789465081196
1 0.4203696629513753 0.31277114730451727 0.31661778359690484 0.14290516458033928
2 0.4624813498439283 0.7567959009172542 0.4038848554132927 0.15958462192625197
2 0.3574307934946876 0.2163227664208162 0.316982088735868 0.1477128568880316
3 0.4473862955853568 0.8608234927596053 0.2824174797346139 0.13294648672359535
3 0.326179374086411 0.13905619789029713 0.20534811299264122 0.09320968905179451
4 0.45164894959288093 0.9330369894962472 0.21459919246906267 0.08918689371416076
4 0.34686594446475627 0.07689968949773926 0.16950843600501606 0.06161639581043528
5 0.34988797382821846 0.030882525868971517 0.14951319374573493 0.061765051737943034
6 0.37552852633315187 0.00888003962116185 0.12569274752734053 0.0177600792423237