0 0.7186013440724922 0.4796661450997002 0.4170910918498112 0.24439518990388762
0 0.7306935142428966 0.6717638252650728 0.3862826955785106 0.21867663122686884
1 0.7357231986114361 0.30840932725621417 0.40198142844401563 0.17652746521667623
1 0.8757331629673109 0.8512692664360202 0.1180334442924805 0.09778652621062306
2 0.7142116697020788 0.17676967544463978 0.43764667226667864 0.17381989433218042
3 0.6968454275073648 0.08125771998819763 0.3502254000029842 0.09934808064472986
0 0.5098345995510711 0.48664620602848974 0.34752701911928313 0.15421651789855212
0 0.5186401128423963 0.6091723558272037 0.3377154102613837 0.1512526393651869
1 0.4885192948842286 0.35741040037076155 0.37995436457437093 0.17045970005506603
1 0.4409317422170948 0.7123051413346091 0.21595330862895862 0.12502146539042952
2 0.4730173813594868 0.22612076879638662 0.4833197491897558 0.176480048134896
3 0.385277393476268 0.10378204417433266 0.2516185524516217 0.12231389450593344
4 0.4153256687654278 0.04691793078085853 0.22007441445393255 0.05827380546225602