0 0.3755188302516353 0.7289084020447749 0.27114626859526475 0.4125183470752052
0 0.5657012137506516 0.7653661387106445 0.25845548456657713 0.39265767665113044
1 0.21483888665238737 0.7096504183621697 0.19503209883482434 0.3629398827536325
1 0.71812031692046 0.8142942586003432 0.18647745385437248 0.32410040357611053
2 0.10552112593694561 0.6677976350760642 0.1893315552070634 0.40583117280688
2 0.8404799055001598 0.793012029883501 0.17655682702094402 0.3835666562289586
3 0.04611184350549031 0.6170172476775684 0.09222368701098062 0.3205729568935982
3 0.9203104935216755 0.7827463008362421 0.10175522936773262 0.302864172146047
4 0.023778969988544358 0.564137743102595 0.047557939977088716 0.27250625543595935
0 0.4645489625895852 0.2483128092046096 0.18664534216923664 0.3289080958838028
0 0.582699905630649 0.27858729255679837 0.17909802707796985 0.3189147705524349
1 0.34639801954852145 0.2180383258524208 0.1876526720584217 0.35775424972995673
1 0.7004883671691106 0.2847603242511951 0.1853327700620075 0.36003211564514176
2 0.22068449421034878 0.23192004574973296 0.17314565097791268 0.3545945221441436
2 0.819352835548347 0.2946021152956916 0.19945060476704057 0.4207581706846014
3 0.1388011038705575 0.19752565059284613 0.15522745385437248 0.32246266047351557
3 0.9039758486717128 0.3195071060758549 0.1682540145127883 0.35193871551297523
4 0.08688184629641113 0.16710985457306993 0.1376450333605606 0.29994618341827206
4 0.9479433375732741 0.3362608174141633 0.09320058438728077 0.26402469296852504
5 0.9788995330222617 0.3463120220552198 0.029273533710935433 0.21988382214795046
6 0.9799297382455102 0.4547370594556191 0.01630038279826734 0.12322605503945966