0 0.6286458326727148 0.5680014863877982 0.40774524639866006 0.28470054213975315
0 0.7083095023119601 0.39561387109005935 0.2968826767085251 0.2399386394086251
1 0.6095238201158114 0.7260015875737953 0.38190829856551656 0.22334431543968153
2 0.5833248557290104 0.8518297818726288 0.4207060236229373 0.23039213726544988
3 0.5508558993357172 0.9225095227278806 0.3410264406002017 0.11801881749598007
1 0.38270534181463706 0.6233577088232387 0.4088548861516476 0.2320959429448975
2 0.3511103585773499 0.7410524577733704 0.4814745506608556 0.24350772425282885
3 0.27928885725014224 0.8357469516261935 0.24773018051135479 0.1532838783161739
4 0.28184376338555944 0.9068004212595349 0.23078570411916094 0.11638613743920317
2 0.8261155571332316 0.14738880239217694 0.1286475125720345 0.0936788743773297
0 0.35585159751888157 0.498205846457914 0.22369171897289325 0.15188379736737628