0 0.65625 0.5951641046595934 0.4110576923076923 0.2716222329270994
0 0.6165865384615384 0.4110391186214184 0.38461538461538464 0.24983378069652126
1 0.7019230769230769 0.7540836690019206 0.38221153846153844 0.21616594937486047
1 0.7079326923076923 0.23608978576761144 0.125 0.10409261334175404
2 0.7163461538461539 0.8863791184703478 0.40865384615384615 0.19708901699005402
3 0.7079326923076923 0.953489415718334 0.3389423076923077 0.09302116856333188
0 0.44350961538461536 0.613157186538753 0.3125 0.17249114873900048
0 0.42427884615384615 0.4916510744270039 0.32211538461538464 0.18216247402564426
1 0.453125 0.734607357979243 0.38461538461538464 0.2017568576195982
2 0.46634615384615385 0.8560785071714551 0.47115384615384615 0.2094718621224695
3 0.421875 0.9516022194184861 0.23798076923076922 0.09679556116302789
1 0.3161057692307692 0.3996755880291842 0.19471153846153846 0.12372895243915234