0 0.6338232554595071 0.515140579544073 0.3895086749008377 0.2364836109679502
0 0.6160025097928649 0.32734870908386837 0.3677062318219569 0.2208004611909555
1 0.6632716339420935 0.6685785633760326 0.3502919118151039 0.169339635296028
1 0.6238696892596491 0.17654829208896464 0.323653805146153 0.15097262317542734
2 0.6670880298560088 0.7898327860503834 0.38391778668657256 0.1688959024704984
2 0.5902989148876217 0.08228455521599536 0.37156290052881036 0.13934970814994577
3 0.6586754103828614 0.8937582030452872 0.31370276514223694 0.12156643694975436
3 0.5666512092371326 0.027412753236481853 0.29162060923957994 0.054825506472963706
4 0.611185884235868 0.9470391341736518 0.23840033846643324 0.04991849370078928
4 0.5398592605151048 0.004436206680063628 0.22875698256867116 0.008872413360127255
0 0.42934249032950716 0.5138201137626993 0.33078142976055874 0.14418110899852815
0 0.42319217646768964 0.3987155145678435 0.3380768820692299 0.15181267174470597
1 0.40670259290992594 0.6354125024038046 0.34062058463496403 0.16397191060881647
1 0.39906895901678124 0.2894686683922782 0.33799296822209723 0.1446011332831675
2 0.4188904934387364 0.7525709275153074 0.41748771899328574 0.16364447733727652
2 0.3269107754125162 0.1866277533450775 0.3405086995054537 0.15435652599343186
3 0.396054797042512 0.8573363930794896 0.28016080411790145 0.12922170823682239
3 0.3103347518116776 0.10580703673102677 0.2173531200117476 0.09913919007764066
4 0.4005696329505535 0.93525138093717 0.22694053334475475 0.09729537630331354
4 0.332458022572587 0.04317888290659204 0.17134438770013952 0.0676328824287712
5 0.42262381757083295 0.9700490003909443 0.12994754871958028 0.019579667892738135
5 0.3476214964133565 0.011886271384803946 0.1494300594917481 0.023772542769607892