0 0.6098283628911786 0.6009665908534227 0.3960228521462061 0.24494393441216536
0 0.5913616739538718 0.4192244646966396 0.39083752622227846 0.22325337646279472
1 0.6503702397653753 0.7577200739362197 0.35883225898980753 0.17962051902265502
1 0.7144701523493312 0.2535557211232123 0.11697906843094276 0.09268877540027898
2 0.6529540896663476 0.8851798626548211 0.389956381117729 0.1727726072320255
3 0.6407521253811764 0.9595978256744739 0.33083745754186494 0.0808043486510521
0 0.4066404239551393 0.6022087867232842 0.3320123176812642 0.15767821953188596
0 0.3954123364168949 0.48787225236251497 0.3320123176812642 0.15767821953188596
1 0.40213861326665157 0.7223731231332142 0.3442833041946519 0.17224115286685085
1 0.302138784967685 0.39061354055475334 0.20646684690225747 0.12497371284825057
2 0.4012006125182403 0.8449832626205568 0.44769064810072945 0.17584776416293424
3 0.3633596503561026 0.9438600984796496 0.22797558441479432 0.11227980304070083
4 0.3709758853714004 0.9895891179674817 0.22397728521462065 0.0208217640650365