0 0.6087537999460502 0.5422793841972738 0.3564703721266541 0.20259433018196155
0 0.5997440952768974 0.37082461744212664 0.3491749150837299 0.19728235798044588
1 0.6461061469730429 0.6828708775309735 0.32404551198725484 0.13310142500103475
1 0.5984284609122507 0.22650980156238687 0.3097063536455634 0.1369005575210801
2 0.661110570673642 0.7841098259307591 0.36225529470463624 0.12136784084501565
2 0.5606294580408059 0.12927158564688843 0.3597255706787117 0.11398820908553621
3 0.6432224987450433 0.8623776492373648 0.29431821303655153 0.08060353619497189
3 0.5377150842900591 0.05746711763605091 0.27504548451508953 0.07685494365759661
4 0.6211831868066687 0.9096476124908826 0.24577973776200734 0.05079936254384165
4 0.5200699550446258 0.019618055775761735 0.23624827172800836 0.03923611155152347
5 0.6276543543889053 0.9356696869383374 0.22161539835146726 0.04190689110289178
6 0.6435940490691014 0.9526059266555662 0.1587797240259247 0.018305696125653324
0 0.20353788586020194 0.5609877202849697 0.295199358141101 0.13108430542574112
0 0.1980439485482553 0.4530667833088045 0.2902657879613301 0.1235365803683203
1 0.21029668518511088 0.6724303798429336 0.30726054820102455 0.13432861806929297
1 0.1710202940784254 0.35266830139872485 0.32387767482448354 0.12348604038565
2 0.22298118131324957 0.7786451138483523 0.3838479507985589 0.12047683437263966
2 0.1717038093138655 0.2539425157930914 0.3357710277216358 0.11711496841381717
3 0.24112982204699676 0.8531896146089183 0.31173256618317424 0.11543403543440597
3 0.16783138798577024 0.16997599370641717 0.2898881543450947 0.1019019649837049
4 0.25892180880985494 0.907301423061792 0.2418112312681716 0.09854009902488223
4 0.17043013423991155 0.11203154606719776 0.22730423576370903 0.0927238469295432
5 0.2825765534399036 0.9525795367313511 0.188507022976628 0.07080358493171592
5 0.16685142794666613 0.04916129283857535 0.1891364123370204 0.0983225856771507
6 0.41586413710628667 0.9360388202340801 0.05895108641309262 0.07614962376597188
6 0.25912676948023966 0.034519862618106925 0.15527276972971008 0.06903972523621385
7 0.4606499856326368 0.9509579403760153 0.0366870816680847 0.03857909177680942
7 0.32738462912069805 0.016230639842383994 0.07063464285678069 0.03246127968476799