6 0.6481064955695583 0.014883590971689026 0.09826315757783742 0.029767181943378053
5 0.6732979233073557 0.031757096168043016 0.08241735571348759 0.06351419233608603
0 0.2918239118669519 0.5408566127296468 0.4028150839255788 0.27689707445268014
0 0.34590985523024165 0.36163217031547173 0.3976149431328571 0.27178129122298983
1 0.2290791274790158 0.6943319520260094 0.36165556131250504 0.21208639253769562
1 0.3724007230679708 0.21287135908793947 0.3336434596800801 0.19116112323593798
2 0.19714115243371705 0.8124589450975375 0.3942823048674341 0.211993228298834
2 0.4304361256355547 0.11708832748388448 0.3761277934792521 0.1843185569185346
3 0.2079112885431836 0.9097072509867387 0.30386533986502295 0.14860123854956478
3 0.48211861957716423 0.05594683955901933 0.277079738931356 0.11189367911803866
4 0.5126081018628577 0.032771769564414396 0.23484078461836866 0.06554353912882879
0 0.4947772652462722 0.5445896716216586 0.326824369703571 0.19550667916063347
0 0.5195266925232045 0.4318095299713192 0.31402024196428147 0.1851210672402541
1 0.4763563673395626 0.6677249845813087 0.3470362601469134 0.20875827361785598
1 0.5332625878653142 0.3221264390493213 0.27958149884037664 0.17334904617088412
2 0.4358838279413731 0.7827083448050645 0.4263631832238365 0.21384177383082148
2 0.5646594584980759 0.230441753670101 0.241365339865023 0.14459605656359203
3 0.45930943586262135 0.8912056541585015 0.26138100606585096 0.15544380486696843
4 0.43505037082589304 0.9393900405769927 0.20162854219322204 0.06792018934037604