0 0.6797725289621416 0.6244535628048618 0.29595902306550287 0.42464754676089783
0 0.4970699996505499 0.6658184789265496 0.27559443168678316 0.40256533025406
1 0.8398853694798754 0.6101733760496267 0.22840959189977228 0.37265612374262835
1 0.38721318233809904 0.8373277931366456 0.10410082280878322 0.10806318652061965
2 0.9236710486027343 0.5705678745295414 0.15265790279453137 0.4150301522674146
3 0.9850321156451417 0.5323311415681632 0.029935768709716645 0.32804207972863253
0 0.4804780442183973 0.46375552665277814 0.19198418049538082 0.31898820639412406
0 0.5924560823495193 0.424345850623665 0.19957365967290264 0.32636759527649595
1 0.7108846667005708 0.39348951148370787 0.21879420728438795 0.37243232318151726
1 0.3524545184905295 0.40315381166602593 0.14886137320337944 0.22915069645737185
2 0.8221068233997259 0.33965675853151783 0.23206301882094602 0.44236766220416696
3 0.9093586194893922 0.2636578638620734 0.16151050516591617 0.24144967792799152