0 0.4326923076923077 0.7403456878475889 0.25721153846153844 0.4020000969213659
0 0.6189903846153846 0.7067251613546172 0.25961538461538464 0.390120874247015
1 0.28846153846153844 0.7788202021548029 0.19471153846153846 0.3550906556852612
1 0.7680288461538461 0.6913672016987011 0.18509615384615385 0.33289600792112684
2 0.17668269230769232 0.7879348257428938 0.18269230769230768 0.39765984598009313
2 0.8629807692307693 0.631993675292606 0.17307692307692307 0.3730613520621124
3 0.08774038461538461 0.7755429877708038 0.13701923076923078 0.33249969217737746
3 0.9314903846153846 0.5867050598428332 0.125 0.2933381132414402
4 0.051682692307692304 0.7349813278860687 0.07932692307692307 0.2690433440541092
4 0.9663461538461539 0.5538794079878205 0.0673076923076923 0.25392022665663355
0 0.32091346153846156 0.28792184989721825 0.18509615384615385 0.32808831561343443
0 0.4326923076923077 0.2655860724629736 0.18028846153846154 0.3278082994236749
1 0.20192307692307693 0.2930106799699005 0.18990384615384615 0.36923371641857855
1 0.5360576923076923 0.2247314205428036 0.18990384615384615 0.36923371641857855
2 0.640625 0.21519677267007353 0.18990384615384615 0.3668298702647324
2 0.10096153846153846 0.3472264938311041 0.1875 0.3787090929390834
3 0.05048076923076923 0.36712286230016744 0.10096153846153846 0.3063611092157195
3 0.7307692307692307 0.19400476853575713 0.16346153846153846 0.3124051658364396
4 0.01201923076923077 0.36368080970516803 0.02403846153846154 0.24659238864110533
4 0.7980769230769231 0.17388653365392906 0.13701923076923078 0.2579804614081468
5 0.8653846153846154 0.1597779141567164 0.15384615384615385 0.225306671918459
6 0.8966346153846154 0.24453071169784568 0.1201923076923077 0.16805809705168073
7 0.9302884615384616 0.3162023634877009 0.05048076923076923 0.05582478537709052