0 0.3779438573952245 0.3732595160170937 0.3840036213769753 0.24922473754850463
0 0.33521736763618637 0.5496634625624464 0.3742203995988194 0.2393855523720088
1 0.38181019543114236 0.22058731017772404 0.33964344904973104 0.18571763502350455
1 0.2943851292505029 0.6863759724991986 0.3200350462027263 0.1636354185166668
2 0.4055008160597065 0.10229529737676248 0.37565918206673043 0.18415304097382512
2 0.304600110519942 0.7894616064131943 0.36558224525372474 0.15748693272040654
3 0.44758302010518314 0.03851447378466867 0.28752626748194143 0.07702894756933734
3 0.327400772982965 0.859815566548878 0.26352976523417265 0.09263702682873944
4 0.3290913111950331 0.9006250010239847 0.23438989635316895 0.0751387020684832
5 0.28548640610025966 0.9208628727797541 0.142582190309394 0.04657028904561965
0 0.7514333229302826 0.4510697556722216 0.3179249150837299 0.1804063914533122
0 0.7266037181608347 0.5657839743125528 0.3176731593395731 0.16598331453023527
1 0.7750819842681539 0.33518158902510614 0.33462596028857444 0.17358650397371825
1 0.7163650274772351 0.6705471074958326 0.3320123176812642 0.16151132306420982
2 0.7926371116400242 0.22424099003637757 0.409438906092655 0.19214788139925248
2 0.6977967938365595 0.7706983738623925 0.39708400099788166 0.17263736146709455
3 0.805090831669352 0.13023921440512753 0.3319283990998787 0.15670363075651736
3 0.6701586463595061 0.8398234407900635 0.29325706418487596 0.14378919774284207
4 0.8038198863642124 0.06539131839155915 0.26167138985933336 0.12383107668846176
4 0.663204946934302 0.8940498546022965 0.2472902722269492 0.12589922200064108
5 0.6373351729585249 0.9306950233829056 0.19900355269656209 0.11276098842585469