0 0.5770231247741369 0.34995548655464026 0.23844597449468863 0.377100777580103
0 0.40603375794180907 0.3960967087648672 0.23834802526977392 0.3746969314262569
1 0.7127873677105451 0.28527127561663834 0.16986494226310847 0.3423233308975906
1 0.25986644644725837 0.4217473593577133 0.17639083615024567 0.325874348536651
2 0.813010196841783 0.2392407012161463 0.16951802983246558 0.39267811988969864
2 0.16045374349328573 0.47733032825425936 0.1585313560682787 0.35852035278120786
3 0.8929023730336854 0.25064536322099756 0.11781698543370786 0.30121620742416777
3 0.0891750174331161 0.5194452936369713 0.11173595320212781 0.26971424694684554
4 0.9400977530863783 0.2697603738323898 0.07479671787020556 0.24618992798231273
4 0.04262039748580913 0.5434735335561488 0.07901671482841108 0.2320188115365582
5 0.9574144222878735 0.25685928139253095 0.054390557940462915 0.21633593222686967
5 0.02353854360970827 0.5439723437011513 0.04707708721941654 0.219747620290005
0 0.6182599626808172 0.7507781146729263 0.16849365311430595 0.30866948474374456
0 0.5065076489049207 0.7854193594974934 0.16108621620293861 0.30348385172006853
1 0.7284185564801328 0.7258152445830746 0.16898339923887834 0.32068871551297534
1 0.40557264282133193 0.8194936932480851 0.1618698100022543 0.32271462095083775
2 0.8332531794692343 0.6843404020129525 0.16412264217528671 0.37800308248929926
2 0.3056171289868877 0.8295295654602156 0.15907416694875032 0.3129732560967922
3 0.899185492484682 0.6556985509537164 0.14955673155828025 0.31487318129599373
3 0.22435366364618317 0.8517787496092105 0.14077800549811054 0.2760337021184715
4 0.9353146016393391 0.6226218374931297 0.08411825481084688 0.23948231047541887
4 0.16011301983223064 0.8683383797798849 0.11747825328994949 0.2340344953551367
5 0.9646239692321154 0.5803076801331419 0.025107722725635995 0.14523861114005854
5 0.0981782729472098 0.8871758758657443 0.13543568259683092 0.203792337264426
6 0.9607161720397186 0.47017168789153285 0.03919206750495455 0.07881278050299437
6 0.06383767935146537 0.8111295498036536 0.12767535870293073 0.17722404933345715
7 0.038243304886050815 0.7391980247366186 0.06774437367636515 0.0731130049053896