0 0.43696670674873567 0.4063093108260114 0.22374883120013897 0.3677901456690896
0 0.6081139606776771 0.39268425751601027 0.2178215295523566 0.3436957415658728
1 0.2865583807323375 0.4009553364466417 0.15682968823413057 0.3237656902756635
1 0.7448236419147093 0.36184068317579965 0.14643057708068297 0.3068268820692299
2 0.17053164694084413 0.41161796002055845 0.16376463828799415 0.36949470976349563
2 0.8396372707877948 0.3857681016500648 0.12899118279405777 0.3450646502717476
3 0.0850568142754682 0.43344753231650307 0.1131126137288638 0.3136468225774819
3 0.9072808458975141 0.39376283601817624 0.08487893109241185 0.2748776000097897
4 0.04419474358743118 0.48462674154139845 0.055472972576213 0.26252271385202763
4 0.9468060132321383 0.4170469149977564 0.06480514092922746 0.20497026257160805
0 0.4873751040247147 0.5858853467291579 0.13748695806935232 0.32113807386279636
0 0.5921926668548689 0.5666833908460803 0.13418742444343415 0.30187933334964967
1 0.37881347775995383 0.6278678985090189 0.14782677482844792 0.2852202379669923
1 0.7002834300411128 0.5919665744503454 0.13497115098149728 0.31870625642657263
2 0.26938249729294933 0.6253932820839145 0.1558286676827447 0.4054405169416775
2 0.8082918794905237 0.6412742339518833 0.14687842081671876 0.31644226668461456
3 0.17725593083608 0.6591581713019572 0.13200750015760596 0.3066590543749645
3 0.8779177902878816 0.614455156012792 0.1190925819163031 0.28728842873230703
4 0.10869033498446011 0.6571590666772723 0.10712601768672926 0.23669577437202732
4 0.9388240039419272 0.6067549621749594 0.060833841699255015 0.17128844513538427
5 0.05608562193486725 0.6625533138495802 0.03958777565632376 0.12779544410713256
5 0.9732383791424032 0.5917173591048891 0.05352324171519358 0.1571450810360833
5 0.9816914296600836 0.44388082064335066 0.031197333460343 0.05081642461930053
6 0.9884715158733718 0.5642549416711128 0.023056968253256444 0.13514683898055913