0 0.35998066520605454 0.6030701494294888 0.36998164153367996 0.22292429115504206
0 0.3815988891028842 0.4235517324128659 0.3577384888964313 0.21741655837295093
1 0.32642883820417457 0.7541742911550421 0.33375269389762663 0.1656757162882638
1 0.3691417563796602 0.2769989753461355 0.3210616975243417 0.15055259889078806
2 0.31121540688833943 0.8738065664678307 0.37417023477697514 0.1584404692858351
2 0.4119137908005456 0.18669102794113487 0.3513040491182607 0.13073808873960965
3 0.31881218076421425 0.9554695748016209 0.32189809060206176 0.08906085039675833
3 0.4354254087934857 0.12177532751684367 0.2820930209324152 0.08595247746759149
4 0.46365909142993755 0.08485387809898264 0.22808879620770972 0.05883383784177509
5 0.5094737764841996 0.058597874008104504 0.06155164598827111 0.03475020237199419
0 0.5490744515520092 0.605647323339089 0.3134023153267672 0.14051718999076412
0 0.5530787119065051 0.49379847313780295 0.29691127505187115 0.1467486717881443
1 0.5522817296590516 0.7179161978250144 0.3215095412603778 0.1601679835061727
1 0.5846152420962228 0.3859635621814804 0.342248469172921 0.14219728712932123
2 0.5468516243596147 0.8345027362865528 0.4002766596672558 0.15276901986797414
2 0.6603430237970719 0.286728416365049 0.3282732359858802 0.15097262317542734
3 0.5674456302136253 0.9357324366674058 0.2720890869753466 0.12852166776242357
3 0.6435490618446724 0.20741334755857094 0.2620258586239261 0.11834625076751976
4 0.5453598571656262 0.9749092345994794 0.26560198065751917 0.050181530801041256
4 0.6631190278048162 0.14949917345349853 0.18515544824050587 0.06352523059547775
5 0.6537868594518017 0.091106825286792 0.15491309664658706 0.08333974074665614
6 0.6214205640390593 0.06150248118924447 0.13433879620770958 0.053373522141464146