0 0.2951364548121929 0.3748665333012389 0.3733185026026857 0.22026171974859046
0 0.2920102599018149 0.5692418851668951 0.3566874779755915 0.22389275897069483
1 0.2858291798191749 0.22091106281477937 0.3394238735299956 0.15317266072150948
1 0.27968291951021756 0.724710195334825 0.31759335969555136 0.14685212873234696
2 0.29889522954107267 0.10614004396429312 0.3890230997365348 0.13506800459365786
2 0.3197463582352213 0.8297735462459909 0.367290535127005 0.13115131875834152
3 0.3277597354782919 0.031376349956675806 0.3250538613628181 0.06275269991335161
3 0.35016787996689064 0.9067471631517383 0.28659232290127956 0.09195039377243794
4 0.3757121769523508 0.003656589196659512 0.2750179537876061 0.007313178393319024
4 0.36979453624075986 0.9545131696241141 0.2537751353026484 0.05130364243766486
0 0.7670249201528974 0.32389140075093115 0.312785667387859 0.14651594213646474
0 0.7657822027504015 0.4426296454194041 0.3125897689380302 0.14170824982877242
1 0.7839416121678506 0.20285862656891782 0.35365105200324365 0.14937352820146393
1 0.7876208968717301 0.5537613883728209 0.35355310277832924 0.1469696820476178
2 0.7829193340758365 0.6691460037574362 0.3797015627958936 0.14160716986343183
2 0.7501816365022057 0.09016350395136051 0.36547438432264556 0.1454063023834773
3 0.7476492186020531 0.0342347759713349 0.29998284281931287 0.0684695519426698
3 0.7912164942983182 0.7596516911138844 0.32882899666546667 0.12846182599128342
4 0.7848191721574873 0.8284134464454115 0.24651053208521034 0.1083235769382081
5 0.7871781338423184 0.888173413695683 0.2059389951445693 0.11267752933474749
6 0.6964462077236008 0.9088999892915525 0.15447873366465578 0.08510910853952189
7 0.6173906900869136 0.9371995599361777 0.049252313775896485 0.03220801980497639