0 0.5540936355029215 0.3813866534711624 0.2613708624421355 0.41056085267042686
0 0.3588715020835239 0.34852069736318464 0.2064438672260838 0.2554556927947218
1 0.722380797647445 0.3608305465220869 0.19428118545451029 0.3798261897799461
2 0.8515509559619517 0.3486400668949719 0.1848120906580217 0.4131303120366947
3 0.9434385995875824 0.3504401336876253 0.11312280082483529 0.3493713060071435
4 0.9901321567222391 0.39217057930962684 0.019735686555521808 0.2848429074039778
1 0.6912082007817227 0.617107079197589 0.1880162725909653 0.3604555309903378
2 0.8179745129423834 0.6049865443498934 0.19195190361838882 0.4757002568161143
3 0.9313568694709782 0.6546886722709211 0.13655017619506374 0.25102344803770976
4 0.9786070089438511 0.6307808515551716 0.0427859821122977 0.2284096057412213
2 0.07978798213373342 0.3217085777656589 0.08453762209071741 0.1343798266235433
0 0.5740945553953091 0.6771296751736589 0.1441618825461512 0.22486091946308034