0 0.6323993244401171 0.44617821500979804 0.19812851677467963 0.36553497603430213
0 0.4486729440917197 0.4271821987818395 0.1955568202000002 0.35816939211176463
1 0.7892088258428949 0.4321527084362687 0.13747286152574828 0.3376453779708667
1 0.304833825842895 0.40111254804497914 0.11773854103247891 0.3147783988982597
2 0.9069693123112177 0.44090285910214055 0.1260131321592953 0.3609136122043334
2 0.20423495835411293 0.43077735372121473 0.09929107376559856 0.34719988136411406
3 0.9746396755916664 0.48135084704830305 0.03807591711388898 0.2952718217622171
3 0.13396391848979666 0.4503484968907066 0.063958723403419 0.27292786029474425
4 0.09267890782232868 0.4657585702075705 0.04355300122681643 0.22121472737598324
0 0.5988813338807687 0.6450508233239645 0.12148318067489342 0.2694134128971808
0 0.4883323858739846 0.6367628090410894 0.1168992889283122 0.27872070659056736
1 0.7197160632472218 0.6768685806428733 0.1435653971817311 0.2900305912769405
1 0.3809416059757474 0.647936632180482 0.1211474798332267 0.25499033597410387
2 0.837560474925961 0.6820129620779759 0.12226849251688066 0.40627859820541257
2 0.27981221709337556 0.6486782612800643 0.10521575900074814 0.2923735562086493
3 0.9337692662810356 0.7375306494022797 0.09928906388750008 0.2439885422097285
3 0.18768276128333278 0.6764783799159502 0.08777137450267111 0.1616415911349635
4 0.12409273848696525 0.6675884828917856 0.04970148702307706 0.17600378683590306
5 0.0702859507268157 0.6521032292500782 0.07077660100491465 0.1533517344464323
6 0.04490669569978582 0.6047356522560128 0.057078866027350496 0.08046612252605292