0 0.37296351699400737 0.3494552995397179 0.2324098267321233 0.3967481846447539
0 0.5728255700504388 0.3433634544385977 0.23702162058998674 0.39199643490181685
1 0.2097468515947551 0.34154363695342516 0.1643185406251155 0.37673421950741176
1 0.738321600000673 0.3248467949737715 0.16064135454738157 0.3454562482250341
2 0.08626915472437119 0.36175171693678254 0.1534747005548581 0.4054405169416775
2 0.8555488985675976 0.3695006042206938 0.13625598057827715 0.39562933334964967
3 0.023285490260537813 0.38854282359349634 0.046570980521075625 0.34920103180237727
3 0.9425546639961239 0.3885504021813227 0.09745570997298031 0.3279020718062932
0 0.36620302895761375 0.8399937569774101 0.15029544088858074 0.2684492574548242
0 0.4968208474425714 0.8476231805439846 0.156866219244733 0.3047536389120308
1 0.24382930593923852 0.8606057364246147 0.14607544393037514 0.27878852715077057
1 0.6206678989781055 0.8495663426039143 0.1493608331084514 0.3008673147921715
2 0.124763414333447 0.8322622235959438 0.14832827610340743 0.33547555280811225
2 0.7380380312389595 0.8334980124124427 0.1456305822748181 0.3308653436076915
3 0.04714441392293912 0.8474117117955244 0.09428882784587823 0.3051765764089511
3 0.8298514889751781 0.8526037529378268 0.14136570084759725 0.2851642954022371
4 0.01035210242838845 0.8654545435905595 0.0207042048567769 0.269090912818881
4 0.907535717463063 0.8643301273074068 0.11595595016033346 0.25123073642461474
5 0.9372899467113966 0.8718913067986651 0.06469158713024853 0.23141257026391587
6 0.9591122802589567 0.7494909519291546 0.02555258438119332 0.0964055876952446