0 0.5571547738692628 0.5753552666437886 0.4074265519907564 0.28159210304486193
0 0.5987063482352001 0.3881006461299733 0.3964375976777691 0.2639802829978801
1 0.5260770155881911 0.7366827176934178 0.38329017669712057 0.21992615525859066
1 0.7695752526686258 0.2547613141891828 0.10841805967709589 0.09958757203176997
2 0.48481957921994295 0.8618297866922623 0.42135926667362955 0.2182580508311329
3 0.43804288970728317 0.9229560186285768 0.3229981953406178 0.09561313847347491
0 0.4032099128036029 0.41361019438904617 0.31583541539058363 0.18337810071069455
0 0.3604316393728246 0.5281361799380977 0.32103555618330526 0.1885782415034162
1 0.3150532955456855 0.6452622358835102 0.34325884429546455 0.1975557981475869
1 0.3390905668876496 0.29228929975315476 0.2139419109601418 0.13446752215220847
2 0.27087687479546946 0.7622901797076651 0.44780157436593726 0.22041651749879448
3 0.18519724145865465 0.8612155445124687 0.23194617949215302 0.15026416877288812
4 0.1858106901741166 0.9268307531369514 0.20260966340579534 0.08339808019389522