0 0.41128305770302787 0.45905615634085817 0.39804711733390974 0.24971174450277858
0 0.3835417321142429 0.6484564910063904 0.37396670029200396 0.2420806131343119
1 0.4199614360748211 0.2981663011959372 0.3519824557120185 0.18160682567192252
1 0.30260112486500973 0.7828471828151418 0.2796433084115972 0.14188650848959922
2 0.4384579839953136 0.17230005244455673 0.4024352546071582 0.17768027846877968
2 0.2502759161929862 0.8780779245737457 0.1736643001251445 0.10398260739142219
3 0.46673773854496814 0.07544779470210147 0.33727967543264586 0.13327814685084244
3 0.27955561024139874 0.9531006668312904 0.1349929841463841 0.06725356643264473
4 0.5097552362935326 0.032933831165341654 0.2598950879716806 0.0526085264717488
0 0.631570624807506 0.5205877391315599 0.30619749744642333 0.16157882991798955
1 0.6537009122943973 0.399592121623911 0.3447289617470358 0.1742694093383056
2 0.6890873165469794 0.28483689559968806 0.4264597309778051 0.1756960252218618
3 0.7377857782365115 0.1859374456742757 0.2314964594956002 0.1290280919065117
4 0.732502590223116 0.1041227578621208 0.21450171440489968 0.0998882230255081
5 0.7081564549927291 0.05081854957057711 0.14451047258706523 0.05059448051849292