0 0.6027414547926206 0.3392005718261052 0.4157151735745964 0.29316869690774444
0 0.645530883487698 0.5157453601811609 0.3864494268215145 0.2672816898372955
1 0.5770936438546624 0.17960631139790292 0.35440220029835057 0.2196060219212321
1 0.8099304226976477 0.6279434454098852 0.10744760239694419 0.10293184643780015
2 0.5425227765977515 0.08416874080699618 0.4119686301185798 0.16833748161399237
3 0.5018313124373155 0.025274510037765416 0.330585701797708 0.05054902007553083
0 0.40205617694498214 0.42305385208847895 0.32766617757119304 0.20108459877332052
0 0.43650116632981467 0.5351569306726854 0.30814169330557395 0.1830253120084057
1 0.3579328640087258 0.3079611861174992 0.35920989260604286 0.21991411284322998
1 0.3893832236466493 0.662112939546241 0.20895461163748927 0.14065175579975614
2 0.31754119817531706 0.19984899041655935 0.4312833179307347 0.22213163051935256
3 0.23788468406502877 0.11711508328364081 0.2331609103387221 0.1518075950251305
4 0.24031559315639875 0.04957632278445008 0.20571157966978648 0.09242078726183431