0 0.3944494202862233 0.6632902202259666 0.22471380372291214 0.3864038863761677
0 0.580000215198604 0.6336394723758854 0.22217006801022698 0.38141404149899405
1 0.24343964309722407 0.7011170635108729 0.1538831487906616 0.3426599233996638
1 0.7316173848394604 0.6161542451139308 0.15820122764241737 0.3261973054617039
2 0.1317657141125072 0.7059813887609969 0.14800056113809376 0.38778654261429596
2 0.8364166374329449 0.5590428384723769 0.135841440810024 0.38206808745919574
3 0.04741967385376673 0.6945100351084874 0.09483934770753347 0.3240473373785107
3 0.9121599018420171 0.5113288011261403 0.0949318350688027 0.29501903096287524
4 0.02058623896125603 0.6504583999354518 0.04117247792251206 0.25659335525192234
4 0.9575053654309149 0.4779109016676543 0.060228817223663904 0.2564112026824408
0 0.47659826765764307 0.18934887199574182 0.14844595346819361 0.3206610028760852
1 0.5882943072052783 0.156873600376571 0.15147930263681544 0.313747200753142
2 0.1350073070835209 0.22362799840058706 0.158665117444771 0.42457284519991456
2 0.6955102677794004 0.1551334755747113 0.14744100290273765 0.3102669511494226
3 0.061345911139578095 0.2476678793473252 0.12269182227915619 0.35562577976688803
3 0.7802044413993717 0.13253288380853293 0.1367065018166411 0.26506576761706585
4 0.023526737519606634 0.256500859558905 0.04705347503921327 0.28507520395911307
4 0.8489588635119556 0.10974117378522658 0.1156571683209643 0.21948234757045315
5 0.9162315834299382 0.09595492115119685 0.12387365734795872 0.1919098423023937
6 0.9382545081920253 0.19154411775515395 0.08254438293022058 0.11658795786981505
7 0.954919431147191 0.2370529734840421 0.049685653003571965 0.05893151292809304