0 0.7053126040956552 0.40566046391603516 0.3895046655742226 0.24461033716023645
0 0.6770929484072643 0.5971228871176935 0.3845010748167014 0.2397187262711585
1 0.7488409698747953 0.2511639410641424 0.35772003498063537 0.1719914410565379
1 0.656254197252291 0.7548265659387734 0.3335836242172594 0.16916800199576335
2 0.755946378824535 0.13573736638883419 0.3935818288384988 0.16781313810923806
2 0.588438406728961 0.8569000256036718 0.38117080116961016 0.1579879570403893
3 0.747600243989596 0.04954748689012823 0.32622925206179143 0.09909497378025646
3 0.5417409530877245 0.9417899082207584 0.29218360900828755 0.09638126872929356
4 0.6982948654578002 0.022029133992975958 0.25195898449828913 0.044058267985951916
4 0.5033059470041359 0.971286431072651 0.2515671875986311 0.04282530469359303
0 0.24335172313614398 0.33565458666509784 0.30934926422896897 0.1639407167811428
0 0.21686862111826344 0.45502260489671803 0.3162669550157641 0.15685505619168275
1 0.2519039282250929 0.21419741695982786 0.3528143934480287 0.1695036763213061
1 0.17736026370405789 0.5698137069194563 0.3357915719212767 0.16440226897876406
2 0.17049762919045885 0.6770995554458064 0.3409952583809177 0.16983935064684877
3 0.1492099262364862 0.7711852297713491 0.2984198524729724 0.15474492507268642
3 0.3008766562738692 0.04810398601444689 0.3405543797599539 0.09620797202889378
4 0.1241317767191692 0.8375427547462753 0.2482635534383384 0.1247658703778263
4 0.3024928184849576 0.008209748377174786 0.28443743995316173 0.01641949675434957
5 0.10648555141944817 0.9061782480029692 0.21297110283889634 0.12148087911943069
6 0.20488211149656996 0.9260505731784856 0.13603155823320195 0.09605776098810583
7 0.26966556619099413 0.9573486157613558 0.054451802983246506 0.03938464285678068