0 0.6720517609435702 0.5610494649601028 0.3798653190030756 0.2357235989152975
0 0.6802291507124502 0.3743662743845284 0.35582685746461407 0.234183144305308
1 0.6750553055379067 0.7157894509611817 0.34545624822503385 0.16866311630746614
1 0.7047999086814003 0.22386438096657682 0.3068828246339852 0.15658300431609812
2 0.6485002706507748 0.83038769753244 0.3789142954022368 0.1539928296845283
2 0.6664091404911198 0.11703113107305957 0.36197548719580325 0.14329912684215104
3 0.618717078844971 0.9127650892182737 0.3231223507809784 0.10718055331232151
3 0.643321702553497 0.042719457364340435 0.27976920616461487 0.08543891472868087
4 0.5667406880723138 0.9413174512451359 0.24809963692895073 0.059135913252123265
4 0.6198986092273429 0.009219656671493236 0.240972012314545 0.01843931334298647
0 0.2071173147921715 0.5728284155095544 0.3069387671987404 0.16139069662379044
0 0.21930521532098193 0.45434674939659764 0.30204716104391527 0.1538710672402541
1 0.19013570759685755 0.6904162494675863 0.3213059015570621 0.15750727708209175
1 0.21219241841307918 0.3431070623562479 0.3308653436076915 0.15331576661839533
2 0.2297423845052498 0.795970553553681 0.3234580061695098 0.13602670715847537
2 0.20509360714636513 0.23066545223897497 0.39101744001860056 0.16197459545106158
3 0.20831671167315247 0.8826164784337104 0.27535311181020905 0.13054195178465022
3 0.2133400830558751 0.1412610081636704 0.30422723693874054 0.1347943434704838
4 0.21648516819272784 0.07740503962574838 0.2463950728345448 0.11907802163727807
4 0.17888316089706885 0.9349457931964671 0.2702097641139855 0.10138770701649837
5 0.2231101517896506 0.03476444739756353 0.21724123488223726 0.06952889479512706
6 0.3182019312784617 0.01850896645086148 0.14244229128923044 0.03701793290172296