0 0.5463724005594977 0.6438869953878628 0.3998444749506656 0.28654435591408034
0 0.5984953817321542 0.4658386633674775 0.3987515595337761 0.2721212789910033
1 0.5225132527739643 0.7994369549134639 0.3631298978662183 0.21260886606525878
1 0.6698118499767177 0.3371973313253731 0.35019990424957964 0.19988959482162905
2 0.48306638714729355 0.899287720476878 0.3943798978662183 0.20142455904624404
2 0.6537881014954455 0.23002801960734467 0.36779130035501484 0.17937504419605174
3 0.4235152716013078 0.9562040565121245 0.29185071178051697 0.08759188697575099
3 0.6552826042101605 0.16251031515733272 0.2844570207494969 0.12187016168040407
4 0.383432291389728 0.9929736435646606 0.2453385975112036 0.014052712870678783
4 0.6478351190532619 0.11740912488421992 0.24490256687106893 0.10520695523925086
0 0.3884665154671471 0.5610491372437308 0.35999744143444584 0.2028534733549943
0 0.42893315160125955 0.45717001575537697 0.3548254439877905 0.1977657648575425
1 0.3211932665017639 0.6681958619960996 0.35886866326697076 0.21954038833703748
1 0.43112040184331507 0.3486469185951006 0.3518751401254994 0.19041421830112418
2 0.29303702136639753 0.784864258775523 0.4430032786515862 0.22444067165782947
3 0.20039644875030319 0.8603528135136975 0.2415162323686437 0.15526770018538072
4 0.1954962607495935 0.9409516637149835 0.2047657925336108 0.11244220224167925