0 0.4552172163644443 0.5146345934616031 0.40467690742036094 0.2725915152567121
0 0.4633566137833896 0.3246719706501216 0.3797565842112714 0.25408365920037757
0 0.7119827131810267 0.5111557341539495 0.2673001791737153 0.16478869156225756
1 0.4248814032965505 0.6723721631517381 0.36306586299229365 0.20980586864350015
1 0.4219549829518824 0.17918873835975896 0.26704821869639284 0.1599809992545652
1 0.6830480151673318 0.6265738562048653 0.33068204084434316 0.18598604038565014
2 0.408910787842045 0.8049786648667941 0.4132946717457405 0.20852813559257136
2 0.38687280729200124 0.0622154733196679 0.16850074800798473 0.10758419041384304
2 0.6713181809465435 0.7480268636317315 0.4298696343453413 0.20489709637046724
3 0.41173512159263687 0.9049063735493508 0.33612985596462563 0.1528364741256272
3 0.43660791671008775 0.014196766933940305 0.10373310371208391 0.02839353386788061
3 0.7070983587287031 0.8553006974074673 0.235042337264426 0.14337270945825345
4 0.44550472636585997 0.9507980837530392 0.24265225968051618 0.06007856056334377
4 0.6671046141646623 0.9208263767704076 0.2177217148521426 0.08707568813214522