0 0.6350545254483075 0.5958022295106308 0.3826745729390464 0.20097996405074825
0 0.6105479186226961 0.42596739975267145 0.37571499495483024 0.20561980593760715
1 0.6855676199405548 0.7350304858817848 0.3459972010573323 0.1425043543945518
1 0.5934367098069726 0.2827147530377142 0.32689241206522435 0.1444605994261755
2 0.7126193855876 0.8388994217596693 0.37661729986402676 0.13121247544893214
2 0.5410185793058818 0.17585449453306667 0.35941243607112017 0.12360928600544902
3 0.702542626898333 0.921496413225695 0.2928708468146789 0.09084863221794902
3 0.5073800655809618 0.10664550239497905 0.2874332533136808 0.07871750116816265
4 0.6881093283559718 0.9667778391668274 0.2549234509270694 0.053951687806089735
4 0.4870205850118843 0.06175472249674186 0.24568600702766816 0.060939425706517295
5 0.6943657934082675 0.9857218231228635 0.2305070486726244 0.028556353754272942
5 0.48892562102072795 0.029386724630235454 0.2230435497337636 0.04120510521324805
0 0.23000133771558862 0.6091831942652245 0.3122173746648252 0.13931720627681649
0 0.2122500060872752 0.4995284435638357 0.30728370211847167 0.13680145984241485
1 0.24655074626697893 0.7188099698964746 0.3071577218798105 0.13439761368856842
1 0.1803275580132072 0.3943456843284724 0.32638849111057977 0.13484521481079087
2 0.26765588664873924 0.8237409535005878 0.3958480690947959 0.13166007657115403
2 0.17263254183559248 0.29332819572665614 0.3210768778482428 0.1251179299148507
3 0.29079204327800434 0.8987077853920409 0.32588457015593514 0.12522983019540626
3 0.15145930052485948 0.21000385243701933 0.2867931305010909 0.11231539718173099
4 0.3167150975867411 0.9535316434560632 0.2622507480079847 0.09293671308787364
4 0.14704488136207688 0.14867780044380352 0.23087476776932356 0.0990093131861113
5 0.35301963956211363 0.9820011387943912 0.1872378179033935 0.035997722411217674
5 0.1316871742683255 0.08469612666549156 0.20506236127032165 0.11041309241228649
6 0.47884362192305324 0.9769436807335473 0.07020523779689879 0.04611263853290545
6 0.22208847632452067 0.06879338584220104 0.1663488623314609 0.1047101978601497
7 0.5241336473205046 0.9931841322766027 0.05174057161738087 0.013631735446794507
7 0.2928810684339631 0.04523150543514982 0.08209848832746854 0.05473097001378212