0 0.5334954207894242 0.5554835047270577 0.35943174202640865 0.24139205523938237
0 0.5120208334795296 0.3778257592980187 0.35938978652296427 0.2341805167778439
1 0.588428061903758 0.6971340978310744 0.3422132342506713 0.17290770984610213
1 0.5063740311029495 0.23393117666313176 0.3157289710549191 0.16384714510721127
2 0.6178965557176702 0.8020881321019347 0.3854405095164577 0.16872185074750398
2 0.46014154746728075 0.1409711031701671 0.35888632048163155 0.14764205523938234
3 0.6051858604967565 0.8907530298559956 0.2914667468314208 0.12370467366626141
3 0.43569751606219004 0.07294049768803994 0.27933563471967177 0.10363343794578656
4 0.5874227325313914 0.937686806513631 0.2358286560975895 0.05974237396746181
4 0.42703232150306225 0.03379722942689204 0.24312410556601668 0.06759445885378408
5 0.4424615291536551 0.013095643839137914 0.19018354951014216 0.02619128767827583
0 0.3495662271006565 0.5623330266349387 0.32779015732759437 0.17189915005845519
0 0.33811259427277557 0.4537144464756738 0.3277062463207055 0.1574760731353784
1 0.34784765416973534 0.6802895814713413 0.2989300183136257 0.16747818432931566
1 0.2870374554098775 0.355080944193976 0.3012639386283978 0.155627046858026
2 0.3640949941374938 0.7861681288808777 0.3878303705024889 0.16648609789159907
2 0.21795444814485546 0.2613139108776059 0.29402442983122984 0.15031507465651028
3 0.34181086980463987 0.8827169382882416 0.20492828529295928 0.1176533149403805
3 0.20183297468743017 0.1770699788526848 0.18559961988748655 0.09948164547992858
4 0.3685888215245026 0.9385602197031969 0.20234263195752078 0.08623522164243952
4 0.22189506004803036 0.11193926274326212 0.15903144568484565 0.07599800381796078
5 0.3928160828284639 0.9693312098007087 0.15869580165729053 0.01830569612565305
5 0.2239422844225992 0.050473092522244065 0.1615751435168398 0.10020455865436347