0 0.6297968579737824 0.42967586546007325 0.43699508267524745 0.2909466006857289
0 0.6919906051855277 0.6173728379715404 0.39467247750401013 0.2705267702048279
1 0.5909681755567276 0.2654449344249202 0.37846373763670316 0.21488858476926895
2 0.550155165658945 0.13833372921554346 0.4219151209754155 0.21855143695266632
3 0.5089972014057685 0.06997686521655852 0.359340556657691 0.12078886087217146
1 0.375316188646191 0.37909740524150376 0.3830892773749139 0.2126246281742618
2 0.3196978653110754 0.2623488666582079 0.45298296840593394 0.21705687293127374
3 0.24417537600141942 0.16780736352167497 0.2587074605845299 0.15383892766482485
4 0.24177011043929664 0.08858535761388116 0.22953286434999867 0.11701184278351794
1 0.8177758484058857 0.7421593905426173 0.22913269646044981 0.1433842056964062
2 0.8607374069785849 0.850144743690354 0.18145594127307546 0.11561294719512788
3 0.8615764443248215 0.9245240849007458 0.13581872710058407 0.08310394116557654
0 0.3516807338138316 0.510329716791169 0.24242699521605168 0.1605608526704267