0 0.34682281011783156 0.430519296672917 0.36892999168792895 0.2342421592226499
0 0.3694741665531709 0.5995438543358979 0.3690699997828087 0.23664600537649605
1 0.31174405289906715 0.2888871941479169 0.33940750590826635 0.1807420922949789
1 0.37471485899117796 0.7368708108766563 0.3118451334569205 0.16089587152115406
2 0.29902366008020714 0.17666074687184855 0.3774490200851655 0.17442575607788496
2 0.41160186717293423 0.8267922460238252 0.3518704695030266 0.14742394698279945
3 0.3165732105971887 0.08198857449631437 0.28825040474398844 0.1267384741048079
3 0.44917706155864434 0.8842337830239321 0.26705952218490236 0.09263702682873944
4 0.34694759921657503 0.03575700110950884 0.23398941695146538 0.060659675005128394
4 0.47733502920084436 0.9173850828543273 0.21065099588740266 0.0721194043715813
0 0.5238555226627233 0.4286220165987184 0.3167928338594927 0.16341161795555584
0 0.5395397940149486 0.53128902939968 0.30916127111331476 0.1560322290731841
1 0.5513586237618439 0.3077033620218487 0.3008059593518482 0.17744304389668825
1 0.5880960127287361 0.6274998306328532 0.3046335949953822 0.16072802110032078
2 0.5251370609070705 0.19997688128194488 0.38692439660567035 0.1722457104851499
3 0.5682070122291962 0.1010844930716351 0.22066269624653664 0.12036417786933777
4 0.544984890719123 0.04518057999011798 0.19849175702329228 0.06943580751634632