0 0.5325863848814625 0.43938180642623953 0.3812341794248016 0.24740196420704555
0 0.4891431408696962 0.615805773129358 0.38843173271852527 0.24504007355664387
1 0.5942402822286673 0.294312728481732 0.35442825736930916 0.18474812736108276
1 0.4791789284140911 0.7623774552588068 0.33030588482395895 0.17018519875985796
2 0.6344973120441083 0.1899831686422758 0.38563630186586495 0.17771839608113665
2 0.42802767248336104 0.8534229279969427 0.3662936512925772 0.15837574550784914
3 0.6339658756671459 0.09863701479612196 0.2963863204816317 0.12431632948737384
3 0.3983711802590984 0.9205558057069501 0.286701010027173 0.11224115804688385
4 0.6144134475766365 0.04323667191514205 0.23363458746096527 0.08068348435495834
4 0.3805940671259186 0.9628911258469685 0.23360661712533556 0.07421774830606317
5 0.6335393280487948 0.025319707103814263 0.1997709637898972 0.04442999969785888
5 0.38911241742299113 0.9803854400094733 0.20456467092977457 0.03922911998105341
0 0.355847751902511 0.4287385119764674 0.3544142722014944 0.1823442812072366
0 0.3384482383003307 0.5368067001409333 0.33750343811768246 0.16782330810945603
1 0.34792996246632535 0.30730232570379223 0.30629539362112695 0.17485303938940228
1 0.2657183076562445 0.6373416909841205 0.32069050020857426 0.17012925808859883
2 0.3797665381593973 0.20172189470006122 0.3976415474672808 0.17538447576636448
2 0.18090621298776086 0.726989448295926 0.2941223260059334 0.14834080585802065
3 0.3575585308943753 0.10303833588203573 0.21947722872636943 0.12627265027114648
3 0.17178730182980148 0.8122700460862051 0.1809177940901274 0.10922196450918656
4 0.3920926412654042 0.04795265927688875 0.21206989791542383 0.09257684861385594
4 0.17457574009855456 0.8783898004847893 0.16875871164274864 0.08511357713165123
5 0.4255437024859358 0.01329268239552667 0.15877971266417937 0.022557636460391953
5 0.1820809670842038 0.9289125252190029 0.17346850777573736 0.06831462439035772