0 0.6251548550941226 0.4527174332165069 0.4349088438917876 0.2814258899332268
0 0.6052481873832688 0.6455276718476501 0.39063177121326775 0.26118801817745774
1 0.6611853329499789 0.2926948185039535 0.3781188411086764 0.20567575607788496
2 0.6784208616007381 0.16344662759903905 0.42138807187790717 0.20668285860288502
3 0.6750874960858595 0.07693614113071637 0.3597903767871037 0.13082082446698748
1 0.4037167232014761 0.30470902457793836 0.3852043993315537 0.20343976034487207
2 0.4007715200218653 0.17979294978835503 0.4573197839469383 0.2051182645532055
3 0.3686601015898055 0.07100442132222252 0.2565509724103802 0.13081881458888908
4 0.39992032320908966 0.026114646363034517 0.22291756949510244 0.0388012590594019
1 0.6703052282276121 0.8103040386057163 0.2256789131263637 0.13730300122681635
2 0.6642070686754558 0.9230050571350967 0.178620053578014 0.10979764086923073
3 0.6325008054112153 0.9747646400798613 0.13308317851288257 0.050470719840277505
0 0.32291036252209726 0.4120698195279383 0.24098385172006864 0.15446562514540615