0 0.4093853098222341 0.6027782789692842 0.3507674236155233 0.21020501991141233
0 0.41212312723398353 0.42517367977442827 0.33620449028055827 0.19734574057290316
1 0.38831096215048494 0.7528905097602341 0.3259737374528663 0.14390109280876856
1 0.3936738697791592 0.284770546187193 0.29455590975860074 0.1276579106522548
2 0.38604781447384084 0.8680651130025298 0.3715349292464329 0.1369458619960996
2 0.43104452822797096 0.19326067570526934 0.339921302575524 0.10387575676266263
3 0.4135810021788752 0.9576106253837599 0.29178843693384565 0.08477874923248024
3 0.44710224103950985 0.12813496313865846 0.272305926161678 0.07351322241372145
4 0.45378990372370015 0.9961593885107904 0.24069229949076906 0.007681222978419009
4 0.46585749846985974 0.088389643282312 0.20709439590167816 0.043290696159660004
0 0.5857603180237727 0.5866265662506394 0.3354772369387406 0.13484574057290302
0 0.5869334277530042 0.4809973435762884 0.32574996719384547 0.12467032357799933
1 0.6171650021421636 0.704963205898175 0.2971835261714676 0.14702868797790375
1 0.6193984944058021 0.3807939953661436 0.2993915733486705 0.13034177299586042
2 0.6137139170297853 0.8212697281699538 0.3883338810409783 0.13552207250641202
2 0.6903111138789496 0.28162885359715206 0.3016555630906287 0.11846255032150946
3 0.6737130134529316 0.9196518495714313 0.21503318770503446 0.10621072044429934
3 0.6929798451500689 0.20131001958562555 0.16908039795818133 0.07951210510312222
4 0.6649647385912528 0.976297461277832 0.2123496287274121 0.04740507744433596
4 0.676711505655384 0.14511150543044551 0.18081991590363616 0.05617368403905949
5 0.6652368728272026 0.08799108438810196 0.1450419364197198 0.07811202415432451