0 0.5927501641424935 0.4197340260274446 0.3757223487565318 0.20541308971272335
0 0.5889607668922218 0.6011194934737 0.35139003954332704 0.19750210345698976
1 0.6087322483773172 0.2632042469097665 0.33442028277247443 0.1345824347804728
1 0.6045715049445987 0.7483265289204628 0.31249181971311574 0.12674139330415868
2 0.6078159926882531 0.13837910885831534 0.368172078151235 0.13796550784619208
2 0.5729113559538755 0.8476885861914796 0.3523777120793558 0.10389199301582891
3 0.5961089616848311 0.04335745701143844 0.3037130936529462 0.08671491402287688
3 0.5520909568899675 0.9167227874217413 0.27869513986534006 0.06333211117170515
4 0.5572515361801926 0.004592222323971353 0.26049692763961474 0.009184444647942706
4 0.5203777431433451 0.9584624817798697 0.20329436607187917 0.03952920762508491
5 0.4822365847344996 0.9811812412454876 0.06519769382858943 0.00910004750586506
0 0.3944593888281354 0.4543156517859982 0.3338325874229877 0.12015935785739587
0 0.39831821140807516 0.5658496912118761 0.32161745820392795 0.11500194165260602
1 0.3609442862247766 0.33404053748747964 0.31989925662448304 0.13175891995010966
1 0.3745328032187841 0.6781880956010783 0.31680976589623566 0.11486205209376703
2 0.37035559210344804 0.22091987869787136 0.434990024334355 0.12790473090070756
2 0.3123348311804118 0.7904436933840697 0.32691489663619266 0.12716106198067578
3 0.3419195872480174 0.12330644091234243 0.2781523289848683 0.10893524331536254
3 0.2932326336959488 0.8762348729118349 0.21908873214375837 0.07360272245544817
4 0.3523634501317326 0.04396123637263119 0.2292918121086297 0.08792247274526238
4 0.3284353153573608 0.9256314980616018 0.16311462603089572 0.055167069451876216
5 0.3589832031003422 0.004870194896317143 0.14972410611286266 0.009740389792634287
5 0.347104921616593 0.9683061982057666 0.15070359836200722 0.045201960939394326