0 0.5320608631544741 0.4368361567675639 0.3025888904582631 0.41805559178623974
0 0.3486080377478598 0.3954747153358081 0.29797742239308544 0.42029154962522175
1 0.6929223312196517 0.4448642614693598 0.2325340587553653 0.3820513092242953
1 0.2081055291248693 0.3447649889668059 0.2159525151646271 0.35510533658739507
2 0.8112259309862349 0.45743295880070955 0.22527336505015683 0.4105616864407208
2 0.10148916386666063 0.3470390893456935 0.20297832773332125 0.39306321010434103
3 0.8911171475349499 0.49758864761673194 0.16591334966255727 0.32938799190029167
3 0.046139456639694335 0.35285028200376034 0.09227891327938867 0.31627748708444375
4 0.9214351815660466 0.5396292504361658 0.09512277623327109 0.25500611503424087
5 0.9490548347134424 0.5261295592448418 0.03831367599836218 0.20508242049381187
0 0.44792684286810736 0.6110844685097258 0.21972993101607585 0.3720162038217501
0 0.3433103799321295 0.578502799657844 0.2119297198269935 0.3645528328879154
1 0.5522981246839832 0.6762020045959626 0.21820929231962877 0.32402322490225927
1 0.22125394193593248 0.5971421302477782 0.20957502891681745 0.33570667904176166
2 0.6692035771311288 0.6911325760024424 0.22125056971252322 0.420009182741241
2 0.09735656269510082 0.6385340551418187 0.19471312539020164 0.33056321010434103
3 0.749438285287286 0.7566125935912815 0.16105689884336052 0.24052962836541608
3 0.03549439066631495 0.6209630723150388 0.0709887813326299 0.21307999078392362
4 0.8235650675714873 0.7640225547793685 0.13343724569596505 0.22518316571058633
4 0.0015216305268617345 0.5848901128015042 0.003043261053723469 0.18420330252608524
5 0.8827290570826549 0.7480083684038923 0.09345506853797922 0.17584708027218182