0 0.37302686363173143 0.6589718795004784 0.3720742806695204 0.2580508850183645
0 0.35113954833376443 0.4883493425600719 0.36435846231415864 0.25033506666300237
1 0.3649248786642569 0.8093803574138043 0.3396981675666029 0.20555299621230133
1 0.3147956494464203 0.35174210836072883 0.3187864653564223 0.18016978829031088
2 0.3775412326176866 0.9128811686104896 0.3747473000866484 0.17423766277902075
2 0.3375646146089183 0.2506712532588847 0.3613833229338886 0.1735800830378666
3 0.42957714483763126 0.9682198901484015 0.273046375100745 0.06356021970319695
3 0.35342472123945995 0.17931228848423514 0.26136333092739644 0.11156788958175988
4 0.37302518373241167 0.14082548003136156 0.20422584311158248 0.08125943603680617
0 0.5402705012969453 0.616315685298937 0.29731994326974814 0.18106079476268688
0 0.5173663895363665 0.5120510575362113 0.2746767680974859 0.16512487815813978
1 0.5882469043749676 0.7247491388438907 0.28804074525024576 0.18519611387861473
1 0.5103394177226993 0.4052732669793337 0.2648932901841602 0.1620486588125292
2 0.5923657501409653 0.8385703745643655 0.409073519432259 0.205620009544902
2 0.5313181332654804 0.3125318267669805 0.22681847830117427 0.13068110549725823
3 0.6528403938907067 0.9237217864115927 0.23710623610832335 0.1409688633044073
3 0.5762512636977524 0.2226732426109617 0.16689041775296168 0.12888261920257613
4 0.6518235974280948 0.9692743116147962 0.2081425289468988 0.061451376770407615
4 0.5481697663672986 0.15790398308875636 0.15682129322642388 0.08751295469336817
5 0.5374447419989266 0.10401080791649424 0.14994594136076764 0.09181636710723708
6 0.4927802248634965 0.08639395833253581 0.08369734882339258 0.06804707883205732