0 0.4741951604431635 0.5666627718779128 0.29046982715911607 0.4365645964667075
0 0.2734140739500011 0.5822466177296179 0.24326574262336123 0.30895097279563927
1 0.6346524362351863 0.6137817109595224 0.21916625839230675 0.39049993484481615
2 0.7654517423324799 0.6154233654674621 0.21228489451210755 0.421693994173557
3 0.8744660564048444 0.6051786483004117 0.16072315754401628 0.35412058367738364
4 0.9293033880223658 0.5688202748847012 0.06484064337008497 0.27427620939131303
1 0.6244480756177357 0.3459486571550834 0.20495349075655184 0.3928198699917736
2 0.7511757719129636 0.3392048204601912 0.20351074704601047 0.43125343811768246
3 0.8639157205101144 0.3001069568630795 0.1464515473068372 0.24591953641867711
4 0.9324106252443738 0.32733862518177376 0.09648184064401678 0.22400521767776574
1 0.09820463669914657 0.6625525025535767 0.11754655085925902 0.13523073199923574
2 0.018557889508903677 0.6391713439024106 0.037115779017807354 0.14954192757979412
0 0.5090024375405277 0.26493113148286873 0.14485951700156663 0.20026044466341497