0 0.5701991293626771 0.32381411213389527 0.20541308971272348 0.37118716408458086
0 0.3837611628807611 0.32536995941289326 0.19750210345698976 0.3470228246740408
1 0.7257368197416907 0.3096935633066598 0.13479226911873135 0.3387203446544887
1 0.2313967112292084 0.31309015983851385 0.12928512901684394 0.3145979645346415
2 0.8373408039469878 0.31765428570849186 0.12396209959963209 0.37937593281640913
2 0.12288677223582536 0.36410758678729827 0.11434671498424762 0.37920809565363783
3 0.9229350109632861 0.3516167432503568 0.08354210731434747 0.31139689185763164
3 0.03918468735451846 0.3891022989507033 0.07096331830976065 0.2919563261733981
4 0.9576637524620077 0.39791920953382615 0.07005403617730693 0.2607063261733983
4 0.007787571614350449 0.4184790272226949 0.015575143228700898 0.2552272852146207
0 0.5766428657864675 0.8049399968740152 0.13175891995010966 0.3170437699791807
0 0.46016124449405826 0.7992992020446437 0.12907529467858525 0.30738642607310307
1 0.3429102306280345 0.8201007149075799 0.12496705016508819 0.33134096903017907
2 0.23339534106919552 0.8202509259483678 0.12594627707696127 0.3594981481032644
2 0.8014024811710828 0.8035989763335262 0.11985385508613487 0.39280204733294777
3 0.8885704457243201 0.7887391096341213 0.11507188643202572 0.3215577472520229
3 0.1464372108542169 0.8359118019468833 0.11521177599086457 0.3263654395597152
4 0.9399733589143343 0.7992566189994018 0.08284265952015236 0.28735843031917013
4 0.07937432527449288 0.8263234802690225 0.09876030046462186 0.2564021453540197
5 0.03636579689221871 0.8253793962284337 0.07273159378443741 0.20587941683255798
6 0.027537291045303575 0.7314405794203162 0.05507458209060715 0.12625877872078478
7 0.001549624419222694 0.6612674887611565 0.003099248838445388 0.04841259740246565