0 0.6408412585366126 0.6339104816810731 0.25825823444744544 0.4017691403118704
0 0.4625947686443528 0.6389480308238937 0.2623658862807389 0.39000187001996195
1 0.7892378293776701 0.6512736509741188 0.19351810492936913 0.3600321156451417
1 0.3208141410739795 0.6734565241965321 0.18745033976775893 0.33814553978320394
2 0.8984728212827904 0.6546019056793552 0.18614284983206084 0.3979897331520355
2 0.2111009751072251 0.6413451057644723 0.1703196919601862 0.37319539018160697
3 0.953321475509029 0.6285851963934354 0.09335704898194198 0.325758589917274
3 0.12994209252641997 0.6263074600770159 0.12469403211888949 0.2893229568935982
4 0.9856683925147922 0.5942912274269992 0.028663214970415504 0.25757925755823774
4 0.07663745285716529 0.616324356364932 0.09346774065977963 0.24694580941427965
5 0.05676479292899205 0.6248689089516967 0.053606121249443486 0.2208916640572395
0 0.53396718200448 0.2185064711395708 0.1901342021113647 0.3430792123295575
0 0.423308400609672 0.23187915927259628 0.18009879321134073 0.3353637529133744
1 0.6473098257428936 0.21006745555289885 0.1874503397677588 0.33814553978320405
1 0.3161972386686384 0.22386919249832862 0.18093884178061928 0.3497868298364513
2 0.7584467811993358 0.22547793114669665 0.18516279316790255 0.3811628100751125
2 0.2150838378417751 0.23654387850907563 0.18247893082429678 0.3762291375287591
3 0.840889445174949 0.22141078784204501 0.1684995867267493 0.3419453901816071
3 0.13129924269435914 0.2381441855405505 0.16765953815747064 0.3275223132585302
4 0.9034594492223889 0.2258881971241582 0.14831246937271175 0.2833712208186713
4 0.07077121029312093 0.24815284330084486 0.12754161109826506 0.25592107121707436
5 0.945794918834011 0.2532702457967825 0.08896377308273692 0.21076213686792625
5 0.043827019998289 0.25872330132547233 0.07001302004172727 0.21456198726632933
6 0.9678851213146008 0.3839597997751029 0.06422975737079831 0.07070915875154345
6 0.04383775269350364 0.36177373534420404 0.05435357880562252 0.1514320860730235
7 0.9936096071268421 0.4202643417504754 0.012780785746315906 0.06363382214795046
7 0.03361491861681974 0.43313323852762176 0.02102716592331611 0.07299724628601276