0 0.6009615384615384 0.6396417947902135 0.2283653846153846 0.39929188721048803
0 0.40384615384615385 0.6563585168682542 0.23317307692307693 0.3849247528521663
1 0.7680288461538461 0.6425054829726621 0.16105769230769232 0.37687407591929983
1 0.2403846153846154 0.6895105640699316 0.15625 0.34797197950839076
2 0.8846153846153846 0.6135046450081174 0.1466346153846154 0.40314855591734183
2 0.1201923076923077 0.6488418204965042 0.13701923076923078 0.3934212861724467
3 0.9615384615384616 0.5753499485874186 0.07692307692307693 0.3470489271899297
3 0.039663461538461536 0.6245384738407694 0.07932692307692307 0.3086153600107687
4 0.9879807692307693 0.5221576490966495 0.02403846153846154 0.28393355897762235
0 0.5697115384615384 0.15458486663321833 0.15384615384615385 0.30916973326643665
0 0.44471153846153844 0.15770198048769346 0.14903846153846154 0.3154039609753869
1 0.6911057692307693 0.1502518440606313 0.1466346153846154 0.3005036881212626
1 0.3233173076923077 0.16811286252021182 0.14903846153846154 0.32625345027664243
2 0.20793269230769232 0.18508048407433694 0.14423076923076922 0.338216738481118
2 0.8125 0.17684378347944563 0.14182692307692307 0.3141503056602789
3 0.109375 0.17661192203643422 0.12740384615384615 0.29715555488909007
3 0.9038461538461539 0.14414348712238026 0.125 0.2882869742447605
4 0.04567307692307692 0.16773777640405624 0.09134615384615384 0.265485985653426
4 0.9447115384615384 0.12932881224601683 0.07211538461538461 0.25865762449203367
5 0.014423076923076924 0.16449563384419588 0.028846153846153848 0.22870104000391592
6 0.004807692307692308 0.25955944205062936 0.009615384615384616 0.15876573128335664