0 0.7344413109265816 0.5023473093619704 0.39531348328229865 0.2767268343726398
0 0.6911499765151569 0.32080638476391543 0.3878499843434381 0.27141486217112415
1 0.7890011054849122 0.6457041054367338 0.34851680583055555 0.20639346270200704
1 0.6649954049676663 0.16701900757539703 0.3362456145840025 0.20074530390460915
2 0.8007165022779698 0.7567265317498448 0.39856699544406055 0.2081919489966894
2 0.5961282921056358 0.08392094039114635 0.3859705023828047 0.1678418807822927
3 0.7961036565403412 0.8502831684605685 0.3263884911105798 0.1497602547800166
3 0.5411071234734227 0.03678116544856707 0.29856040079299934 0.07356233089713414
4 0.7610486953322961 0.8949559222709637 0.25959494137681627 0.1091640434279138
4 0.5058785243363121 0.007153321770342974 0.25214166405723965 0.014306643540685948
0 0.2757271831387119 0.6345489312492241 0.32878211564514176 0.19543333170309352
0 0.2444397470675918 0.5209292954929905 0.3238484430987883 0.19269329895336498
1 0.19796824183178569 0.41681572771183595 0.35294655742226444 0.19951811083635093
2 0.18856738162260325 0.3064909445818245 0.35319851789958673 0.20432580314404325
2 0.3197692881724615 0.853433517880865 0.4232879970771087 0.21641204724587426
3 0.350877975504874 0.9176062141853112 0.3549826844794112 0.14696968204761765
3 0.1588546985347476 0.22291938574866793 0.3015839265208671 0.17916122850266414
4 0.365862852692284 0.9503355472004811 0.2961667762584374 0.07579584388727931
4 0.13014985735618118 0.15857859614628056 0.24971737466482516 0.1491889615535927
5 0.11390517778215956 0.10181080159264912 0.22024131962536553 0.13515261120906835
6 0.2110140973452486 0.06727474560783198 0.12713144243795546 0.09511121973345922
7 0.2671316520542918 0.033192429534167914 0.06451568381857847 0.04283196420800786