0 0.3101501055882092 0.3871755251021962 0.38134446210636963 0.2179582330144646
0 0.2861153288610599 0.5748853215556604 0.37653676979867734 0.21787431443307909
1 0.31407642243802647 0.2322323464058514 0.34818503535224504 0.1501470292184584
1 0.255746704318935 0.7302900524496264 0.3215886821989384 0.14728163086699114
2 0.33926838252832403 0.12013880557180903 0.39277979404832924 0.13411733266469905
2 0.2775837896896363 0.8391615409613125 0.37293284297356427 0.12416627372377184
3 0.3794387201635573 0.041318123752014144 0.3228533289036547 0.08263624750402829
3 0.30592306743901854 0.9215068031993051 0.28889139182781065 0.08668196553252318
4 0.4304120663883919 0.014246426699313986 0.27379125183860076 0.028492853398627973
4 0.32319782779623224 0.9704289953822621 0.25052301760513396 0.04999488386443847
0 0.7739849499389488 0.3994890946608258 0.32399252835278464 0.1473235901576839
0 0.7554653691966935 0.5198702191612513 0.3044536682000174 0.14218022352444903
1 0.7985911687963193 0.27780114885674523 0.3480309898912462 0.14774318306461226
1 0.7564076258767056 0.6363099001053647 0.3310500213533241 0.1450456218759163
2 0.7567065047704229 0.16327669893133287 0.299739140131187 0.10608057192606382
2 0.7503694122866776 0.7492696896907878 0.38076056327909835 0.13390753621123472
3 0.7880782672146971 0.08589206981063482 0.27677899681971824 0.12248790209605859
3 0.7568430064599461 0.8355983547757849 0.3447028709714063 0.13327814685084258
4 0.816399561050061 0.039050957170194175 0.2645448393673511 0.07810191434038835
4 0.7429143489365907 0.9030738842462486 0.25631586390095723 0.10292145853974688
5 0.7316510463696486 0.9476918956098275 0.20685253167504342 0.08044765734127478
6 0.6348810183718065 0.9589856518529252 0.13350478337166732 0.05995810938972076
7 0.5625811476843544 0.9818580663129791 0.05621273430445529 0.015388140609012169