0 0.616073223906817 0.34962132108307603 0.4156483240957971 0.27135055219648324
0 0.6457422401885491 0.5413094107728758 0.4126149749271754 0.2495337842423863
1 0.6171167599526471 0.17849286273629522 0.37763217796435866 0.2013105713465673
1 0.816901317476898 0.6692748071939062 0.12058625271524193 0.1050793220584433
2 0.5844586156281301 0.07408790759191289 0.41588388208763843 0.14817581518382578
3 0.5524520848813069 0.012143330988004028 0.3500964774549215 0.024286661976008057
0 0.4083724765003015 0.4147474407818193 0.3504904224778557 0.17526843154380847
0 0.4275296878609868 0.5349576798494199 0.3504904224778557 0.17526843154380833
1 0.3723533696729835 0.29461034662366675 0.36313915626186216 0.19781380977583163
1 0.36018341007292026 0.6629273344952801 0.21750949144270273 0.13880773253001413
2 0.33866816422009205 0.1718872537421864 0.47110239884668054 0.1987991369409641
3 0.27199358801783985 0.07455083529498664 0.24147800820174473 0.13822541207098366
4 0.2642703255374465 0.02458349983862966 0.23937966481915943 0.04916699967725932