0 0.5992289678256214 0.5601713022521044 0.4094210793793931 0.26641852569133095
0 0.6582823928625504 0.3851708977411449 0.31189594407674465 0.22996688836070428
1 0.5901175912824322 0.7204817125491005 0.3683149118451645 0.20039556306677261
2 0.5735273609809111 0.844909292486953 0.3970631164664039 0.1988310542659604
3 0.5407509677078527 0.9264873103320918 0.3365302812515773 0.12744084109835377
4 0.49299033454018054 0.9651807936948071 0.2637823168176909 0.050893211725957274
1 0.38273179999865375 0.6218247387177414 0.38013824416456643 0.19593759465617785
2 0.3415154128091843 0.732528689526712 0.4501436303008482 0.20517753172088204
3 0.2754769702819376 0.8247013188991085 0.23605848891461095 0.13652239113196502
4 0.2811131408579606 0.9039582971966121 0.2108446366771761 0.10697678949161635
5 0.30701263766979664 0.948931926325494 0.13377872606016958 0.042308501329611496
1 0.7781890331669992 0.25653376921133036 0.12651412284273206 0.09972102990424113
2 0.7822437541967677 0.1493178086372082 0.145744892073501 0.1002805881395972
0 0.33638125878806 0.4883984153524884 0.20981207967213214 0.14056069086604295