0 0.2971986415730764 0.6148270797040573 0.39747788724497884 0.2541894605838415
0 0.2702008522341877 0.4312254898792959 0.3928380453581199 0.26126110948654113
1 0.30203129413376 0.7689180402781793 0.36482913373803433 0.19318402460523415
1 0.23403427446308736 0.2798310164034894 0.3406228217787394 0.1852730383495005
2 0.33428538184161255 0.8817110857336083 0.3958553331769232 0.18447792212230332
2 0.2704296774905447 0.16302178177690102 0.37617696282393176 0.16468759465617777
3 0.37705005640929407 0.9482437498222237 0.31507370645277794 0.10351250035555254
3 0.28792900718985037 0.08294757668928164 0.2958429372220086 0.11911018616610324
4 0.4331208149725953 0.9674966296159112 0.2589459928101497 0.06500674076817767
4 0.30811092880534185 0.042641750309253115 0.24653511105897438 0.06482667519309765
0 0.7534858294378203 0.440476698234925 0.32105635170630364 0.17029040319106756
1 0.7658707459969549 0.3217660927372184 0.3572818944348292 0.17855111334389867
1 0.8047448759372323 0.6668800159358989 0.33816302548461563 0.18279924741623488
2 0.7937577079459929 0.7772121322848536 0.38148820639412406 0.1864620995996321
2 0.7516175293728096 0.2106995562043588 0.4030109214981841 0.18228391030671545
3 0.8194157087353625 0.8633530357097166 0.325808093873718 0.1680264465960604
3 0.7476500941083332 0.1227843096404254 0.352194451425748 0.16639199301582888
4 0.8311541838641552 0.927439655073447 0.28181151128087617 0.13551744056650905
4 0.7307682258301816 0.07298087764093292 0.26923277910886756 0.11112925513095016
5 0.720678269961485 0.04141612613354513 0.21729730623087617 0.04716041476314045
6 0.5982779416063034 0.029435480844688614 0.09671334755662396 0.02683625271524192