0 0.5674644883989846 0.5410255629032281 0.37729596562948753 0.21493442132505025
0 0.6317848778361108 0.3574365743520414 0.2470966223398507 0.1935745137467945
1 0.5721852406791126 0.6993856045060619 0.3397276195342949 0.14877141280972295
2 0.5633781182806084 0.81978777259195 0.38282899988269226 0.14307086918196177
3 0.5370736760608966 0.91798298339704 0.31697400134412396 0.09993899231591094
4 0.4975490849340804 0.9649991668390303 0.26280253273311965 0.04280375931394349
1 0.3406347178240914 0.6378166493154359 0.3395038189731838 0.1391560281943383
2 0.31762831906362116 0.7491070977305317 0.4235265340772437 0.13728638139676866
3 0.27200918240272365 0.8515796310258478 0.2186960597378206 0.10851651263042601
4 0.2762004182283112 0.9294947706322675 0.21070121931239325 0.07461083400428373
5 0.30043370031869576 0.9718825877484613 0.12801929769690176 0.030891348036208164
1 0.7383953705876066 0.21440389865938483 0.08106137742553443 0.07728938796448964
2 0.7072592807462605 0.10740603994035708 0.12427465805448726 0.07639653664442098
0 0.299072971272382 0.5143696162279295 0.18252646714957274 0.10244965796125254