0 0.47387443290673625 0.5790292466958872 0.39152385450317984 0.23239781447158153
0 0.49217734318009854 0.3905231491099363 0.3911459137871963 0.2251862760100431
1 0.48827029537797717 0.7406184653362183 0.36142811988969864 0.16207082446698762
1 0.5312381179770903 0.24221203939508593 0.34409727585813094 0.15206378886965835
2 0.4917126482989651 0.8586307274357912 0.394326084611578 0.14843104950779973
2 0.508124064990019 0.13216563771175258 0.3742134537101806 0.13115652530865415
3 0.4533345431953256 0.9463640774778312 0.31310945795473744 0.10727184504433751
3 0.4928616732770763 0.05599688274337648 0.3048900775839097 0.09112838291933786
4 0.4234856582495246 0.9824217697855235 0.25467149044974696 0.035156460428952895
4 0.49462539661833244 0.02234303658953033 0.24632612984025817 0.02734152969294892
0 0.3111636650675226 0.5379370467022438 0.3828107747969917 0.15776668342179517
0 0.32916695717315836 0.4240341050959404 0.3777511220119771 0.15284709083354725
1 0.2448944795269721 0.6543267547337609 0.30133196604354484 0.16067207096004282
1 0.27783665153323905 0.301297070960043 0.3249924868660229 0.1540200339012823
2 0.24017533138682085 0.767335499034669 0.42317223845773166 0.14910245119113286
2 0.22150968322763573 0.18205390577435918 0.3170250669725174 0.13942910655737203
3 0.18509628344491935 0.8539009307042202 0.24833159203955246 0.11142019493728647
3 0.23939210590425242 0.09341932385357926 0.1924132293077851 0.0981141109416668
4 0.19789183888468542 0.9312156586092416 0.21822563580678705 0.08671033171549151
4 0.27005986240135094 0.03637044277446604 0.1569956598126828 0.06367696282393175
5 0.21593090665781572 0.9773643117246796 0.17256278050299423 0.040030152267414874