0 0.6254402151661191 0.4366885417472772 0.4018831179566756 0.24293434034080866
0 0.6435665783429739 0.6148674934956646 0.38947143870241546 0.23714552682054296
1 0.6357184021067188 0.2847065182050128 0.36793513380514015 0.17807964943063267
1 0.6710631450151114 0.7615756433797023 0.3288849226160578 0.16772852308885952
2 0.6303959683030705 0.1756258545687848 0.40703450023789284 0.15978084616876664
2 0.6536471524784786 0.869994099788964 0.3855961090957922 0.1604186741399807
3 0.5965706738946277 0.09764812193371225 0.31274498275401896 0.11626663264551691
3 0.6470976228778235 0.9490033982598189 0.29513316270703716 0.10199320348036221
4 0.5660811916089341 0.060535773914024316 0.2619700755255606 0.050038372037738185
4 0.6307856396629392 0.9789533630616385 0.25750567645922745 0.04209327387672291
0 0.20469340537753708 0.4453241937126688 0.33369261492375013 0.1681209715738889
0 0.22002367228159928 0.5599974466266477 0.3284924741310285 0.1629208307811672
1 0.18926502635221754 0.3294490177217668 0.32927737110108724 0.17253621539655184
1 0.2265480291621706 0.6691762223841332 0.34070792914277387 0.16630579814758661
2 0.20297713753682387 0.21953430187180997 0.3835847114269753 0.1650301422051584
2 0.24729923872330414 0.7771284974428604 0.34473072448040754 0.15708286201723135
3 0.18438439464335168 0.13802433450539048 0.35174603869943133 0.15526768859092926
3 0.24666121238600713 0.8570686708691624 0.315099673664195 0.14511278649167061
4 0.19269994242663874 0.07900741399306731 0.2748721170200246 0.12033858322682066
4 0.25787077019726123 0.9212611545523722 0.25603379627428463 0.12357648159439559
5 0.22961626456989492 0.048591267840713215 0.18784329324135918 0.04876311282747571
5 0.26930112987286514 0.9615628407942137 0.21119477156493646 0.0768743184115725
6 0.35061804685409637 0.05369289978001173 0.07005483170289764 0.039148124944256915
6 0.362437879523486 0.9732875368335896 0.17395973380215624 0.05342492633282074
7 0.4371287569133964 0.9949219538521221 0.08227028671464308 0.010156092295755861