0 0.6483758991286002 0.4289053596791714 0.40100911586872645 0.23874744902691675
0 0.6575509948790205 0.6105238981189908 0.38454649793076656 0.2425750846704505
1 0.6462660520208225 0.28150069977271736 0.3413489926627072 0.17783495515237432
1 0.6643774580097498 0.7594104972921275 0.3193500721391286 0.17176718999076412
2 0.6329193785476187 0.17086562691879945 0.37613161698402836 0.16310815349864782
2 0.6296472084060304 0.8672454082484501 0.37613161698402836 0.16310815349864782
3 0.6041657203944822 0.08830666338919665 0.30831332971847697 0.1208663964753556
3 0.6030213287359645 0.9456543499515161 0.29574764124080144 0.10869130009696776
4 0.5493147089044318 0.06338185777490671 0.2571398129603671 0.07720084996237563
4 0.5786723561844183 0.9782462811233189 0.24326319374573493 0.04350743775336214
0 0.1889652160732092 0.5651234694161501 0.2921791541688945 0.160611716331702
1 0.1611556051676646 0.33622176096213646 0.3223112103353292 0.1677995462523505
1 0.16685258042678044 0.6760622670007176 0.3337051608535609 0.16072801588569163
2 0.18212649920029353 0.22726678524677574 0.36425299840058706 0.1708797243397053
2 0.1840610303138212 0.7822515220545877 0.3681220606276424 0.17440363525258953
3 0.16743090312713255 0.1473098257428937 0.3348618062542651 0.15365648551903305
3 0.1665958635395743 0.8702019188122918 0.3331917270791486 0.15393650170879278
4 0.16132950175363805 0.08545171644029771 0.28463917331897853 0.12427400783425022
4 0.1767208729425282 0.93382198357133 0.2461776348574401 0.12203387831617417
5 0.17122043310749527 0.9641867610707321 0.2295687271005843 0.07162647785853583
6 0.28846243693751206 0.9766486030902618 0.10347581168369484 0.04670279381947641
7 0.3317495990820357 0.9942337164185786 0.05543475135735744 0.01153256716284272