0 0.6405740594615839 0.5692791552157064 0.4172873160923257 0.23052293456270226
0 0.6195778671464313 0.370877928942013 0.40987955338827275 0.22799321053677757
1 0.6743500002602736 0.7330973476481338 0.3807392615444299 0.1650736176298492
1 0.6709176629449302 0.22054754245306535 0.22777631515567484 0.11439521852997062
2 0.6945614939714505 0.8630728771185976 0.4186121272784242 0.15853342781939617
2 0.7026586202833826 0.10948200424099733 0.12225246387262864 0.08614866133787125
3 0.6871779121570666 0.9570062343890868 0.33697966853499506 0.08598753122182637
0 0.43276405689698383 0.5524495023699691 0.3717617049002592 0.1433131243731554
0 0.42516046668258184 0.42989530781450813 0.3553272303083655 0.14782710164599777
1 0.4236388361557201 0.6759119049675034 0.3659237361363235 0.16001416957799983
1 0.3213784526924987 0.32006483890906434 0.22355729557552642 0.12152283841012344
2 0.438552076952918 0.7997939004719659 0.4692891207517081 0.1618184190777918
3 0.38657465154928783 0.9129066308669912 0.24219939207875177 0.11464697427412755
4 0.4158130555143881 0.9731469124617557 0.22105553566650593 0.05370617507648872