0 0.4035350611459808 0.45868694979753155 0.2497866231319891 0.37842475026931766
0 0.5673703283856087 0.5012680234749227 0.2469627526935036 0.37110125087377016
1 0.27213986271283086 0.39712867595456547 0.1825026393651869 0.33453642043568965
1 0.704821437709924 0.5209269310265946 0.17204720618052358 0.31966549977657677
2 0.17441036470397214 0.3576265279624222 0.17923503610117203 0.3607548062599794
2 0.7908235754097566 0.5755502548156973 0.16411191870369635 0.3480638098866945
3 0.09168768453859949 0.3501581065083421 0.1292217082368223 0.2841083177445774
3 0.8551092394070887 0.609879180500945 0.10165933578547655 0.2636459782397089
4 0.03878360538547088 0.3656678316469855 0.07756721077094177 0.21478532862472285
4 0.891318794080106 0.629643421131931 0.08245227509559729 0.22199686708626132
5 0.022767655989329 0.34881126137288637 0.045535311978658 0.19739860087775468
5 0.9244707576314278 0.6191356629718219 0.07059676096213635 0.18308748488868679
0 0.38645295199541874 0.6278222208416584 0.17148717380100464 0.31005011516119213
0 0.49011020707100794 0.6483175214710505 0.16653947339843247 0.3074223471393279
1 0.27580602487105577 0.6238739409541669 0.17489478515989917 0.28623557549074863
1 0.5829738629951795 0.7092863434467955 0.16611944911379325 0.3002108086777895
2 0.17617456331087514 0.59633504326425 0.18614284983206084 0.39703642043568976
2 0.6665140047641712 0.7854883021535091 0.159327934936894 0.30708646433730113
3 0.07968255119027459 0.6183548940632018 0.12854537630331356 0.2313356632939709
3 0.7443708428448566 0.8144233975911911 0.10835825894927627 0.17285962906360033
4 0.03552305083190897 0.5745785251635829 0.07104610166381795 0.20377374626157313
4 0.8063689602423323 0.8052591706391901 0.07895207272360293 0.16190071324010746
5 0.007131923294114367 0.5442208987083074 0.014263846588228733 0.1749802589550763
5 0.8627193367628373 0.8102940987422479 0.09790282576461297 0.15798870840448734