0 0.5727546374478246 0.4070277795240201 0.35336169980407234 0.189485893829701
0 0.5803171641394796 0.581285647926144 0.36282303895845797 0.18713798834711426
1 0.5895691038276974 0.2569412317545982 0.3374913325098677 0.1293198141444733
1 0.6120883393389575 0.7208415839434615 0.3126826436664115 0.11716073169709446
2 0.599541003890167 0.15006797408314793 0.36541321359002793 0.1150645592351739
2 0.5894810266632613 0.8180295311604531 0.35006586390095723 0.10055757130520795
3 0.5748416207939349 0.0646195542790911 0.2861794547519665 0.07855934155740811
3 0.5796022908396536 0.8888590816920259 0.27579384283158725 0.06648417011691822
4 0.5419437028423773 0.01997358583525229 0.22331048260783154 0.03494048159280743
4 0.5739616475991732 0.9320793643739049 0.2236185735298294 0.03974817390049988
5 0.587906446630891 0.9621973671360559 0.20454184976005918 0.04204013871182774
0 0.4086607756339279 0.43370703371402985 0.3349334408950227 0.1269019828228123
0 0.4214483913024974 0.5395112274027976 0.319586091205952 0.11239499489284664
1 0.36664189246670725 0.32172540262686916 0.2916642101257919 0.12665024980214598
1 0.38053458216202574 0.6510103702003479 0.3057791961268708 0.12192646850134227
2 0.36827735372121473 0.21600511994499014 0.37952819959110684 0.11034077793437042
2 0.32698536040832743 0.7528242025434395 0.2782585702075705 0.10494570857845667
3 0.32051036397194566 0.12681807181592353 0.21018065059488344 0.09253489311041155
3 0.3418382906976766 0.834610912445468 0.16854503867450396 0.08027791448832908
4 0.33550488302524367 0.060824183927672686 0.2042946400601984 0.07567999969785887
4 0.3614684726836494 0.897201816036264 0.15994709106397487 0.05860134360026947
5 0.35428965738137835 0.016478896591852008 0.15057891614845104 0.024905541942978924
5 0.38327143263196994 0.9562009355641058 0.1679288568305082 0.07066252987294447