0 0.6235023519967247 0.4499207507983938 0.43529158462433687 0.2670609097745849
0 0.6682426694865667 0.6466494088352258 0.4254799757664377 0.26398469042897416
1 0.6120723890532866 0.280617690250181 0.40193227320034564 0.20975532866082972
1 0.8105351788157756 0.7940316474191713 0.17709932168239106 0.11993960777895624
2 0.5711338666706455 0.1451030624874554 0.4346049981416185 0.2000894040627748
2 0.8525039776546601 0.9128874454029151 0.11003700886088333 0.08895878104223807
3 0.5325008799545103 0.06711264911909626 0.3486556060628668 0.08413349545173555
0 0.43251907414296487 0.48197827058823905 0.3911395431298729 0.1946598785459882
0 0.4582496226324704 0.6068689539479334 0.38216198648570254 0.17252098326754947
1 0.37794237180730555 0.3550704676532512 0.3861356265796661 0.1919198457962598
1 0.38691873825497863 0.728557627971781 0.22694226294194594 0.1449360891223939
2 0.33177913101010775 0.22875099126105736 0.45324709464484375 0.1942226119847654
3 0.25603379627428463 0.12067899430332109 0.24038421865244963 0.13392541814081008
4 0.2556415461553382 0.05731325782228028 0.22566700373168358 0.07075304494904557