0 0.3749604485620039 0.5804879843395306 0.41979361406104354 0.29861304676324707
0 0.3377769502452204 0.3901330082647442 0.3980750876695395 0.2822971862542728
1 0.3867707031691622 0.7502146694696588 0.37855062991465943 0.23013394272492824
1 0.19995357232663885 0.2638994837959405 0.17140030564944636 0.1399319593998572
2 0.4163580709095002 0.8750948041756418 0.4241118254952181 0.21489904995327544
2 0.15606899417355707 0.16191582019850456 0.11110835945388536 0.10102038106296277
3 0.44557483170274614 0.9362730158047017 0.3464475346779569 0.08076530660512742
0 0.5849263800764503 0.49838399862193844 0.3663915474672808 0.20504393474985688
0 0.5554019455912788 0.3843211716082632 0.34709085239743753 0.19134222968205064
1 0.6229062316035278 0.6189222815915254 0.37370098210352265 0.22250178568874573
1 0.6099352080677414 0.2496763656921664 0.22914855401301318 0.15459476691096824
2 0.6584892295606664 0.7408727969253573 0.4578076271525087 0.2250549184373211
3 0.731184998640365 0.8343231336903147 0.24116778478224396 0.15564631334757778
4 0.7315346278357348 0.8944192875364686 0.22871501381075468 0.08007553614173747