0 0.44914998829206293 0.4908375397393317 0.3955360160160066 0.212147273759833
0 0.44544089535297954 0.6787996761223286 0.3857806233057421 0.20912724576199082
1 0.4234647492759185 0.33115195747792375 0.35824195939528636 0.1474906373058475
1 0.4270050007601695 0.8296258019706404 0.333503457382426 0.1339309519266272
2 0.408550522445532 0.21438093294431776 0.39572344119266656 0.13312844160490772
2 0.45449849073930587 0.9375516691938566 0.37112494727468576 0.12197260237953354
3 0.44271698389711694 0.12488332463015137 0.2879940970951189 0.09269659516710754
3 0.47073094020060513 0.9895256097836278 0.2863139999565618 0.02094878043274443
4 0.4628340972037146 0.06947125824175944 0.24757244530526373 0.05657802163727807
5 0.4452834251115026 0.039392740707613956 0.2031831497769948 0.03457443410852766
0 0.6351098992483855 0.5292953933895579 0.3482065504952624 0.13966291700031327
0 0.6273275957121134 0.6421991398898276 0.35259421851831535 0.13275946946077255
1 0.6759741622885398 0.4076539529204663 0.3200604371235076 0.14983360223755654
1 0.6686841302348074 0.7606646644944223 0.31441269624653667 0.13510243439248187
2 0.6658676277658455 0.29119101930885827 0.3979872792516328 0.13087864091206056
2 0.7308233773023934 0.8744299601328923 0.30409727115675295 0.1224670217792551
3 0.7136752673482237 0.1953291225686477 0.23086182178233045 0.09861488871851719
3 0.7315126850815777 0.9609229808260225 0.18717256672846033 0.07815403834795512
4 0.690161275377946 0.12264413822869816 0.21121102826692187 0.0901709865689871
4 0.7002982478929128 0.9988068488088148 0.16612169226425413 0.0023863023823704585
5 0.6667291417255533 0.06926694585001734 0.16654171654889346 0.06335970673254436