6 0.5912052045606723 0.9809718389261604 0.08599565065798978 0.03805632214767922
5 0.6238795584653739 0.9629450153271121 0.06715667832687854 0.05717697058278814
0 0.4057805974837898 0.41277336195826825 0.3564915795257626 0.20485353147736737
0 0.4045664039765402 0.5892112475379923 0.3538918349220876 0.19997589439025548
1 0.3899454370863377 0.2598493520713594 0.32769849043550825 0.146391831211445
1 0.387459895172497 0.7291717721335069 0.30297438432264556 0.12886546034032684
2 0.3913024642875168 0.14584152171221587 0.36576823199738884 0.13789556306677253
2 0.4155142749324509 0.8284289122353943 0.35036566282516735 0.11343743285179396
3 0.43205154758692166 0.055789346285322956 0.28237232594307404 0.09465205595112464
3 0.4471519816886666 0.8977778649730439 0.261868216788417 0.06284249771576847
4 0.45452282152675194 0.01802725561797959 0.2407764122842731 0.01660986255733556
4 0.4654971177517636 0.9355270938135957 0.22541872758106685 0.05217794140909149
0 0.601961374319045 0.4544965813989407 0.2935548981570898 0.13339337353034117
0 0.591897037904661 0.5610480665685775 0.28374361509187634 0.12830590210497073
1 0.6187964776828524 0.3373376228752548 0.3107736181336706 0.14349837160166232
1 0.5732723161144438 0.6637489757794768 0.24979592126328676 0.12011513673155932
2 0.6129909410349502 0.22432188125477587 0.3920146412398677 0.13385726333269482
2 0.5769943866611928 0.7550951296256306 0.21786027668888563 0.10237893152218246
3 0.6680651520325175 0.13228552835055382 0.23478514899072314 0.10527239113196522
4 0.6614229568294003 0.05766138041219379 0.19274437367636538 0.07523717603567971