0 0.3863949293076188 0.5948858752088582 0.223169462615662 0.3963835761305156
0 0.5728328626425838 0.6210219301129111 0.21830582774321444 0.39121157868386025
1 0.22807673854230395 0.611709959469228 0.14837051902265516 0.36669838493812534
1 0.7209910708514647 0.6598685439052586 0.14803486363412388 0.3378522310919715
2 0.1140059313641221 0.6126730970342378 0.14884603082307443 0.40756376955351
2 0.830128314951255 0.647723793508978 0.12693170261468312 0.3818859348897142
3 0.039095102641604824 0.5733725212264628 0.06823242875678143 0.29097581168369485
3 0.9043818185378986 0.6305339847013683 0.08503138055132699 0.2898470335162195
4 0.9499989528962203 0.6291871912138259 0.05822544618811038 0.25659335525192234
5 0.977640657469509 0.6652090207709326 0.044718685060982026 0.1961328962668056
0 0.42521841030943813 0.42250169965927564 0.1482586338931447 0.3570830003227407
0 0.5347052954389485 0.440405026186072 0.14331108517356428 0.3446994644145468
1 0.3081843313298579 0.3752057615778809 0.15018696824657157 0.3163997682768377
1 0.6484404472285992 0.41059573477490835 0.13830759388922878 0.32750823619866054
2 0.19289761543356418 0.3748758997812267 0.14890197338782968 0.41237146186120227
2 0.7644675600425855 0.3713532113178417 0.14065549747831968 0.3228826964604498
3 0.10078225132202615 0.30184833291015767 0.10851041644223627 0.24359163613411242
3 0.8582595169661519 0.38206293075839237 0.09593176002545352 0.1946039502097814
4 0.045829445172095876 0.3265049776582353 0.07949643490181679 0.2269827283772566
4 0.9234710472261517 0.4134233578267026 0.06677792207314599 0.16597581168369485
5 0.970316391813146 0.4267728701164595 0.05936721637370796 0.17300519757575172