0 0.4198397271754565 0.4063047850513036 0.43418755409096793 0.2862406311834306
0 0.40066717463588275 0.5943185219242728 0.4088043461689773 0.2656097810038638
1 0.42738801219931716 0.24035754211803406 0.40387910054601417 0.22941208060129162
1 0.25598210552752054 0.7163676192365831 0.1294879790617402 0.10569810514656061
2 0.4532507899902359 0.11378189026302142 0.43054004151893327 0.1998421777398488
3 0.4853582897963116 0.059391627070833335 0.35533196420800783 0.08294118185244609
0 0.6345466913834644 0.48105549335328324 0.3289061298656304 0.18434645313951398
0 0.6155592654582018 0.6032434771852428 0.3415977338266256 0.1946618782292974
1 0.6635697351689644 0.3654371572854581 0.4052743869122135 0.21512901177309457
2 0.6888189164257539 0.24720496292146718 0.4943847879024622 0.22271315743749204
3 0.7709534455514458 0.15502949320124934 0.25030211996314206 0.15582773256489985
4 0.765465143377024 0.09366141223073256 0.21316885453520265 0.0698730119468475
1 0.691775902556774 0.7345675499957225 0.20294811006065372 0.12912911722372272