0 0.4224869166348094 0.5049599264433562 0.4299346816597692 0.23798237194106805
0 0.4263959257616005 0.30293196076166834 0.40024806132390967 0.22579531915805978
1 0.3957078623801795 0.6722509968207007 0.3869346241538203 0.1728547631021852
1 0.3565756306261963 0.14702459737313084 0.2784759006175314 0.13377787725679566
2 0.4050370404159122 0.8056644583591622 0.4391468663466712 0.16354705217872614
2 0.3114996768873183 0.036595319913412555 0.16626858454386736 0.07319063982682511
3 0.4162070080540324 0.9138165575305168 0.35422232445502044 0.11739847954994623
4 0.4575008625892349 0.9712920951216953 0.27773651409316646 0.05447892451550237
1 0.6674182877388003 0.6201689258751372 0.3666952951354044 0.15831980483658997
0 0.6895912496499792 0.4901794263858526 0.2896041249143862 0.15546843331267013
2 0.6764953258276214 0.7499766181828296 0.4630172345871915 0.16128305770302787
3 0.7254291887441803 0.8651234857145933 0.24191392841601564 0.1263565612780352
4 0.6952547618644276 0.9494678786164308 0.23492102323508873 0.09507859094240564
5 0.6727879166650717 0.9892781844169476 0.15485471363380052 0.01531812766322378