0 0.5848440415285795 0.5402178347941293 0.4119009641680557 0.24751560826027721
0 0.557447566634402 0.34457010043825514 0.390098498362607 0.24005232825734032
1 0.6282841375357913 0.7020159240195144 0.3742766679325856 0.17978834671692076
1 0.5575005019575322 0.191883912745458 0.3473308089777779 0.1578460472261517
2 0.6480764180474365 0.8292239711967172 0.4055826180728633 0.18255581954167582
2 0.5155710597378207 0.0949896696739193 0.3830528004438035 0.14384253953873888
3 0.6432427605477038 0.9314713465823116 0.3466034571541667 0.1265960472261517
3 0.4840403040973825 0.03532959690056048 0.3046190697332266 0.07065919380112096
4 0.4474231103869124 0.011305121003287741 0.2361923746199787 0.022610242006575482
0 0.3817470165987184 0.5437833312319603 0.3473308089777779 0.1578460472261517
0 0.36810422682238286 0.42251497123342874 0.3376035240818377 0.15292646978894892
1 0.36422373158547067 0.66902108713217 0.33307558247553426 0.16488975799342442
1 0.32701303176778873 0.3099817425207013 0.34241121638953 0.15298241235370413
2 0.3814443155224366 0.789045567130212 0.41234655541217957 0.1634089641580396
2 0.24405035451185914 0.20635147278804344 0.3569461935931625 0.1579579323556621
3 0.3730608389322123 0.893738745593219 0.2989181850591881 0.14286354465552265
3 0.2625247919098292 0.1219791015032184 0.2890789998826924 0.13313627491062763
4 0.4033896714957273 0.9571050132816108 0.2830404044888889 0.08019571696125692
4 0.24298529196848298 0.05728503996720431 0.2204285042083334 0.07466077131174688