0 0.42120151874707656 0.5283997791355192 0.2579705914002011 0.38107451374679446
0 0.6027143455969687 0.5647436678660026 0.2508570021635771 0.3832265274283444
1 0.26423934179472575 0.5349206675929483 0.1897813560682787 0.35708946195408064
1 0.7460105070476086 0.6057540654621879 0.17678263304990338 0.33263127962845884
2 0.1512095979514993 0.5297733691167172 0.18423495443028587 0.397703014097169
2 0.851045118629981 0.5914187622353536 0.1615228975716117 0.37050520898797257
3 0.07512317958363736 0.48870956177478414 0.12282057619122913 0.3043422004726452
3 0.9278212717156862 0.5904992060424111 0.11732723930913572 0.28734738908085783
4 0.03543727581066828 0.4573183783327938 0.0432528701954621 0.2367521412809723
4 0.9644667129272896 0.5956159701069579 0.07106657414542092 0.2501984227265485
5 0.9823465901720431 0.6204938732197404 0.03530681965591388 0.19423840792863045
0 0.470443660718792 0.35248785145055783 0.18448391763601413 0.3449023428699859
0 0.5818531522074879 0.3767819750001261 0.17477058379571508 0.34216272008641124
1 0.354791730037383 0.3124428116648415 0.1809046807831947 0.3159722448663998
1 0.6939523784140271 0.3590927350148188 0.17128929616781008 0.3156364682366716
2 0.2448780093003535 0.2954021986555277 0.18202700672626862 0.4024267622474293
2 0.808922754664477 0.3235005651118134 0.16618775618537449 0.30825704146026894
3 0.15748453711561167 0.24194141183591944 0.12640799333093297 0.2156517252526338
3 0.8970549361795196 0.3361799114734691 0.10869952722977991 0.1934295007659938
4 0.08576094939988482 0.24903847172834148 0.10948312102909546 0.21266026999676296
4 0.9539105853166123 0.3765721655559456 0.0810818288384988 0.163659961188087
5 0.9804406704296533 0.395818201992557 0.039118659140693415 0.16762821192145844