0 0.6013934759534982 0.30027689698156984 0.2039928817596669 0.368709049493143
0 0.4118812144984664 0.24513879609279504 0.16463629255798132 0.2123981682710059
1 0.7696277438031921 0.29550333009625834 0.13440720980846138 0.3858763465087887
2 0.9042221506668545 0.2904825535110861 0.1274334191997747 0.42627959474117644
3 0.9798454083383047 0.30245704456654204 0.0380435861373933 0.34365683576113815
1 0.6984967108084518 0.5439610330806126 0.1318774971442823 0.3640876856631744
2 0.8257746904519647 0.5574312390322834 0.13503654236012716 0.4940494234318657
3 0.9395937683964724 0.6126140796348329 0.08796494865557082 0.2507379442882702
4 0.9889495329732999 0.5962349938382006 0.015905504711445344 0.25573196507368606
0 0.573237985203878 0.5964425508987122 0.10957159370455663 0.24731666112956838
1 0.24529639509576923 0.17291226332453016 0.06762935116743266 0.05960173444643228
2 0.13585846184060266 0.1907386394922903 0.058195773733640335 0.09023555260243647