0 0.5470457973032687 0.5801599898493601 0.21908412002148397 0.3701901276011392
0 0.37007194476606126 0.5837036463419524 0.22075935589740367 0.36078505227307645
1 0.689928353638219 0.6010901241202293 0.1619741327882066 0.3413145524542732
1 0.22576803062584408 0.6130439720145304 0.14241492116905988 0.30378469513532735
2 0.8054040453075751 0.5897933552518535 0.15472673157608233 0.3717233153049854
2 0.13336624352166304 0.5876973427099006 0.1279559814953973 0.33356253012407405
3 0.9023596466487956 0.5550438307103295 0.10748600702884276 0.2840134420358974
3 0.07046607563211423 0.5669333857752851 0.07776495308586664 0.2384308091061252
0 0.5432248515689855 0.39423730950427466 0.14314353144698622 0.313400079750712
0 0.4357803849238348 0.39408584281837694 0.14554737760083222 0.313610389038034
1 0.6609953817321542 0.3684123090691609 0.15166600064548147 0.29981823997692286
1 0.335074143941226 0.3837932182987899 0.1344747724295952 0.29353838265797694
2 0.7717723887538516 0.37185408105484485 0.1572768675488245 0.4053771614588316
3 0.8765591311745032 0.31254032175655444 0.11640864411688658 0.2441996038571223
4 0.9406432907656822 0.31767927869116996 0.07208236068135211 0.19495126904957255