0 0.597990151392521 0.39497239562089387 0.35068580751634626 0.21891697336506127
0 0.5783647163626597 0.5679400020575112 0.34090257248012834 0.21103306171175837
1 0.6326810850196044 0.24495064428612073 0.32530454261121816 0.15954373269334232
1 0.5895986352899032 0.7039506730390953 0.31043386456591876 0.13930440367492627
2 0.6341647686760148 0.12965007555047592 0.35392689589626075 0.15194546765325126
2 0.5501569644344544 0.8003061191571827 0.34850375204551287 0.12516697336506127
3 0.6111064395314636 0.0452998252898518 0.2784565127423078 0.0905996505797036
3 0.5246358241786317 0.8656889752135171 0.2682256765838676 0.07875450991761951
4 0.589584729366453 0.007649364989201286 0.24390746434401714 0.015298729978402571
4 0.506941673927403 0.9041252436837204 0.2124336637829059 0.0532537486803581
5 0.5184293783639949 0.9261213156555532 0.17380427490053416 0.04335271745176127
0 0.20384330737216846 0.41893392725247014 0.28186746142115393 0.1493065148688634
0 0.20247152399631366 0.5294268036804226 0.2768359685523505 0.13935494365759654
1 0.2101067082661322 0.3044990949978661 0.3107695654075856 0.15372748059800317
1 0.18086287380373875 0.6329350116024132 0.31535345715416674 0.1444482825785008
2 0.21623023380940154 0.19607387812787752 0.3923324842175214 0.15223111426646313
2 0.1734895145556621 0.7337031867746754 0.3469790291113242 0.1431705495275723
3 0.2350713619363247 0.10835876350382805 0.319937348900748 0.13516908455899848
3 0.18167013108156985 0.804473825006531 0.26923277910886756 0.12202374068685
4 0.2570986332419337 0.04736692488137577 0.23781492868803422 0.09473384976275154
4 0.1782032322624459 0.850314995227549 0.22557189735769242 0.1021711382469866
5 0.29757337181442306 0.014238510275205628 0.17408402560192307 0.028477020550411257
5 0.1803822729161317 0.9113609322037143 0.18493031330341891 0.10892893679737188