0 0.5770088715393142 0.2968650641420638 0.27597280168668636 0.3869144813340269
0 0.4051177300309519 0.3473307408140934 0.25868374222676643 0.3784278748861175
1 0.7201004413209536 0.23046529586522613 0.20666251838600758 0.3505642093885429
1 0.26533998006644616 0.37120781997491936 0.1914692141579359 0.3374520632024225
2 0.8329737472101548 0.201380356507159 0.20958938214498785 0.3962372863116198
2 0.17827665851719454 0.42611546440740156 0.17122100792231115 0.3574473054617039
3 0.9271976391586451 0.20001279282777062 0.14560472168270985 0.29145054389096825
3 0.12095332296902189 0.4739385094136717 0.12604235039895575 0.2870430194728246
4 0.9731474451898234 0.22752866515339834 0.053705109620353235 0.21831396935986547
4 0.08538820765539502 0.5032041819329438 0.09124930479597979 0.22938657453110262
5 0.05333753973933167 0.47423108905146355 0.05584007734900799 0.162114744973996
0 0.6608280263793073 0.6625035575973321 0.1979105253144796 0.3259792901416365
0 0.5505126121049512 0.6938101905397639 0.18589129454524886 0.32506852729422886
1 0.7764902920748521 0.6392460810543987 0.19689308830962424 0.3474317529567706
1 0.45209282374989546 0.7411240599964515 0.19193135054093277 0.34466360166396126
2 0.8819209913110163 0.6071018301740072 0.22089926683136094 0.4234082042818538
2 0.3548445178606943 0.7690250076528885 0.19005052199222058 0.389972373448075
3 0.9406542471391663 0.5741020299803627 0.11869150572166731 0.3526396131540116
3 0.28265211051481026 0.7732876616604126 0.15729235039895578 0.28941100287608523
4 0.9794238765227027 0.5435433580994267 0.04115224695459464 0.2722915001613704
4 0.22588407558849627 0.7920824002510473 0.13753856356305252 0.24246285796663722
5 0.1757884200102244 0.8019172195947758 0.12740016134253393 0.19624332333511554