0 0.6643167984018545 0.6635125169591938 0.42959849506388703 0.2524378318189498
0 0.6477090685719827 0.46026153672053266 0.4134944851613987 0.22764348884852126
1 0.7040637466228468 0.8380382127807202 0.393473789423594 0.18108855025481618
1 0.7732139084322461 0.302778948785757 0.1047771443315142 0.09410749747741512
2 0.704391136577324 0.9404247599410426 0.42337904304006513 0.11915048011791476
0 0.45872917559037296 0.6347753505191494 0.3653505487518752 0.15566430609108187
0 0.45582984618410843 0.5076864549619561 0.3408078073195903 0.1471929652429319
1 0.4436837054917619 0.762121317363307 0.3713348941451554 0.17274318964532726
1 0.33545297184392947 0.395996152975651 0.2240784455514459 0.12191514455642724
2 0.4347318974267368 0.8909841578810407 0.4623448613954271 0.17272274640675916
3 0.3859990745079794 0.9703724106736688 0.24285547487106207 0.05925517865266245