0 0.3551916091539197 0.5682105369868962 0.39476390772657194 0.25468342850765807
0 0.39210326763944303 0.39173062961251837 0.37050167592908945 0.23531280759874085
1 0.31375197118448 0.7206240124871827 0.36767826053957925 0.19924113012323375
1 0.30390304099545595 0.22413887812715577 0.11890731283356579 0.09683911937677123
2 0.299048339372313 0.8479509402180475 0.3939247692552436 0.18256804389227346
3 0.3028210942320338 0.9355227014645051 0.33564506463300614 0.12895459707098966
0 0.5593367188953883 0.5850242762511537 0.29992302771384516 0.160388006962881
0 0.5775202491676252 0.4685356339643189 0.31205414361258643 0.17007331741733955
1 0.5507825588797246 0.7003669361323248 0.36997022156391507 0.18963973067566378
2 0.5397965814278373 0.8180994569995271 0.45175693335943923 0.1949229186890591
3 0.5817511619253205 0.931082520489526 0.2275559015570621 0.13783495902094792
4 0.5559513516623837 0.9773180997395736 0.20248250257062905 0.045363800520852655
1 0.6819205712309814 0.38019468848804744 0.18641080411790129 0.11405762715250845