0 0.4205612941380202 0.43862660736424053 0.41375801043329885 0.266758599948148
0 0.3615946914139992 0.6173215611269647 0.35997770757661157 0.2472201570254532
1 0.4359524304879594 0.27890369722771186 0.3794850652150557 0.2016729466127094
2 0.4554268270018799 0.15525246456669028 0.4155427575227479 0.2018827241299314
3 0.4958114067567048 0.06777080555587944 0.3377766596672558 0.13173764546613423
4 0.5445567815103344 0.03080487869537478 0.2669981784052841 0.056826829998089155
1 0.6454295565292971 0.3906693595688927 0.3841807965887391 0.19929707079449288
2 0.6906481618616426 0.27798227886223414 0.45629618120412374 0.19971662582893673
3 0.7633727037593817 0.18828557346307687 0.2568296169745497 0.14808907283735423
4 0.7631158207668401 0.10537385890710677 0.22630404911826055 0.11186355851588435
5 0.734322333460343 0.054739252830374764 0.13215887192188147 0.051235968292768226
0 0.696114542212951 0.524341546711928 0.17386727746968125 0.12117126943934355
1 0.25552585289461266 0.7392674046697305 0.1790108525794007 0.12841077823651156
2 0.22959399726004068 0.8532682897958305 0.1464173213712925 0.09938281720876538