0 0.5792200903392969 0.6272237805787663 0.22557330876950815 0.38624261201428733
0 0.39258635802768865 0.5929569063276006 0.2183617703079697 0.3860327776760286
1 0.7289578339371986 0.6916565107489296 0.15083030774125644 0.36484355462151324
1 0.23759422366936697 0.5932531603627345 0.15292646978894892 0.33847119170862494
2 0.839716570349576 0.7104989706022272 0.1440663097977599 0.403095258744793
2 0.13112571084069602 0.5300794362221222 0.1318512800518857 0.38591861177077236
3 0.9249552093227928 0.7045685487331583 0.09517821953188624 0.33198482469486434
3 0.05143516109286404 0.4965212585012784 0.09235480414237579 0.2958571876077526
4 0.9735597974709774 0.6759893121778909 0.05288040505804513 0.2635580159164601
4 0.01755754467999703 0.476311262358636 0.026947474905732703 0.2506994477941951
5 0.9888076061915367 0.6921039256338275 0.02238478761692656 0.21711554641976852
0 0.6101170810483206 0.18476333688544358 0.1576502482495085 0.33139954280592554
0 0.4910008256622368 0.17048376261187015 0.14065549747831968 0.31648685242691205
1 0.7304072882289498 0.19667403739488057 0.14797892106936864 0.3263120713805552
1 0.37906813745531376 0.15401017652270915 0.13794396721831986 0.2899745999551848
2 0.8390558769524462 0.2406869370841431 0.14630232825734032 0.3887421266011356
2 0.27329890668608303 0.15093260622825072 0.13313627491062754 0.2898347103963458
3 0.9221983538779706 0.26112887812796237 0.1336397579934247 0.3331039411655766
3 0.1889545066836356 0.13045569279472174 0.12310132105957884 0.2534972389709754
4 0.961077777444545 0.2839525547627094 0.07784444511090992 0.2595197161823823
4 0.1226249671938455 0.10930144212991601 0.11063454977230637 0.21468597661233949
5 0.9905392995030062 0.338878430577282 0.0189214009939875 0.15447565686092937
5 0.06360486565391549 0.09677048734183032 0.0791328082309079 0.19214207909527042
6 0.9830069333594393 0.44921054692623674 0.03398613328112122 0.07323450108609683
6 0.04665291387160722 0.1887939784192609 0.052242960020558504 0.15291114806011738
7 0.9978355938769916 0.5025148309873693 0.0043288122460168115 0.03874131757921644