0 0.425054674448571 0.5975537663067436 0.4144855671938098 0.2517385451878071
0 0.3843133900519596 0.40992928470387946 0.39139373125334187 0.23162623293280774
1 0.4431774357037111 0.7571646624752267 0.3688842157719042 0.1875734083642614
1 0.2117621544916352 0.28072354969329705 0.10271133865518288 0.09045643053503948
2 0.47483044240981315 0.888494657912535 0.4191828324331919 0.1872264959336188
3 0.5134934842244027 0.953229137994502 0.31687166166755776 0.07042570693118605
0 0.6238990890657539 0.5327866721860881 0.3066022310919715 0.15627852389524646
0 0.6019346118844845 0.4179407775385022 0.31658192084631914 0.16147801310259646
1 0.6664784111241974 0.6492038445757474 0.3515108349865365 0.17967622532832195
1 0.6433988289259157 0.2968934591999141 0.2017796259207342 0.13283593799315588
2 0.7044321934444299 0.7682207615690817 0.43047345292449646 0.17810085744280657
3 0.7837426045543368 0.8602342078985713 0.22581808745919574 0.13381543024230041
4 0.7757127989384078 0.9292825440202162 0.22625411809933027 0.07631902099982159