0 0.31490384615384615 0.6041146891808787 0.34615384615384615 0.19757204823640934
0 0.31971153846153844 0.419158424893564 0.33653846153846156 0.19248457681103906
1 0.3016826923076923 0.7575761467402254 0.32211538461538464 0.1295649081345222
1 0.3016826923076923 0.26358576212484075 0.30288461538461536 0.12900534989916584
2 0.31009615384615385 0.872003645775886 0.3605769230769231 0.11385710152831106
2 0.3473557692307692 0.1579435590876576 0.35096153846153844 0.10636578394909449
3 0.3401442307692308 0.9594164170570914 0.3125 0.07640051363222856
3 0.3786057692307692 0.07592014891241888 0.28846153846153844 0.07329721968418729
4 0.3870192307692308 0.9857481719348073 0.2548076923076923 0.02850365613038537
4 0.4110576923076923 0.026383634203813032 0.23798076923076922 0.035770687008685284
0 0.7884615384615384 0.6275091953419067 0.31009615384615385 0.1292151842374244
0 0.7872596153846154 0.5132915306445047 0.3125 0.12447743670915165
1 0.7896634615384616 0.745332629270078 0.31971153846153844 0.12949496335510238
1 0.8040865384615384 0.39599268256197984 0.31971153846153844 0.12468727104741006
2 0.7439903846153846 0.8521767553841844 0.3125 0.11486205209376703
2 0.8137019230769231 0.2856955386027347 0.37259615384615385 0.11420682542540862
3 0.7608173076923077 0.9392048303785825 0.2860576923076923 0.10447727490476776
3 0.8185096153846154 0.20049888970003524 0.3125 0.10524666747838242
4 0.8112980769230769 0.13177943997716135 0.24278846153846154 0.09600673041367816
4 0.7800480769230769 0.9782275176113436 0.25721153846153844 0.04354496477731282
5 0.8100961538461539 0.06924446758745159 0.20673076923076922 0.09736140487623167
6 0.7139423076923077 0.05803321487220968 0.1201923076923077 0.07801646974020623
7 0.6490384615384616 0.03210624428942139 0.052884615384615384 0.027981092839536894