0 0.42006916815601625 0.3765949899406093 0.24516770467118632 0.419452108050901
0 0.6102806984160161 0.3567842706854364 0.23521666466727026 0.3902701775750187
1 0.2588995907188135 0.3805861160080442 0.18915198979090692 0.3550213924299629
1 0.7537710707290928 0.322115486514184 0.16259779696908877 0.3444826220828253
2 0.13243194045930315 0.39901558620439814 0.17277260723202556 0.39289532178947684
2 0.8593305168804914 0.34383787559504186 0.148594289281676 0.3800366494459252
3 0.049054233829511254 0.4140224426906892 0.09810846765902251 0.337660269996763
3 0.9302160071365755 0.34871807439313457 0.10208207388727103 0.30632632583933095
4 0.009837470743777395 0.4884004900179297 0.01967494148755479 0.22680098003585933
4 0.9694878707217504 0.3837569991446102 0.05311006977426412 0.2277243657676123
0 0.47311992710426914 0.5708333978692396 0.16044569235664105 0.3660332933100086
0 0.5876382748004928 0.5459745915011098 0.16036177850950833 0.3588217548484701
1 0.35493986761252116 0.6003739803089135 0.1752323959506269 0.39778695825460125
1 0.7040429999265769 0.565670883136566 0.15320618261272484 0.3633776146838663
2 0.2393035106865073 0.6179792761367888 0.18806279390880828 0.46791821750330015
2 0.8235919681241994 0.6251565525466318 0.17512051082111668 0.3881715736392165
3 0.13774058965385028 0.6661363138323335 0.1456869600450329 0.3366834745192622
3 0.9055465076139897 0.6087798846685536 0.13573592004111718 0.30750154404338004
4 0.05943714457965199 0.6657700027909209 0.11887428915930398 0.27815172525263365
4 0.9659083886427307 0.5880419501428172 0.05749819284629254 0.19183456177478414
5 0.014651313806750065 0.6618131897245811 0.02930262761350013 0.16206502219687735
5 0.9853769137737096 0.5682808110945816 0.01856114258433468 0.14962607064048614