0 0.6318435250986757 0.5708985506759621 0.3952722757182764 0.2299939683177354
0 0.6246902033283328 0.38051912832975476 0.38582498440083274 0.23217401391047032
1 0.6461578453478867 0.7277360271488789 0.3618876028277121 0.1644187204805558
1 0.6322626384106488 0.22057943388856893 0.3399168008472142 0.1591074769103635
2 0.6378372270998008 0.8467264117642634 0.4041482738092959 0.15100274608247916
2 0.5870262680823548 0.10997353080245778 0.3914566698483007 0.14110761076570544
3 0.6183125745808545 0.9365629167619663 0.34119453389814297 0.10873860796014977
3 0.5485476963044462 0.04045681289284234 0.2923276843141845 0.06200247837179511
4 0.5564767110976541 0.9684472989237182 0.272037815313098 0.06310540215256374
0 0.15012778958725623 0.6123413623737716 0.30025557917451245 0.15161618774743615
0 0.14896349151411592 0.49189727905021385 0.29792698302823184 0.15402003390128244
1 0.15266210403526073 0.731863273321795 0.30532420807052146 0.15597627893290614
1 0.14806396838355493 0.3774907861814104 0.29612793676710986 0.14921234159359
2 0.17434314106506388 0.845123793253953 0.34868628213012776 0.14580340279284235
2 0.15561993011594072 0.2645939421610578 0.31123986023188144 0.14938019201442335
3 0.16468329468703122 0.9317566502512288 0.31934128523291605 0.1364866994975425
3 0.1371790873922068 0.16673462166778857 0.2743581747844136 0.1363538587201925
4 0.14622429871404738 0.9706792749005342 0.29244859742809476 0.05864145019893167
4 0.11876351465980807 0.10015327624465821 0.23752702931961614 0.1185757832585472
5 0.10621473400541875 0.05898016585774582 0.2124294680108375 0.07469110094626087
6 0.20636107596858674 0.04453112374262838 0.12545373991115305 0.04371884176955139