0 0.3514793225484724 0.5725839262344015 0.35676408716150393 0.20293620908237195
0 0.3542580725497399 0.3873478970375531 0.3517885576910402 0.19320892418643185
1 0.3229776560888529 0.7307632011349356 0.34125006868041335 0.14010050824070538
1 0.32643719155674616 0.24009883504893137 0.3216416658334087 0.11801829173386781
2 0.32387369754657136 0.8509834838973822 0.36988642607310307 0.12875267915480804
2 0.36322035839057143 0.14304978665064072 0.3525979507985589 0.10191872048055585
3 0.35203633615728513 0.948925724662019 0.292292000498941 0.08850073620438054
3 0.3920516158835562 0.07263887143563001 0.27504548451508953 0.06407062368397459
4 0.40093271291181637 0.0303477631822112 0.22895281468508427 0.038969109480235235
5 0.37164598651338776 0.010311244082184702 0.13988462912069805 0.020622488164369405
0 0.7563595623087781 0.5535409429822109 0.30515041708202817 0.13685740998269252
0 0.7603131724494449 0.43561260609305497 0.31211019979940985 0.12260218348044888
1 0.7657320042409974 0.6771711694844544 0.3266591545945653 0.13014942278365418
1 0.7704652147828445 0.3283617015455122 0.33121509115810055 0.11583824614113275
2 0.7653002447497143 0.7902078888555015 0.4130717382609483 0.12495208937211572
2 0.777053447176168 0.22359856836223224 0.39860670204717835 0.12221254237660285
3 0.7573422521166964 0.8853836124935358 0.34310844405525276 0.10890645838098305
3 0.7552570779209586 0.1459491445545934 0.28284445304632766 0.0978923202586541
4 0.7379585420763248 0.9459553425320508 0.25130073801147784 0.08033804535812003
4 0.7555149169572929 0.09183463102291604 0.23940738511432558 0.08726983311826945
5 0.6855984178253698 0.9772343225412387 0.15409790959031092 0.018003885900854975
5 0.7533269505490884 0.04221463847425186 0.1891364123370204 0.08442927694850372