0 0.5386818516414696 0.5804769427711443 0.23401242347990264 0.36794993502377066
0 0.3657142452048523 0.5860913639872408 0.22646469842248196 0.362722218431439
1 0.6848374571235969 0.6131259021447115 0.16742764434664537 0.3401312549235553
1 0.2268459881582691 0.6045532102714019 0.1633428652133878 0.31595278529021387
2 0.7913043310759272 0.6265678008283996 0.16530944480601087 0.3783127771953343
2 0.12714514943128913 0.5806440241326054 0.14439774259583055 0.3531542508978346
3 0.8789101290596709 0.5990861651197084 0.11738414167709894 0.2749711011208396
3 0.05877835735327971 0.557353020150323 0.09781718585044746 0.2690433440541092
4 0.927550108688053 0.5765759383544792 0.06851729209314072 0.22663787039504732
4 0.025178049586706587 0.552359024241201 0.050356099173413174 0.23879710925915767
5 0.9471423345060396 0.589785237930188 0.04553793032499588 0.20614702831036005
5 0.006892945148466196 0.5819289271026439 0.013785890296932392 0.18308862343605695
0 0.5103646877140344 0.4159071938210127 0.16194757884718847 0.3302358541184112
0 0.4074448063348379 0.4207741574809303 0.15423176049182666 0.3226042913722334
1 0.6211432107551988 0.38494794270598687 0.15925808608013023 0.29177431565687273
1 0.3028269586598598 0.38088995110493445 0.1506512612523926 0.3056373602004306
2 0.7265762549285474 0.395915991188389 0.16564563140189337 0.3831204695030266
2 0.19647763802280016 0.33125035201867425 0.15255082751241533 0.29856582983377183
3 0.8162832191365553 0.3383862785566208 0.11866187472802746 0.22477034807983
3 0.10960298988845636 0.3310177529106949 0.10138121173995139 0.18306491489516682
4 0.878304209234067 0.3661349546093961 0.11558565538241684 0.21501495536956566
4 0.04894377949084373 0.3528279392015252 0.0729217844723501 0.1526786720053355
5 0.9340381740087166 0.38024245253137834 0.08388191547126365 0.1724694736156238
5 0.017894819488645183 0.35978317001419424 0.035789638977290365 0.16187403233608075