0 0.6157527362865528 0.5976745493318382 0.3948122670007177 0.22524222615032075
0 0.6172013558923611 0.41646391541784233 0.39226841275199165 0.22278242985619692
1 0.6499536389742425 0.7521081796509086 0.36967744924410795 0.16464252104166704
1 0.6252777730392988 0.26661518178440224 0.3456389877056464 0.1640830196388892
2 0.6563940113387119 0.8626851027278317 0.40970278529021387 0.15117059650331216
2 0.6020104775979063 0.1556466077255347 0.38977197558504584 0.1387037646118593
3 0.6346419748248764 0.9425984973386222 0.3131526233926186 0.10091161795555582
3 0.5770275222066216 0.07704603153317356 0.3179603157003109 0.10102351823611137
4 0.6033682662839863 0.9747356600706732 0.2751348177566096 0.050528679858653516
4 0.5541446882385332 0.03450314764850474 0.2573278380155281 0.04919994563867543
5 0.6019444767942985 0.9917863837087074 0.2299054736590621 0.016427232582585178
0 0.19213948937100078 0.5374025055524574 0.33079588649793024 0.15653578033568408
0 0.1962364085090796 0.42226966579909203 0.33037586221329096 0.1493242418741456
1 0.19384217347521765 0.649069451425748 0.3210404937876658 0.15390813362072683
1 0.18852410902024733 0.310462844575107 0.32316432375175247 0.1491563914533122
2 0.22679485757943454 0.7614637491226497 0.3737851010774014 0.15273519055299162
2 0.19947069211222013 0.20989295709551298 0.3346235221414642 0.13982075753931647
3 0.2173420680245894 0.8464645867425216 0.3395712225440362 0.14233650397371825
3 0.18686884199781062 0.1171770297516027 0.29730575697985395 0.11734689005053442
4 0.22444803962735282 0.9066446657990921 0.278495012033724 0.12411082738985066
4 0.18343864367325635 0.058282798982371944 0.25842419423367613 0.1092401493445515
5 0.25468242015185927 0.9517592462584403 0.2107910039822825 0.07452325052542746
5 0.19837545746930252 0.02622252688739333 0.21405860724629733 0.048192843113675395
6 0.3886559140698399 0.9644798636592419 0.07349175702329215 0.06652640022190162
6 0.28081812144491564 0.01973934518851519 0.17702085827444666 0.03052666793258562
7 0.42851753348017607 0.9882495472142362 0.07832315787187455 0.02350090557152767