0 0.40352812049952147 0.4549229794102556 0.2200936264506492 0.38001582150384583
0 0.5847493318516244 0.40547686587457155 0.1897181595730951 0.2531230379179483
1 0.24305875473462313 0.43241879562122454 0.15591269347123793 0.350509318495014
2 0.117890661436682 0.42388655883433013 0.1496591748146759 0.3977450044226494
3 0.035406750753000364 0.43810041651566944 0.07081350150600073 0.3222646712101138
1 0.29501118027203715 0.6751914564637459 0.1552403202794734 0.34089393387962946
2 0.17613011229695827 0.6805113013849712 0.14256518966840823 0.43296145958105386
3 0.0721681644638146 0.7318796198072648 0.11743468165976928 0.24440991314444405
4 0.017828086139264655 0.6959881048358262 0.03565617227852931 0.21042589240925919
2 0.8536856578277766 0.3467749636055538 0.06066744707257772 0.08176019053148145
0 0.40779034953856497 0.7225459176398139 0.11614047525891061 0.1917356070471507