0 0.7724887949001913 0.44903994790021795 0.41638471740920646 0.235508599948148
0 0.7697265908936042 0.6496701981555757 0.3971539481784372 0.2353967186056297
1 0.793186680821763 0.2845582935433488 0.37570566127154537 0.16318343781554143
1 0.779307850086608 0.8179324363408991 0.34941739904023666 0.1654334471234248
2 0.7876571857341629 0.16077420178808666 0.4182046647357814 0.15141594006697695
2 0.7253269325609815 0.9304430997395736 0.40797309827640105 0.13911380052085265
3 0.7563320054093196 0.06567543444910823 0.34812415413010783 0.10775512459893187
3 0.6868026704716498 0.9845366307850196 0.31225279030013936 0.030926738429960812
4 0.7013677763012183 0.03291583768025963 0.27967726237328566 0.05208906352947083
0 0.24979200279694563 0.39193261319068345 0.35391700042593105 0.16065372515136206
0 0.2506678510378524 0.5180925807641622 0.3508969724280891 0.15102435536816267
1 0.27528143951784717 0.26472455938624445 0.3225129549649321 0.15806807181592356
1 0.2284760926257222 0.6405139200126311 0.37508947942754955 0.15356805320015682
2 0.2797524426981291 0.14700602368685692 0.3913002206604768 0.1440505647594757
2 0.23827412090751818 0.7559125205650612 0.38935851088962753 0.15124811805319938
3 0.2766106522560129 0.06048154731621017 0.3512982275889488 0.11978834053597742
3 0.22167642361643747 0.8531354307015899 0.34322329758355374 0.14377086140317985
4 0.2694152553028367 0.023193961595965193 0.312868972144135 0.04507331741733952
4 0.21796134863844405 0.9264037903065458 0.27887475205156625 0.11456109319384129
5 0.2186849938240079 0.9564448746457153 0.22454284629582316 0.0541712508235768