0 0.7096485595186509 0.552927054244281 0.3691979149956168 0.21241903926839015
0 0.6974217983691879 0.36810412925234964 0.3500791066988569 0.21336566486638375
1 0.7264294439106123 0.7060445978125086 0.3303411993376993 0.14959059688001267
1 0.7010176258179144 0.2122363657666056 0.30848266208506586 0.14314353144698622
2 0.7244800693474974 0.8195718247517226 0.37992628109639665 0.13418503160835643
2 0.6490484033205042 0.1064133408714963 0.36986305274497566 0.12384103671504562
3 0.6973166434388264 0.9096801927703677 0.310939174778569 0.09302706735518002
3 0.6165635191190576 0.03494258729068021 0.28153321626237005 0.06988517458136043
4 0.644349714317378 0.9378170871221646 0.2563751453838186 0.05296201851889311
4 0.5888599939554747 0.004193506856754546 0.2565990672518365 0.008387013713509093
0 0.23544874880408065 0.600921417486123 0.3036749697773737 0.14277922630802303
0 0.22750283641678845 0.4821131854402199 0.30825874021704797 0.13833583913929376
1 0.20787357606229248 0.37142725470326327 0.32989335560166333 0.13997521226462803
2 0.23864957720538024 0.82502556750226 0.403852781700849 0.13360271114932615
2 0.1942539310924119 0.2602859425426026 0.3679070503271657 0.13327426876094867
3 0.23569255423618424 0.9169181790568586 0.36539124323931055 0.1306882700376208
3 0.17809214576484772 0.17225439769770276 0.34124082076684 0.12646289818895903
4 0.25207494750441883 0.9578925713322768 0.2861169867020444 0.07437861858344136
4 0.17741706623344605 0.10596647589745198 0.27074555576723847 0.10435355059707027
5 0.17914583285589056 0.05038001755424372 0.22608012725024265 0.10076003510848744
6 0.28670312464191794 0.03101121448808671 0.11667548005306663 0.06202242897617342
7 0.34590359101599966 0.00822847015242676 0.047576412801230136 0.01645694030485352