0 0.4138465957269225 0.5643308730281025 0.21206548323293525 0.3862117109793854
0 0.5984125921002074 0.5627669333975222 0.2017783330134965 0.3711162608645439
1 0.26066889355747513 0.5910006106424267 0.14078649169527063 0.3476831591852464
1 0.7468912489686238 0.585207948639103 0.1396668823551803 0.323644697646785
2 0.14416466883276968 0.606970593879714 0.13078255773820205 0.39011192346477164
2 0.8543958742149944 0.5553444383638974 0.11305994718920687 0.3697045011484146
3 0.05050029649695024 0.5726866778418085 0.09561392504788666 0.30379209520692146
3 0.92751890723646 0.5387526219175158 0.07615923394909939 0.2976396565157001
4 0.010496159414392546 0.5533636252871036 0.020992318828785092 0.25235330617117585
4 0.9645282674832288 0.5208413290789405 0.04004224724705479 0.24240173495990888
0 0.4482117964640416 0.3701823911180228 0.13955492142117157 0.32124085149293874
0 0.5625064497057429 0.3757629766163805 0.12513184449809464 0.32023229170529205
1 0.3251414656120233 0.34590058627405457 0.14313104345476463 0.2951347303965133
1 0.6676072287982672 0.34573137304323365 0.12524380543210364 0.3226361378591382
2 0.21269085385412304 0.35250732484286895 0.1263107482325368 0.3969872753304279
2 0.7788592314065921 0.2871898022198153 0.12546772730012143 0.3274438301668305
3 0.12009011039138917 0.2953868703434251 0.10483413246689213 0.24453640785047334
3 0.871967112999714 0.28164216342131804 0.08381198829197864 0.20473012300540583
4 0.04383548514501874 0.32743559349186546 0.07430856461060312 0.2064615959674874
4 0.9319776391816872 0.31357277328804767 0.06267788318305634 0.16251999200649217
5 0.008153264618572286 0.34716240594149295 0.01630652923714457 0.15586327342144748
5 0.9722832191270268 0.32844959012227765 0.03304800279883935 0.14367594935427547