0 0.4048276749253122 0.3942307692307692 0.3924719467022361 0.2620192307692308
0 0.3624403816162901 0.5733173076923077 0.3851764943935648 0.2548076923076923
1 0.41743261849384466 0.23798076923076922 0.3580069333594394 0.19230769230769232
1 0.3063424370195061 0.7103365384615384 0.3458758174606981 0.18269230769230768
2 0.44131639591391536 0.12139423076923077 0.3989282605395791 0.1971153846153846
2 0.3268458995984564 0.8197115384615384 0.3697184800225165 0.1658653846153846
3 0.4969816276991605 0.05048076923076923 0.30646325539832103 0.10096153846153846
3 0.33730042268516924 0.8918269230769231 0.28016080411790145 0.11298076923076923
4 0.3510530308964976 0.9375 0.23652794667776172 0.08173076923076923
0 0.5907769528839831 0.4675480769230769 0.3339125292562225 0.1875
0 0.5583958000783181 0.5769230769230769 0.31923771079174723 0.1658653846153846
1 0.6375392256891586 0.3545673076923077 0.3364282605395791 0.1971153846153846
1 0.5548747867599957 0.6875 0.33139679797286614 0.1778846153846154
2 0.6553434595186698 0.23197115384615385 0.4254544820790198 0.20432692307692307
2 0.5548896144664985 0.7920673076923077 0.2757447097634955 0.1466346153846154
3 0.7059352718136355 0.13822115384615385 0.3166660369436355 0.15144230769230768
3 0.5643240278117427 0.8798076923076923 0.2032936697595796 0.11778846153846154
4 0.7412097682147548 0.07091346153846154 0.21511710155216718 0.10096153846153846
4 0.5590556514101339 0.9435096153846154 0.19096675488419515 0.09134615384615384
5 0.530573124234889 0.9747596153846154 0.14962585846839127 0.05048076923076923
6 0.48146210577530846 0.9891826923076923 0.0699632800029369 0.021634615384615384