0 0.5156487010987849 0.43375947025333683 0.3621342056964062 0.23324648528733832
0 0.5250357539036572 0.6074240886797466 0.3668020084452594 0.22863469142947487
1 0.5356452498125043 0.2841557555998961 0.33380338895977163 0.16726519765943332
1 0.5534658521639584 0.7469675570622455 0.31910053291901674 0.15706211769456202
2 0.5448373526607073 0.17502562866218224 0.3645637755038351 0.15171161450639803
2 0.5264197651104581 0.8493534494284856 0.34745707330923403 0.14141058531661235
3 0.5135616290071245 0.09192357028261072 0.28913526260215067 0.11742518853405014
3 0.5123021909586419 0.9209790879192981 0.28143411068467566 0.10030441778238351
4 0.48721137665715464 0.04632600034994073 0.23711570822415226 0.06248363942623133
4 0.509806289462458 0.965325813717012 0.23251785025471852 0.06934837256597604
5 0.5009920887386645 0.027633951856200965 0.20474659175344018 0.02274876104080505
5 0.5403218692785531 0.9806549209705475 0.2058657082241524 0.03869015805890486
0 0.36308727693576504 0.466050207545265 0.35296421341112133 0.16564494530490273
0 0.3744327835643836 0.5724071336639824 0.3504204776984363 0.160739303772296
1 0.3060686933840696 0.35783224615317305 0.27844498264189066 0.1626085193325548
1 0.321796587998401 0.6857837899378517 0.2998697636882475 0.15627852389524632
2 0.3067424175246819 0.25196506615902786 0.39354981890882795 0.15769469751306373
2 0.26449258968356504 0.7941568554541997 0.2971861384167233 0.14656519005494728
3 0.2598067214813893 0.16942826089443547 0.22663526260215067 0.11487850868627447
3 0.27770449479359205 0.8777262177238359 0.17806872606929106 0.09609260111106256
4 0.2762931693973418 0.09910249470546063 0.19949350711564795 0.08976260567375399
4 0.3037050232464643 0.9353430184257367 0.14625916783393503 0.07558849195640523
5 0.2933520373754417 0.0504603185135584 0.1577887851472292 0.059251315004054526
5 0.32160684166826287 0.973033233518286 0.16294620135201904 0.05393353296342805