0 0.38812144030355566 0.6100544899338498 0.36404843839431567 0.22696897831630544
0 0.38725276620627425 0.43295156438130467 0.36864629636374957 0.2200936264506492
1 0.3526048087589656 0.7545038924452304 0.3476669076474926 0.15865272622096646
1 0.3781933267355812 0.28899820508878227 0.31882075380133873 0.15663560664567275
2 0.3412186940951749 0.856079027440898 0.3834448208375068 0.1515587410746987
2 0.4064763092557144 0.18619587702485643 0.3519150417198287 0.13975814358607938
3 0.3677566702204849 0.9374230700931145 0.31494806727968283 0.10598674411696261
3 0.4363587729663695 0.11120587302810253 0.278680540633732 0.09625380618630697
4 0.39774766419093377 0.9750070770276046 0.2538027417422363 0.04998584594479091
4 0.45101379479062326 0.0628515400129326 0.22757026838818709 0.07108923154492784
5 0.39213560691991706 0.991359108539522 0.2366960395476353 0.017281782920955963
5 0.44930939643097223 0.03864498517652992 0.1831119763688248 0.02719816756660287
0 0.7781390478516984 0.6168529118926206 0.27074383072441566 0.15327374068685026
0 0.7826283755613385 0.503956189310822 0.2703941068273181 0.14125450991761937
1 0.776123511075324 0.7275138816185142 0.24161789776058384 0.14164123649617175
1 0.7929174843173352 0.3986912384354146 0.270254217268479 0.13644681760992705
2 0.7478755009449005 0.829114286605517 0.2966265801813671 0.13589199773343344
2 0.7886436265914162 0.2972254200800527 0.28460734941213633 0.13505153124372773
3 0.745532350834347 0.9096431327593633 0.2509535032582902 0.13269822507255186
3 0.8018740291736969 0.21504914761309554 0.2507436689200315 0.1254866866110134
4 0.7474944177487577 0.9560572761061248 0.21426630793582235 0.0878854477877504
4 0.8085352581360064 0.15168341113205472 0.2309533414539063 0.10491117099671513
5 0.7438665379550702 0.9831005453368941 0.20875916783393494 0.03379890932621193
5 0.8028974772114068 0.09709259277669287 0.20189735326949404 0.09568251295988309
6 0.6246663190014269 0.9856810014468664 0.09804235519817275 0.028637997106267167
6 0.7249823115496654 0.08441802213206764 0.17022768459297694 0.07907422316357149
7 0.6486187928619445 0.05980826736718224 0.08737779889149576 0.03489751257203455