0 0.7196566878910272 0.39918742507015165 0.37630524678523725 0.1938778121853103
0 0.733121173540375 0.5891332305146906 0.3739014006313911 0.19383585289461755
1 0.7250492426943591 0.24439110389123173 0.3486265747799017 0.13095821927838194
1 0.7543109345242307 0.7467949500450779 0.32925579745425293 0.12821869879899322
2 0.7060996112285799 0.12519092282238298 0.3861080565772819 0.11480264485254418
2 0.7138763068887 0.8565536669534908 0.3806003237951908 0.10269949550192774
3 0.6736251011859972 0.041775698671723115 0.3352309716027636 0.06588653596176448
3 0.6873165780671722 0.9365370423283301 0.3019971497335568 0.07251064435360331
4 0.6158746437166945 0.019155039955826205 0.2605954412795429 0.021358526471748792
4 0.659146756154527 0.9830888464644167 0.26199552222834055 0.033822307071166444
0 0.23224780531022213 0.3798733610125457 0.31950040474398833 0.12564701548237578
1 0.21096433173803658 0.2618331437299272 0.32162423470807505 0.12088128246537622
1 0.21705244071484564 0.6137448495242318 0.35287423470807505 0.12142675324438297
2 0.20919164358637982 0.14893629308054368 0.40774267196189723 0.11518027846877965
2 0.2307743555882933 0.7256495735501566 0.3838442185183155 0.11716453171569768
3 0.2103009756502033 0.06490657592266037 0.3475065100208636 0.11172745004761273
3 0.21933774416424126 0.8179039354383837 0.3329434250029069 0.10907184814960949
4 0.21272853034493958 0.024125109888661414 0.2812262914591099 0.04573266233575298
4 0.22940759430036994 0.8877203721266541 0.2505126152977389 0.09562600149682264
5 0.23332782095700344 0.9526154052195086 0.20271570841057526 0.09476918956098282
6 0.35401015698139027 0.9625289114002389 0.09837026713103224 0.07494217719952226
7 0.40822484926736347 0.9860472883355359 0.04522934409754748 0.027905423328928255