0 0.3856988970525558 0.3092096913138531 0.21927702169447372 0.3855359725700661
0 0.570291226695669 0.2865308831246259 0.22889240630985833 0.386152154414062
1 0.2302029763934428 0.3095302389329012 0.15839714131025678 0.36485791296816916
1 0.7230737516687373 0.25383543515915424 0.15638184449809464 0.3215886821989384
2 0.11834181650276367 0.3408088371383136 0.14956548323293523 0.3810686542010965
2 0.8352741082887911 0.2816051131839715 0.13665056499163233 0.36106765766533233
3 0.04893982757342379 0.37780510131470585 0.07705492142117147 0.3165051819859729
3 0.9179565454586368 0.29680025981769936 0.09572588598189569 0.3057183149047337
4 0.03130615861595677 0.43921064157935086 0.03305463065353454 0.2465787168412983
4 0.9664384093650297 0.3247382824062218 0.06712318126994067 0.25175538129312575
0 0.5458084134974713 0.7703040003833362 0.1462066552126649 0.30895326958571173
1 0.312944886106593 0.8177753559076575 0.1547617248823115 0.33826155981486256
1 0.6630667175630639 0.7772558724479638 0.15520956861834742 0.3478769444302472
2 0.20267419863452088 0.8055536551523408 0.14934156136491722 0.376260961893404
2 0.7729718750359329 0.7557467043189349 0.14945352229892622 0.37866480804725017
3 0.11825968091488298 0.8049356309026888 0.13351565883938002 0.29375996535764004
3 0.8613840252553716 0.76454712191555 0.13793480180538828 0.33718324158786983
4 0.08348953934829431 0.8348905435869038 0.07627119488310842 0.2996782589090499
4 0.931961603991806 0.7527912423545424 0.12244478208187815 0.2618937835136443
5 0.9668435283434514 0.7443634817133746 0.06631294331309717 0.23227740236249544
6 0.9786091900474883 0.6257277701394188 0.04278161990502346 0.12000597921458414
7 0.9949882693883753 0.5705629134508877 0.010023461223249468 0.048137804299060165