0 0.3345901054878926 0.44230432758200106 0.41985908098333297 0.26122211298081066
0 0.3610945259183772 0.6226390846270123 0.4028218486190879 0.2578382101628061
1 0.28711250888105466 0.2945733559792376 0.37091149945640994 0.19379812111912875
1 0.3587675031530641 0.773509505669356 0.3558574946713672 0.18574653408831174
2 0.2665283498874647 0.1846501778701636 0.4081111821940168 0.18161517371412808
2 0.4088287438547737 0.8779012424554486 0.40288287131168066 0.17652746521667623
3 0.27017825106930216 0.10150747342015164 0.32499869194529896 0.13372567581386496
3 0.44108615834031517 0.9447798601461327 0.30492668556524194 0.11044027970773457
4 0.3007215898643876 0.05617256246382908 0.2655040446603988 0.08242856655470723
4 0.46504997658141206 0.9752011050596839 0.2493080494454414 0.04959778988063208
0 0.7801723023994309 0.40302196279115243 0.3486459562098287 0.18532650980367238
0 0.7918172266362544 0.5184647279527627 0.33882026230712203 0.18236263127030702
1 0.7625177627779919 0.28722917739234277 0.3460318007686605 0.18278265555494644
1 0.7979783087067676 0.627547857492558 0.3165547190605409 0.1738910199548508
2 0.7359239883997866 0.17695597904606933 0.42316518697905947 0.18966676074494515
2 0.7889350093519243 0.7309132421079426 0.31613410048589713 0.1690833276471585
3 0.715370340752493 0.10810819769469958 0.34810547234116795 0.15181267174470597
3 0.80211203124701 0.8150360032221129 0.2746377880085467 0.15949165157266412
4 0.688371748495584 0.07150232727793324 0.26267957993190877 0.07748086615213513
4 0.8206824513151013 0.8789360841709107 0.22445777205840428 0.13265302813660704
5 0.829532332124147 0.9383948336205823 0.19582192749957245 0.12321033275883544
6 0.5314003766403134 0.043031023785099334 0.08143001595014245 0.028658728669493875
6 0.7419875461457283 0.9541835502563522 0.17710222083675203 0.09163289948729578
7 0.6780606031311271 0.9812327466223437 0.09095495657222202 0.037534506755312474