0 0.4023514290227225 0.6776328338617188 0.25119878729852785 0.39516181404014306
0 0.5899897232265598 0.6613859117585991 0.2359919838373878 0.37783122601862745
1 0.2443430152031019 0.7117140089309467 0.18232364191470932 0.35915753147819846
1 0.739308087100044 0.6726000649040038 0.16152541960781372 0.32483213206489564
2 0.12241862696100209 0.7218559338249873 0.17483551504549588 0.40449483177154705
2 0.8331667341067054 0.626678985047441 0.1397261767495326 0.3720696135674981
3 0.8993548170743075 0.604990959917078 0.09779384933371478 0.29620727627935384
4 0.9391005923496021 0.5823795490549618 0.06329698224745346 0.22540446377119822
0 0.4031218998513951 0.48806476433760104 0.1730441401013517 0.3660332933100087
0 0.5167447874890423 0.4800328810463943 0.16057706559608484 0.3559981879074635
1 0.27717023191231854 0.4632669758434403 0.18098011070660114 0.33031137763204466
1 0.6191848374351789 0.43801137497161313 0.16174934147583178 0.3296398243725881
2 0.15650374721414637 0.47465279589311987 0.17332735636372182 0.4236416568448842
2 0.7173736858163203 0.35624246320093833 0.15224591779445645 0.33170789389670574
3 0.06012266526493458 0.41488858913788396 0.09247901889563431 0.2336233321219217
3 0.8033523426847371 0.3472452220992626 0.0999671457648476 0.18828603182857315
4 0.8628063781240128 0.36132108472557956 0.07648848889643116 0.19946582102348304
5 0.9244403378491166 0.37067319920163616 0.09644369027091124 0.1641636261326795