0 0.424471137319089 0.5402777245639603 0.23662897227060006 0.39457420493811846
0 0.6084334690172923 0.5121794090570743 0.23156931948558543 0.38959862431556214
1 0.2754854442806738 0.5924412064821817 0.16300182479128156 0.3632097263690021
1 0.7624685932214379 0.5104127522121901 0.15680834985831665 0.33659953036183027
2 0.1601587082057469 0.6205509596560994 0.15995785582484545 0.3966956842079841
2 0.8624274005833292 0.4647778178290187 0.13744137876960194 0.37911326371417226
3 0.07185141251638708 0.6127976137100629 0.09532641338688999 0.3080586187337204
3 0.9355608487272874 0.4357332412563164 0.09457053195492303 0.29363554181064333
4 0.9737108869981893 0.4125036868804913 0.05257822600362134 0.23982754069427514
5 0.9942014586155702 0.4403844829161762 0.011597082768859606 0.2006105048158479
0 0.42584503792145195 0.33673300377679993 0.15743825105162232 0.34861876113106105
0 0.5398387598711525 0.32913988706800656 0.1518746773119632 0.3340277958931199
1 0.3052747895131608 0.33371867318686566 0.1594743781087692 0.2959020340613098
1 0.6508038452833433 0.28673297320716007 0.1556745277103662 0.3149649149772149
2 0.19121296663448756 0.3629883773589905 0.153502198795274 0.4108669286587648
2 0.7513397853384939 0.20615832543578744 0.14099949030996692 0.30965355772493
3 0.08785780363838712 0.3208409550480612 0.11305564137300952 0.2342948853813784
3 0.8397781720761569 0.19343700699541563 0.09851680583055557 0.1857982415172949
4 0.04654126656840429 0.3596115652664541 0.06687864349528795 0.22308456177478414
4 0.9065138425002319 0.20314777343526405 0.07410040357611053 0.17774726148143558
5 0.9641133902165522 0.21547224642253882 0.07177321956689571 0.165895919027069