0 0.6377820884516011 0.4298830217442191 0.36482562995144446 0.24088777534555889
0 0.6615087742567525 0.6134157959262325 0.3594017557997564 0.23093620413429206
1 0.6469228799869386 0.2737758450508251 0.34112754235170545 0.16983149050049146
1 0.7091360176477288 0.7591341348471367 0.313760961893404 0.15355938730006194
2 0.627355421628759 0.1551469170226579 0.38470486404293425 0.17766486217112407
2 0.6902885196638008 0.8571287706033702 0.37068304228071697 0.14557439568141844
3 0.5850893287616776 0.07441647090457039 0.29517865752335537 0.08764698135856913
3 0.6719963223017316 0.926445345811391 0.26889039529204667 0.08820180123506287
4 0.6518555794076748 0.9669157671732579 0.20229204906721202 0.0572209744983447
0 0.46026644521112076 0.46054525516786504 0.3142230982764009 0.16077092576160054
0 0.47200618326376603 0.5690545186868243 0.31810651781809945 0.14668403543440597
1 0.4144107246216324 0.3424711470161916 0.31739717173524196 0.17295824982877242
1 0.4705247674702575 0.6766392690671073 0.3166269444302471 0.16093901905954164
2 0.4093433659170292 0.2260527018525943 0.42735791296816916 0.17107515691867986
2 0.4891679530624433 0.7808451201721975 0.23079782897464332 0.12861344593929458
3 0.33482597755345456 0.12751204286127205 0.2306437835136443 0.1262095997854482
4 0.3399740437998695 0.05847287759149811 0.20833210506289596 0.0767879303249961