0 0.5881535011181522 0.4037463128341886 0.3712338141798147 0.22943446691495759
0 0.5959791960802596 0.5845103505650111 0.3710657208818736 0.22703062076111144
1 0.603887257792018 0.24760821311474412 0.3503726519523045 0.17135050824070538
1 0.6246913232612126 0.7248286297325326 0.3299652296359473 0.15407598404156012
2 0.5963307360931923 0.13185992181832315 0.38575797106823234 0.16257437572948746
2 0.5973668057379339 0.8229107458478637 0.36434198896422837 0.13087677460726502
3 0.5607602903629533 0.05518761558744705 0.2967486500433243 0.09090458235822675
3 0.5720594077899488 0.8921467081170411 0.2701382490530753 0.08788528466132507
4 0.5619902832634112 0.9328442423115924 0.23223153046803063 0.0606037248648504
0 0.40081335774112825 0.4487449732567846 0.3493640921646578 0.15692743131762846
0 0.40552053004991984 0.5535920316504812 0.354003691174409 0.15463548544433792
1 0.3680164514269179 0.3324092054874469 0.30469957502922773 0.17028745557542757
1 0.39650226861873417 0.6653429027341884 0.34489258645284776 0.16162322334476514
2 0.36303186917987945 0.21431301817745757 0.4024168008472143 0.16056218055758575
2 0.33322937542806896 0.7782387418154918 0.3390763343575088 0.1470882461411329
3 0.31267688993934617 0.12525780526554514 0.25052075324375356 0.11622788724497884
3 0.34571114274985776 0.8579852909444983 0.1719167433412654 0.09039902121762822
4 0.32003948838245566 0.05440029386736138 0.20763824905307532 0.08643058101410274
4 0.35755404354618225 0.9124355053178423 0.1628561786023744 0.06378886310448724
5 0.369565037640448 0.959767069279888 0.15028212795665 0.080465861440224