0 0.5633748743435743 0.31772136877689977 0.3715628541381578 0.2614632909598573
0 0.5824945635869745 0.5039606690423414 0.36914502281649675 0.2588913515080699
1 0.5636327985929985 0.15537770674331386 0.3519824557120185 0.20002239073017433
1 0.6314175893166928 0.646031495391211 0.3205926040338707 0.17379871631847812
2 0.5509352871847502 0.06577014260132688 0.39513980513873104 0.13154028520265376
2 0.6116002443928514 0.7532295191929415 0.37578316939762857 0.16083793909420108
3 0.5037176505732875 0.006707818534154985 0.29108914730042135 0.01341563706830997
3 0.6011815139832655 0.8224955544182918 0.29378668197837826 0.10944969004112547
4 0.5846133165109162 0.8681433613500336 0.24315207590164625 0.07947742309205424
5 0.5919647066506026 0.8916775429946717 0.1973811028038657 0.0594567273542496
0 0.2524194340319598 0.39838368162950705 0.32067651504075945 0.18822179324155505
0 0.27234946165346885 0.5172312429382857 0.30619749744642333 0.17759784883852361
1 0.2300855602566046 0.2797042136186695 0.33268176064217536 0.18665841357741447
1 0.2646072881701175 0.6332041848656951 0.3301940034814405 0.17206724335639642
2 0.2065637485721411 0.1635126384106487 0.4096328079008819 0.19684509141922302
2 0.2700303278616609 0.7386372290390434 0.3975436512925772 0.1839853941602866
3 0.1976118580728099 0.07578844716197429 0.3301240776423665 0.15157689432394858
3 0.2968921905884125 0.8089035873770757 0.2940384149990446 0.15271892081035623
4 0.19138547258706515 0.03648644221073018 0.26956641325832437 0.07297288442146035
4 0.29961769560199897 0.864023955617596 0.24102793310409595 0.12738625287103608
5 0.3143694239687236 0.9195057804453339 0.1905891193767711 0.13106783207581102