0 0.6293843032973617 0.32520919067495657 0.25839824254232535 0.40692337825482083
0 0.4416161413780472 0.31190732928699094 0.24327512514484945 0.3939798747195963
1 0.7925658255691407 0.3099264070193352 0.19153428306016232 0.3691103046540028
1 0.3000929430317738 0.2847842737172381 0.16327187013441766 0.3361658045830143
2 0.9122412731913326 0.3211468122781588 0.17551745361733467 0.39764836757815875
2 0.1976376110331077 0.3070332285401932 0.16154435591408023 0.38874232904563166
3 0.9739065909696613 0.34913141698611216 0.05218681806067757 0.30719788829258615
3 0.11992078104730194 0.33976095952238955 0.09953550582138987 0.26981466805804044
4 0.07501774864606375 0.3559089771275235 0.07311690666997224 0.22740882883266617
0 0.5934999387454235 0.5169150002413593 0.1697833681215573 0.3246087101967804
0 0.4764233719518059 0.5159727435613471 0.16835957863186943 0.34128158781270446
1 0.7141704204993652 0.5381359037680649 0.1902742102062443 0.34747568926938743
1 0.36471452984539954 0.5243377805747216 0.1716034733549943 0.3558587101967804
2 0.8356928050930308 0.5532701691796554 0.18259523037828657 0.4212246927336233
2 0.25249195086602405 0.5653087861260181 0.16539570009850435 0.33151215773632087
3 0.9339930681766232 0.6253873962006963 0.13150925483667864 0.24312515066587181
3 0.16319962293651694 0.564998852798364 0.09323514155180032 0.1616415911349635
4 0.9801832466983608 0.6006414309850332 0.03963350660327855 0.21344788829258612
4 0.10558917356209417 0.5493881519010704 0.0786720565338436 0.1583134722151236
5 0.05900604402229876 0.5366900156600505 0.0636889472312476 0.14777381483374524