0 0.6730889346985982 0.6313054364337305 0.3959536060948888 0.2230596403570067
0 0.6942366219611208 0.4343788686264635 0.37672283686411956 0.22272396603146413
1 0.6766674894775316 0.792572925194887 0.36585787148140736 0.15288654969784743
1 0.7243749034553643 0.27249688685808365 0.34156744946562373 0.14765926448322655
2 0.6524656116292887 0.9100466920531521 0.41077506697251753 0.1392606992979342
2 0.6920863966882226 0.1540370766685368 0.3957220888561348 0.12698971278454627
3 0.6078208198540694 0.9742737300182847 0.3300725828896057 0.05145253996343076
3 0.6652457050413629 0.06935699050491465 0.3193131545069866 0.08963128246537622
4 0.6410710416449561 0.02562620753806273 0.26353099363316473 0.03341971653167239
0 0.1777025458386568 0.6034100736748916 0.3218327592802098 0.1377082055422993
0 0.18760732700248386 0.48328070491862324 0.3367597571579314 0.14757534590184085
1 0.1799096906206653 0.36039083603761957 0.3598193812413306 0.14086731892861637
2 0.19561639877555595 0.24277021166192933 0.3912327975511119 0.1414127897076232
2 0.17999740458639357 0.8520612930805437 0.35999480917278714 0.12239181693031807
3 0.1629261872466113 0.9346525396477905 0.3258523744932226 0.13069492070441904
3 0.19075849337263825 0.14769241071292777 0.36257216365693323 0.13601766733023124
4 0.14958671937625942 0.9709467794691963 0.29917343875251884 0.055851558439451526
4 0.19320999721688875 0.07795989260604289 0.27958159203955246 0.1105525899082135
5 0.20610597884710555 0.03848524787569908 0.22721111922886583 0.07361375249597171
6 0.3099752844171348 0.030674112760106193 0.13004943116573045 0.05270461163748926
7 0.38455239449605405 0.007915409587775995 0.05301059562327655 0.003326950549088428