0 0.6684696116370971 0.6323186152360846 0.3980051618304655 0.2633123172372097
0 0.6852204176461881 0.4399016062880865 0.3835820849073883 0.26230375744956286
1 0.6543044589634444 0.7936537174820236 0.3615838551595885 0.19829091776809257
1 0.7197832997079961 0.28600491245926235 0.3423391007610043 0.19454232523071752
2 0.6343884165097502 0.9089262978049505 0.4047551897541156 0.18214740439009894
2 0.6940472429903356 0.16276165541267912 0.40471323425067113 0.1772781355925715
3 0.5882468364648776 0.9607897184062515 0.3371677940901273 0.07842056318749695
3 0.6668435450072709 0.08510742864020225 0.3105436792162273 0.09860711235748279
4 0.5304216696783293 0.9825336504311727 0.28401746051703086 0.034932699137654635
0 0.1669546249946399 0.5454203770097253 0.3339092499892798 0.18699460017329683
0 0.2055272434435473 0.4280016087334463 0.2869527430478393 0.17384925630114842
1 0.1593724795860093 0.6663103278851328 0.3187449591720186 0.17396680961641936
1 0.18579380952659483 0.306380508008639 0.34224120458630075 0.17771540215379444
2 0.16865921275774623 0.7823673164615126 0.33731842551549246 0.1801192483076406
2 0.2104895739523518 0.19508067175728103 0.36147197381707 0.1790601485373235
3 0.14916272533849587 0.867561031616445 0.29832545067699173 0.16781437092519788
3 0.20263551912648212 0.09833849906064093 0.3181328172087653 0.16401523840515236
4 0.13332095523736653 0.9253626559490584 0.26664191047473307 0.134379158051963
4 0.19569669143733218 0.050959219166817546 0.286491232509951 0.09452233322422533