0 0.5855810016065581 0.4411410214747357 0.425047577407188 0.22347923326393507
0 0.6373217462649587 0.6328971597112438 0.32262881838979685 0.20248617382406692
1 0.5898393973892525 0.2755693518942009 0.39423360804732227 0.1653253733740062
2 0.5580953143984098 0.14177825673950387 0.42235115161555004 0.1562135002469356
3 0.5210343635502922 0.04870568868276656 0.3449533424851997 0.08524318306461222
1 0.33845674115112445 0.34800278471314494 0.376678074692473 0.15541627372377184
2 0.3004118825461511 0.22610504245560017 0.44307500415275747 0.14457190309394036
3 0.24200747654293334 0.12065658965874304 0.243773788703594 0.11228508741097436
4 0.2445920558579845 0.04388037025309103 0.22847581168369485 0.06880606018827941
1 0.7635444395337279 0.7779400518183457 0.12267071816387826 0.09816789210710215
2 0.7582289910847297 0.8978806037664965 0.1430302655621228 0.08171860264641441
0 0.3039129023417165 0.47823615321994295 0.1951504079182262 0.10423436313557925