0 0.47451567317189863 0.6203635036478296 0.3651335761305158 0.2228058359447531
0 0.43661568497754455 0.4530024974905569 0.35016404149899405 0.21542646978894892
1 0.4833142100411694 0.7681720708269903 0.33726991063294093 0.17204535389020764
1 0.3847121385332318 0.3227053077412565 0.3114099233996638 0.14772717952797018
2 0.5062984577298804 0.8813206677520251 0.3653874542011687 0.16276562466335448
2 0.3907382658848634 0.22790722671741026 0.36356592850635283 0.13872716312489294
3 0.5682534194297122 0.9504151538706282 0.2794671758723233 0.09916969225874357
3 0.39867699521605154 0.15834953030894863 0.2659907245472398 0.08715551388139695
4 0.6010337848950128 0.9867665446432855 0.2331372141724914 0.02646691071342908
4 0.41952778678858554 0.11656193544041701 0.2240324245149657 0.07225692515790073
1 0.7009698752160034 0.6770373857292966 0.2853319208463193 0.15222718772950883
0 0.615285543582518 0.5763687036674091 0.24337362081404515 0.1373285990060125
0 0.5931209824564742 0.47403741443468184 0.24818131312173747 0.13738454157076774
1 0.5770571129997865 0.3729779764848218 0.20935546952123582 0.13212930874503379
2 0.7104597402043381 0.7864263713704853 0.3846182234319379 0.16298939492237544
2 0.5597733890908828 0.28751556725258404 0.22381440919489842 0.101075107721677
3 0.7829408493669625 0.871330197020485 0.22268563102742325 0.11787405951622258
3 0.6225631299121214 0.1969805805953808 0.1446696386874568 0.1025559015570621
4 0.7906271200357744 0.9410697067644012 0.1892498001936442 0.08866427899915955
4 0.6088672438586941 0.12717114264552073 0.1765019591464874 0.07890903797188703
5 0.574702802746989 0.08834597751307337 0.1077370462829424 0.058895072834544794
6 0.5317426635825662 0.060226234943423274 0.08592027832884543 0.0562394851393002