0 0.5109687542120069 0.6597898009342065 0.2719328726555136 0.4001739761762791
0 0.33211958185410523 0.6365644640088584 0.2654858072224871 0.3782312698696657
1 0.6570016983540226 0.6899024438907327 0.19690304692842384 0.3570910738847719
1 0.18639572931689774 0.633942006360564 0.18196937504748778 0.3178593081182387
2 0.772295237453897 0.6837101848397059 0.18484795340860727 0.3874168011187784
2 0.09377592689264946 0.5776808475310216 0.17894734568402554 0.37268563327370346
3 0.8572495394011796 0.6675012860124347 0.13498536738745415 0.32920147582133663
3 0.04230041557111457 0.5415138494761051 0.08460083114222915 0.28531606320811
4 0.9036153638515972 0.623863083099069 0.10049248388737143 0.25283369952011836
4 0.012889872641223167 0.5066419387369735 0.025779745282446333 0.24152381483374524
0 0.6317518988130048 0.2023210874151671 0.18954521864798962 0.3231291368089279
0 0.5174601988452788 0.19529219262004005 0.18160506990852468 0.3130516158105464
1 0.7476098269966169 0.2044652671721024 0.18805213534155113 0.33499432211715974
1 0.41424110404879005 0.16964410442399933 0.1813870545884574 0.33928820884799865
2 0.8364417076206144 0.2633613403469893 0.163831521233608 0.33105002135332395
2 0.3073430951120842 0.17146128814209016 0.19300611746813934 0.3429225762841803
3 0.9157686306975374 0.2582778401340238 0.1411398531826889 0.2841445807422555
3 0.22178854133047846 0.14500283894142013 0.16219214810827387 0.29000567788284026
4 0.16269422661647326 0.12742805841638966 0.14154002107223762 0.2548561168327793
4 0.9531013909916007 0.23914023514211635 0.06829585828937795 0.2699078322969022
5 0.09250937535593805 0.12085691406139056 0.14434403511563268 0.23172210174063695
6 0.0580344232311482 0.2127726676321093 0.10227530801504835 0.15008449674872953
7 0.027875919239761054 0.2792939911264445 0.047276587297825426 0.05565743368259657