0 0.6844887418154918 0.3318802186226085 0.3748361693353634 0.22973776411648983
0 0.6924026718476501 0.5166820361049904 0.36527673486025675 0.23135671330027727
1 0.6905233174530985 0.17724916780639605 0.3422993161089745 0.17189838742533764
1 0.7163881980629814 0.6676583608128465 0.3156891579958335 0.16252838229613786
2 0.6650850974686434 0.07187089777657288 0.37304576484647467 0.14374179555314576
2 0.681674314061005 0.780074836571824 0.36085868365641033 0.1446220275193012
3 0.6295009714752136 0.01913345057384349 0.3118865583350426 0.03826690114768698
3 0.658308259144926 0.8626640372720741 0.2877361965160257 0.09546606947463013
4 0.6318389813215286 0.915401385291762 0.24396341448429482 0.07029941772475085
0 0.2220840580417738 0.38407646222975944 0.29640243862478644 0.1585547422021743
0 0.22711756078867562 0.496861007218014 0.3012101309324787 0.15894719068720364
1 0.19893778393060924 0.26915782982959563 0.32988843435779924 0.15409034313584125
1 0.21898585982970137 0.6131286316939454 0.3202730497424146 0.1533054461657826
3 0.2136365917988783 0.07287649742793983 0.3007625298102565 0.13971642145643443
3 0.22239982332569513 0.8115440515075105 0.3150737064527779 0.13608607460383018
2 0.21560590103814165 0.7265999615310014 0.37802130757500013 0.1604186741399807
4 0.19328681976255346 0.03555494207352956 0.27320121931239316 0.07110988414705911
4 0.22396642725347296 0.8788517438152028 0.252293955751389 0.1189650135292181
5 0.2264272284866461 0.9328401701554838 0.21869605973782053 0.11862172028785878
6 0.3300164136631418 0.9340179123427377 0.11247922784636757 0.09075708438644406
7 0.39665370922654997 0.9514582841351227 0.051320021334935934 0.04017840140050037