0 0.40527221563449356 0.46320497903725594 0.3741329236448312 0.24097209791566201
0 0.4207772955958754 0.6360365226279943 0.3712669411079882 0.23356433521160888
1 0.3671778069114341 0.32235937553898913 0.3409734968907066 0.1713097146977936
1 0.4141694822812827 0.7768577468705089 0.3166269444302471 0.16453977996495467
2 0.348638399849504 0.2157317133002774 0.37447329758355374 0.17165300793915292
2 0.45030603972513067 0.8728397480375926 0.35625996535764004 0.14864482285693506
3 0.3603476972910808 0.12727996621425636 0.28485392682511307 0.11651201213170169
3 0.4736369975863906 0.9424040191342035 0.27687216105857987 0.10390410863492697
4 0.38176554358690395 0.075867032648501 0.22198495468097812 0.06833717529960419
4 0.4913738943266012 0.9747833995421189 0.222293045602976 0.0504332009157622
5 0.3676809981968935 0.05055311353369412 0.20454184976005918 0.05734822098661688
5 0.46397687325723125 0.9930698148100259 0.18817706306613283 0.01386037037994825
0 0.5936660477894188 0.4834162743823498 0.3260882835846328 0.1629208307811672
0 0.5929746856205795 0.5884741426809442 0.3164728989692482 0.16213593381110852
1 0.6031559851492169 0.3730355755479414 0.28072329758355374 0.16400026248108082
1 0.626014192336086 0.6950772272978208 0.2948382835846328 0.16036991562847655
2 0.5834916777408632 0.26510787811104924 0.3812226996620953 0.1650301422051585
2 0.6933237270494345 0.7948120666945184 0.2916642101257919 0.148154460616731
3 0.629162912258284 0.17459557811254134 0.22297010866910882 0.12102556644170494
3 0.7001054121447007 0.8775239571378608 0.17637275898003843 0.1028742289108493
4 0.5956774106681431 0.11265987158433316 0.21048874151688132 0.11283290676759308
4 0.6890427371581883 0.9370314382564708 0.1677748113695092 0.08065094079868974
5 0.5731328216202402 0.06853220934562146 0.16623435675951972 0.05661247926022831
5 0.6730183244029848 0.9764019519937405 0.15412196175142703 0.047196096012519076