0 0.41635733378425155 0.3721874695069455 0.25554224383758345 0.4087671120387097
0 0.6147481759759816 0.3416259588094563 0.24416084103956687 0.38640388637616796
1 0.2530920195652278 0.3821699980778464 0.18769503404601728 0.36779130035501484
1 0.764865672482191 0.2585814200251771 0.14315054406652414 0.2903576284740787
2 0.12110128296803906 0.40411654388382307 0.17979651236959457 0.4173613067383762
2 0.8709536188709458 0.20276301274528707 0.1076819212185416 0.17777702713285834
3 0.04314703694134562 0.43460349026358763 0.08629407388269124 0.3495430194728248
3 0.9402237519698677 0.23215420489160904 0.06647324336179768 0.14120873986730695
0 0.4408871493933314 0.5984760309485847 0.16674740187628614 0.3160354631378745
1 0.3147098039382434 0.6223710414847036 0.1770985282180593 0.35504345930785774
2 0.19216280533575963 0.6603248238049363 0.17915868439838045 0.43881376955351
3 0.08295965032252214 0.7104068445544331 0.13181829651217752 0.23933040153486473
4 0.025302721317345307 0.7058738005092399 0.05060544263469061 0.22253934120852747