0 0.423640526421875 0.7108900932113662 0.2027294644411992 0.37274528248160294
0 0.6027270648834135 0.7244604596377435 0.1998360048314165 0.35573620683519824
1 0.271171157601193 0.7053330204339014 0.14165408368317228 0.3345376220907174
1 0.7523950294366506 0.7573885343302167 0.13642672269896286 0.3197502400286773
2 0.16144643370409548 0.6850258477532591 0.12333259658485662 0.36433040153486473
2 0.8617479188737323 0.7237002448340614 0.11591122378505968 0.3565724053648815
3 0.07756948687423978 0.6462896610292217 0.08601589824761315 0.31832888222341044
3 0.9389986091309883 0.6995721264191357 0.07542128672035521 0.283946425791638
4 0.043543806260377745 0.589744062879682 0.06008892766482486 0.25160351037474843
4 0.9805871426393531 0.6793588688397871 0.03882571472129388 0.2488353590819394
0 0.4148439591324727 0.2437063214272524 0.13381304220685827 0.3123565489976573
0 0.5292364857784235 0.2595701069391657 0.13140919605301213 0.3121743964281757
1 0.6394287125685394 0.25472797128916436 0.1322485334060461 0.3410205502743296
2 0.1944024225996131 0.2102124382427652 0.12918946058384156 0.40075239898152026
2 0.7473919551533577 0.25571329845429674 0.12636594575347823 0.3861471694889618
3 0.10955549759401119 0.2205729451030924 0.11245820593992084 0.32033256048770775
3 0.8348525606510643 0.25274648262498967 0.11747573258587188 0.3279084040882093
4 0.05278533386094854 0.20667697510489075 0.092318154576698 0.28762533993185513
4 0.9012381089995115 0.26737106290111756 0.09841057656752437 0.24971025917876144
5 0.9546288127575195 0.2777523399532908 0.09074237448496092 0.21143087328670448
6 0.9664124855349089 0.38184633484660174 0.06717502893018225 0.1186274988846981
7 0.9808227006311944 0.4381366355172119 0.03835459873761128 0.06373920523578527