0 0.5289354547266512 0.35135818596339136 0.2474159493748602 0.4036630857683757
0 0.35323092281084517 0.40517230239943086 0.24255231639590888 0.39362708257834716
1 0.6794275723627022 0.2949446247365398 0.17989847954994623 0.3617167334156691
1 0.2077772527514307 0.421501783513177 0.17496492073192058 0.3396614994564099
2 0.8021775630548187 0.2577765433908135 0.19454531915805973 0.40144012760113923
2 0.11977114994756495 0.4748511494235045 0.15590197351492893 0.36682517900398837
3 0.8995263397016805 0.25046094033119826 0.1389491839276726 0.3437183986081194
3 0.05468549661212644 0.5117795001811967 0.10261178826368446 0.2924868362213674
4 0.9605936613558134 0.28476151504295055 0.07587579204726598 0.23969266483005686
4 0.028747456316300848 0.5490538262161682 0.057494912632601695 0.21439234756766368
0 0.5446295792105758 0.5445975594136763 0.16297366029831936 0.34341764532749264
0 0.43275982946593344 0.5700019412741462 0.16536352128435075 0.34122410846096823
1 0.6648009091511612 0.5376878642783489 0.17490898006066155 0.33004611484102525
1 0.3243979527773567 0.6119177822805562 0.1703530207736354 0.3728947270356123
2 0.7706890138468178 0.5080015633284914 0.18752957304592854 0.43446304589301954
2 0.23136039498076194 0.704149305227066 0.16780932294164133 0.3486459562098287
3 0.8764232816965116 0.5047575700709419 0.15314849816571297 0.3065187158705125
3 0.15564623371851546 0.7095721247007838 0.14595094487198915 0.30829163416239286
4 0.9438428553467222 0.4796381407951585 0.10719571788634005 0.2544459163344727
4 0.09067945430950274 0.7260677831507837 0.07797196450918667 0.18701835873276343
5 0.9848131287207178 0.4580340367568395 0.024835616103904758 0.13912232364245014
5 0.04984903261365513 0.7236334256506413 0.06581288206180794 0.16192835075769205