0 0.36977515672331207 0.5544757149075797 0.2185558103608917 0.38358402847004697
0 0.5561291743176482 0.5673429445516588 0.22095965651473784 0.38362598776074
1 0.21246308532453695 0.5757658429056609 0.1510802960394218 0.3535630144844941
1 0.7041265422090568 0.5975676716984986 0.14375687623536493 0.3342063673816462
2 0.09593948011816508 0.5845481249993664 0.14164671860562955 0.38464517732172254
2 0.8145636136078319 0.5754593375319074 0.12951560649388036 0.3652046116374893
3 0.03086781195054136 0.554569070304506 0.0570366075153111 0.30144583291670435
3 0.8877690399576212 0.5575083266672695 0.0785873118930377 0.28740038960986286
4 0.9369849528563008 0.5475511844341647 0.059034883802528255 0.23177625374585878
5 0.9696326682826311 0.5817714810123641 0.04679189034826063 0.19310491883085598
0 0.411904596315637 0.35931752060158917 0.14616072238921107 0.3342483266723391
0 0.5249273210498505 0.3685011457256907 0.14142295592059284 0.3461836388601841
1 0.2891406204557055 0.32833144293010097 0.15806807181592356 0.31522735389503403
1 0.6402280254275771 0.35609211475586966 0.1388652729207839 0.3196993718771836
2 0.17622278448010287 0.33717666395984563 0.13467292799694267 0.4253846840650288
2 0.7529290913020504 0.30998727834150963 0.13177960096957866 0.34120810938972046
3 0.08579185777066876 0.28632434440501825 0.11194746952277314 0.2375070504487933
3 0.8431152775747256 0.3187722902040292 0.09716077823651158 0.17475529470463635
4 0.028197446253064654 0.30214424450531346 0.04209607938308671 0.21225176948023966
4 0.906908104242445 0.3355092114073892 0.06579889689399301 0.15497905469486023
5 0.9623076457682753 0.35933179320020925 0.07538470846344936 0.15759269730217057