0 0.4256172573814011 0.3663181682821818 0.2061747118444732 0.38186745175584763
0 0.5960246071218908 0.37522278552517874 0.2013110769720258 0.376667310963126
1 0.28560762559370845 0.32491267108467464 0.14568696004503295 0.3433079995391349
1 0.7378515301988138 0.36364555521681324 0.1454911610683895 0.32648107646221164
2 0.1837518481614006 0.3068098936992404 0.12939149133328437 0.387607506764609
2 0.8369957773711219 0.40838686453706974 0.12195618261272483 0.36778806480629567
3 0.10425709739021188 0.3277083706253014 0.09227089029524296 0.2933179892807352
3 0.9063436891617513 0.43394636150414445 0.0824876779855926 0.27811001538759955
4 0.05597038969545676 0.34966170162944094 0.05112579285608228 0.2659437156195242
4 0.9542108276208425 0.44805072280769714 0.06034957951818033 0.2330747664357367
5 0.029556053285526677 0.34941632214325613 0.045758674900837834 0.21747434405757174
5 0.9794651978774158 0.44478844518437 0.031223712848250564 0.20668161398709906
6 0.014084895338603517 0.33747062587344767 0.025548910786852338 0.13176993473283907
0 0.38957018245364144 0.7811286988194879 0.14305934363216585 0.32388100606585096
0 0.498833297324131 0.7818158804004549 0.13330410260489328 0.3110768783265615
1 0.279161087070984 0.7757319370520859 0.14062752619594207 0.32128093566949
1 0.5995850511678374 0.791603308368685 0.13109605542769032 0.32770757716097
2 0.1761313578441307 0.7553234256340626 0.13911876107817941 0.39800778835005207
2 0.6993726378348304 0.7810561561504801 0.12874815183859914 0.3323190452261475
3 0.10189183989867598 0.737367915613556 0.12139675696517291 0.31971114172937287
3 0.778447819370355 0.7962153715321114 0.11382159183272532 0.28787246900182867
4 0.05120507534398788 0.7103367368276214 0.10241015068797577 0.24141449510869306
4 0.8419679291118237 0.8066404291054726 0.094059368236782 0.24062959813863435
5 0.020570022523638227 0.6855377575748532 0.041140045047276454 0.18661679254260122
5 0.9056558665475579 0.802642409755757 0.11770623182195686 0.20893799440993496
6 0.026957250220351312 0.5624510431224128 0.053914500440702624 0.07221329837055908
6 0.9284233188684664 0.7035206223423557 0.09310834463594321 0.1588988289078651
7 0.013987837915595928 0.5118475841485511 0.027975675831191857 0.0532279086259747
7 0.9518752255423123 0.648771876653851 0.05137585026685251 0.081043786015885