0 0.35610397987839576 0.5706794940824867 0.3953449148869589 0.21558803256346407
0 0.39089850406638127 0.3943943598883931 0.37601619643127526 0.2126246281742618
1 0.3093616417681443 0.7160993245633875 0.3566425935065765 0.14963501471832513
1 0.4051889190997097 0.24991878392965564 0.3302002858142688 0.14886562214471072
2 0.2858211066411393 0.8224281135679745 0.38490105200324365 0.1360512751482824
2 0.4444524034516291 0.14073150770499582 0.3799954104706369 0.13350753943559732
3 0.28724955068928315 0.9052209163168278 0.31602617209692013 0.0956312828629978
3 0.48224664942983186 0.06760192378802833 0.2939018105877324 0.08298254907899141
4 0.31408774542469076 0.9536604251176398 0.25446077987704957 0.05782497106981775
4 0.5057423000878217 0.026255379184900784 0.24744513986533995 0.05251075836980157
5 0.3047927408619992 0.9755398472302235 0.21732564609529834 0.03033349168621741
5 0.5115784592571158 0.004906973831359147 0.21242000456269167 0.009813947662718293
0 0.7830091030138667 0.5822677848842756 0.3156792596662773 0.14604210731434747
0 0.7984789988896106 0.4677703410691955 0.32019310429922637 0.13897045841164812
1 0.7639824125198107 0.6956682227915618 0.32048695197396965 0.1461819968731866
1 0.8231235078686243 0.36381042582874507 0.3273066935358504 0.1367764465960604
2 0.7426987997092802 0.8055328362474985 0.4067315658376879 0.14148847047075025
2 0.8297391706937917 0.2603750964339409 0.32230310277832924 0.1318288647295291
3 0.7226395522101803 0.8853493727803581 0.341435922784184 0.12998457681103906
3 0.8510982904947291 0.1781197413575254 0.28585361357097894 0.12116430842285184
4 0.6918344138657375 0.9342656332103153 0.25843181362952694 0.0963564543107755
4 0.8607585595791287 0.117813753173113 0.24420463515627888 0.10074447794195093
5 0.6570541516253752 0.9628890908914192 0.19848667376418688 0.03938931806624606
5 0.8683088301844256 0.055585510841528775 0.21864387048820133 0.11117102168305755
6 0.5261914600781316 0.9630953121390131 0.07137667528508401 0.04289378321855034
6 0.7824560132203653 0.04145326831758906 0.1670856597833731 0.08290653663517812
7 0.46921132933817467 0.9767582452246024 0.04876256765132421 0.01822581866531327
7 0.7076653770108987 0.020891741732516896 0.07898001064628019 0.04178348346503379