0 0.3119414547093718 0.5718141060440325 0.42079115455603894 0.28558775701815126
0 0.371802855552715 0.38540027050157855 0.40109824894227286 0.2773683766473235
1 0.2444672602436304 0.727481862541131 0.3732086508788374 0.21601242041455804
1 0.38623838917284203 0.23490792540887165 0.34011010534684993 0.18552852346580925
2 0.2116016253087975 0.8477950396624578 0.41601574526507135 0.2110685262489205
2 0.4461016324218413 0.14192913926976483 0.39043682911662014 0.1857702623238474
3 0.22183503417383404 0.9311107834957757 0.30423874151688135 0.11177539574782959
3 0.4840687514836582 0.07285772362081634 0.3032213045120258 0.13328403089378382
4 0.5249950173211799 0.039803944004236196 0.24802600721242604 0.07960788800847239
0 0.5106134354431083 0.5745789000813103 0.35049571726722945 0.19805167518968475
0 0.5396422329556736 0.4580604625487445 0.34537993403753914 0.19299202240466998
1 0.507256718317856 0.7017307857578341 0.348862098418378 0.20994492572025436
1 0.590506273433284 0.35597021274889773 0.34251395150069625 0.18565450370447037
2 0.4566703281511748 0.8181811223614274 0.44051634318652977 0.2195398670970706
2 0.6660715394127829 0.26097063198157033 0.34235990603969724 0.1832506575506242
3 0.4898638803276803 0.9170639868850567 0.2521243534372607 0.12102306126651505
4 0.46064875433739133 0.9617190002795601 0.20330948607206756 0.03221695543215256
3 0.7027901532782457 0.17399635041743683 0.17039358420649145 0.11673973315203555
4 0.7059015031092934 0.10675164822907511 0.17125697575034812 0.09282725185223518
5 0.719213978788653 0.04969939854997461 0.15745008067126692 0.09939879709994923