0 0.4821622927386005 0.33557681868131745 0.2915636616382194 0.44529175247749736
0 0.6798901485636871 0.2843295069568657 0.25661895081592195 0.3639622384075879
1 0.3072973086448808 0.3600432911803951 0.20770563466127903 0.3943811298804559
2 0.1764293013914505 0.39736194538149144 0.20720512438558603 0.43509246903484156
3 0.08276492905563107 0.43109097186018097 0.14224198383738773 0.3782026716642534
4 0.04327272284553063 0.48907522896612426 0.054076774828447964 0.2862726189908284
1 0.4306641114686597 0.6016782541670206 0.2096616370790891 0.38491979072607035
2 0.30482771839093964 0.6434965097538113 0.20854865559369412 0.4639386228809954
3 0.20579916300473045 0.7173511341539592 0.14832728510414095 0.25156905281540204
4 0.1191487405322599 0.7204929245960755 0.11388971241223168 0.23258549328449346
5 0.0669885572913555 0.6876701869693613 0.04724715785389826 0.139638003606213
1 0.8076495829346937 0.1543857531021929 0.12204960488549907 0.20195167512848938
2 0.9289022055727393 0.11768328074509232 0.09895949735876669 0.16931526597949878
0 0.5677129894350664 0.6194169933128872 0.15257517274178822 0.23985791296816927