0 0.6585746681954086 0.30784175708414707 0.3937435146644667 0.2787958084059863
0 0.678631888721855 0.49418898925089405 0.3839042081810641 0.2732032191282354
1 0.6574386673675328 0.15227854193294837 0.3618744156000696 0.21153727134196415
1 0.7136456575715949 0.642197372699195 0.3423077635672733 0.20275593894030827
2 0.6315068117329609 0.07288878623885736 0.40491972450128233 0.14577757247771472
2 0.679257437491995 0.7635424482247557 0.3874210358203051 0.1944649687788565
3 0.5885767776931046 0.016189888570040546 0.32765413692148304 0.03237977714008109
3 0.6585118817247566 0.8490506333069737 0.296015587579799 0.1343200564211982
4 0.6392218180996352 0.903308818389192 0.2534707889542794 0.09492655199075656
0 0.17542461061481246 0.42391157038890054 0.34219580263326416 0.20035209278646213
0 0.19529087039776452 0.5372358312271118 0.3349842641717258 0.19976342005891823
1 0.18969282369731394 0.6574281389194195 0.3591346866441963 0.20412950863791116
2 0.19939889594237664 0.7692315626951007 0.3987977918847533 0.20506147460681434
2 0.1751415725013946 0.19100825220776058 0.3502831450027892 0.20452195712294036
3 0.15923335623902446 0.10314517784928358 0.30261465483163563 0.1731740433677659
3 0.1970590478504756 0.8591795692218169 0.35594711395228706 0.18710636131847325
4 0.14049821546740296 0.06524773449345408 0.2809964309348059 0.11410816597785554
4 0.21704058249478425 0.9186135158410045 0.2580018928542967 0.14079585315634802
5 0.22771628205590685 0.946478548474585 0.21685329197654196 0.0799639575838055
6 0.33440753356703823 0.9437561850672976 0.11292810269111223 0.059507084386444066
7 0.3913720951882873 0.9546718032469454 0.06339568747207217 0.02433259953615054