0 0.4076617325211036 0.3456381981713366 0.289148409876237 0.45025349024618866
0 0.601060698875413 0.3020645612914202 0.26891031075628263 0.42017497271204307
1 0.23507320718293087 0.3770851409404542 0.21742221163632844 0.38809386418491126
1 0.7333066012874462 0.12090025151205193 0.10035105402545022 0.12635412613226593
2 0.10864429268657988 0.4213072426810912 0.21728858537315976 0.4435363711843718
3 0.0417963784753588 0.46694803658744344 0.0835927569507176 0.36418084990203614
0 0.46770825521092046 0.5492576175710582 0.20067923271683752 0.38941939211176463
0 0.5891177531859935 0.5066995752903412 0.19022440652713202 0.36476474872930736
1 0.3427349600837944 0.5908448049663506 0.2158578070568032 0.41197828026237376
1 0.7165330370068712 0.566890735781013 0.15460931034066377 0.23776215773632087
2 0.22413376184388586 0.6560083175171075 0.22061208961874773 0.47944001803106506
3 0.1272358559401826 0.7521603212652976 0.15346462654829868 0.27366580458301415
4 0.051314441022174556 0.7537920977084928 0.10262888204434911 0.24235492336087708
2 0.8449328263322704 0.08376608338302304 0.08061661985008875 0.11069868552119733