0 0.4415407096714671 0.6280728438218977 0.36876993071528025 0.2589037104678053
0 0.39318982109492684 0.4530432270457266 0.3662120391004351 0.25637388407529815
1 0.3243130759718325 0.31287449030996695 0.3389386228809954 0.2046333124579174
1 0.4623405317176382 0.765721975784434 0.31816739904023666 0.17958700901016628
2 0.2955923693812652 0.2011637450850934 0.37949591657438214 0.20196728420746465
2 0.51836693754437 0.8549060223347801 0.3588787381946223 0.17932482691356016
3 0.29439228870999823 0.10766570556241573 0.2873186542010964 0.14682524614623263
3 0.5630834586847284 0.9171438402381734 0.2784126156685694 0.1200049977379414
4 0.3115900263367125 0.05825576836026633 0.23794848621404455 0.08673931391936297
4 0.5927302804469456 0.9498426129827767 0.21871771698327544 0.08573147201007376
5 0.5719733557088931 0.9735406346757577 0.1552934442172817 0.05291873064848464
0 0.7708570184569961 0.40216062345438897 0.31637973473038655 0.18907641338689002
0 0.8006256026634875 0.5115305126447469 0.3066103046540029 0.18616864627839919
1 0.7419822664054299 0.2880460320756693 0.33847648649799866 0.19742177399637886
1 0.8376354648110294 0.609637052497841 0.3247290703779413 0.18299869707330188
2 0.7077911035437434 0.18443379779260446 0.41105400749638005 0.20841271961775204
2 0.8381199710509137 0.706420799844993 0.3237600578981726 0.1967816511837888
3 0.6728135718687 0.10593596788626311 0.32639637450663084 0.15845631458019577
3 0.8673350970412026 0.7792920658923445 0.2653298059175947 0.163904129700478
4 0.6486372063776019 0.06513868419985115 0.2684282589090499 0.07635782625272726
4 0.886842595380073 0.8329325627089267 0.226314809239854 0.13772400410477667
5 0.9013113332197528 0.8918267934781576 0.1973773335604944 0.13748226524673868