0 0.5063897851875226 0.580206436446198 0.37827725934341205 0.22931166169234588
0 0.5378073185190239 0.4053680320569958 0.3782772593434122 0.22931166169234588
1 0.5068693550564508 0.7277282234003487 0.34522877304872995 0.16837617049315795
1 0.581126529304485 0.2661676512989688 0.32102221821232746 0.1652728765451167
2 0.5029109258798692 0.8357963831542963 0.3833541249143862 0.16468759465617785
2 0.5691237718851844 0.16336182491894025 0.3699901477616264 0.145107101528311
3 0.46465978402397706 0.9196733299841521 0.2932857041191609 0.11168881336630622
3 0.5645511862080338 0.09152621942123369 0.28523369916791685 0.09945974825881695
4 0.42471067587230354 0.9592190125266928 0.23927497563162797 0.05973920376772723
4 0.5568436045276369 0.04736981708246763 0.2183127334387772 0.06872508536833634
5 0.4461184213013424 0.9789872294298998 0.2003596972589365 0.01782464746105024
5 0.5960362928385753 0.02452424589426793 0.19376999200649217 0.04904849178853586
0 0.340364543949162 0.5358586972414272 0.33494101524158093 0.15848100676009536
0 0.3644194788375537 0.43200369917010606 0.3400848941451554 0.16342858862662665
1 0.30163439219078164 0.6437391332200347 0.29905141623182974 0.15983568122264885
1 0.3458775561484791 0.3197923225129514 0.3397487075492732 0.15862089631893433
2 0.28694270197086286 0.750920121404447 0.4003491412892504 0.16758105426596068
2 0.3184178920271196 0.21503729104530359 0.28809128523291605 0.1403251328742015
3 0.21864348319189386 0.8356713779770466 0.2191026599458124 0.11432821751199367
3 0.32326732767607724 0.12853380189655178 0.17242102323508873 0.09857618977994614
4 0.22690588474878434 0.9062001432287008 0.2137906877442967 0.10697678949161607
4 0.35262599809101963 0.06890515094341618 0.16352855179413886 0.07432789390322608
5 0.24534672747251823 0.9512437171370022 0.15050076123726142 0.05955509308305169
5 0.3798582322903626 0.029247325050417057 0.16336045849619787 0.058494650100834114