0 0.41403344842352013 0.47907535852344074 0.3789022140344332 0.25416867413998073
0 0.3546803952254824 0.6542619897565208 0.2919861188797363 0.22546998602483725
1 0.4183917551179461 0.3162024927894463 0.3681539285703422 0.18847993101607585
2 0.4306539285703422 0.19358176132145738 0.4017238561428027 0.18641937810358902
3 0.4541739822673208 0.0970844235601691 0.3383846703289461 0.13324062472128456
4 0.5027185408340423 0.05903971283941213 0.26505246628346935 0.057642358984305996
1 0.6459687262711585 0.4271956485089022 0.36085847152741807 0.18308356598083966
2 0.6775665671810559 0.31215432636564605 0.43537770229664885 0.18916651749879448
3 0.7358794511727644 0.2148964708900512 0.23510320429494713 0.12961067460084605
4 0.7200926973021706 0.1355941254349632 0.21536892357586404 0.09919472681457481
5 0.6964169730267754 0.08565307205415075 0.1449021178818544 0.05023499301241863
2 0.258166541577384 0.900828263878597 0.0923951361134746 0.06755267506171127
0 0.6997703627588389 0.5528087004921983 0.182176629619639 0.12288989511167724