0 0.5951887229611736 0.5661238346840917 0.19660109763015945 0.3466619570820365
0 0.4199528267926906 0.5652201881971005 0.19179340532246714 0.34652206752319753
1 0.736503457679017 0.6040294280009385 0.1239959668902027 0.3325443829302206
1 0.276189361451986 0.5874107487264075 0.12782416694875032 0.308645810950598
2 0.8397219184570298 0.6046275717166689 0.12075546218114123 0.3708660318329199
2 0.17463603749751871 0.5459472203952925 0.11276032992028735 0.3514254282638923
3 0.9208384599603628 0.5878613446830384 0.07484160233922064 0.3047031796495227
3 0.09854552898621459 0.5277527610290245 0.07587415934426439 0.2711192782750961
4 0.9606712875707035 0.5530883820584801 0.04104492249144497 0.24129389751706903
4 0.04985437818185512 0.5147635520840476 0.05267235636101782 0.23202823679878185
5 0.017295276280060525 0.525533025559854 0.03459055256012105 0.21513136894243948
0 0.6011697073416938 0.15417897080686413 0.13464390851063093 0.2992402606734719
0 0.49069073348968517 0.1549925845063154 0.12012288236263959 0.29641674584310873
1 0.7144443242472064 0.14779954351703078 0.12762826849892134 0.29559908703406157
1 0.388059968061159 0.14647622835352253 0.11811083310845127 0.29295245670704506
2 0.8179831650779124 0.1756729013647072 0.1231593083349874 0.3513458027294144
2 0.2855536842354969 0.1551391209880158 0.11379288692533124 0.3102782419760316
3 0.8943185466515028 0.1780626584048973 0.10839749926815209 0.30327856040754964
3 0.20777150652269744 0.14521722232397136 0.10501416086516159 0.2791701540896686
4 0.9465175174617169 0.19335079633459118 0.0937336394262315 0.2380249903566059
4 0.14421650728314603 0.14346498974781913 0.09324389330165908 0.22600575958737512
5 0.9735026360344963 0.23818453590463395 0.032123362737345604 0.1401924694966916
5 0.07421112114686423 0.15270492681252337 0.10609978262610484 0.18796388980235373
6 0.9656360755199486 0.3428567607660709 0.036200526001621824 0.06347922691187308
6 0.05051139175216109 0.2448204732322918 0.10102278350432219 0.14497443815080102
7 0.03607913878355149 0.30756527996026006 0.07215827756710298 0.09111059585431255