0 0.3593405851001056 0.5693165394141116 0.4386828772816701 0.2604256225722284
0 0.34342943962671413 0.3699356028487183 0.31284343570734935 0.23056519246529833
1 0.3220466057649954 0.7409379703489176 0.38585167164280254 0.19076675065034665
2 0.30897424348905306 0.8739595686183474 0.418833964537192 0.1731034344957037
3 0.31282801565330803 0.9583015362342429 0.35415141644395776 0.08339692753151422
1 0.5856607755254358 0.7074686352328228 0.3998550277787189 0.17941928548517
2 0.5849434206484525 0.8314346535569133 0.4548916568448842 0.17478284850583903
3 0.6325967933994048 0.939711317521154 0.26646827111313126 0.12057736495769197
4 0.5956424202328333 0.9904011850213533 0.22747253329531603 0.019197629957293297
1 0.24962985941977683 0.1946161471642674 0.11600275889832436 0.09180062543688508
2 0.29332264051497847 0.08107888719080071 0.1519765070485846 0.0910761932931741
0 0.6587033754113839 0.5808518295443874 0.20173231327414953 0.14139233505027746