6 0.9724326598678417 0.4267551424830583 0.026108616728739466 0.09062324067171897
5 0.9527832695240381 0.39167250329671255 0.0593708119006411 0.07614962376597176
0 0.4101234606635679 0.6378415440096865 0.22742227174305596 0.3878926439587967
0 0.5944093424147431 0.6338737582252599 0.22255862929508569 0.3851526112090683
1 0.2507142876159717 0.659199309422495 0.16425087005972253 0.3546760643661736
1 0.7457677248966341 0.6480694052263204 0.14440464928589783 0.32688901029033673
2 0.1302422292222751 0.6628138752946692 0.15558663782906013 0.3948690757897935
2 0.8464505175958329 0.6153818155524158 0.13115652530865418 0.37636121973345915
3 0.04259380932970066 0.621150327497284 0.08518761865940132 0.29999296268687586
3 0.9123055161344014 0.5790549499814417 0.07128216214551322 0.278576980582872
4 0.9513265559987176 0.5577059812100382 0.058311778991560134 0.2368711294777817
0 0.42334863426591846 0.4316991013217113 0.15150428746688066 0.3225855978764679
0 0.5376152517840274 0.4360777637431457 0.1415532020098292 0.3074901477616264
1 0.2985164846867518 0.41574671136723396 0.15905152677008572 0.3375129546933682
1 0.6491423223066236 0.45471140978971597 0.13350241144412406 0.27092817556011073
2 0.17910647401928384 0.4254549392729941 0.15379824321826957 0.4211432901841602
2 0.7444299462252134 0.44692801813531374 0.11348834024946577 0.23592958302273553
3 0.07322634790854671 0.37109978751461387 0.11874363367938055 0.255496538849387
4 0.01961940539556612 0.37900073248428695 0.03923881079113224 0.20511684958395848