0 0.3996946966426763 0.4255610111816002 0.3714591291314099 0.27029349953017945
0 0.3647206193039803 0.5988559495785906 0.3708715200293853 0.2534665764532563
1 0.40858894779166705 0.27439193234351483 0.3400107064048615 0.1935884379271697
1 0.30721907526060016 0.7270601315115344 0.3324633913135946 0.1834265956033404
2 0.4364048964145724 0.16804038111525368 0.3737484967161397 0.19854242005375797
2 0.33129567933896725 0.831318347599034 0.34845087281619685 0.16066320205124995
3 0.4861339977672633 0.08986158698937517 0.27773200446547336 0.12653462369013038
3 0.3374006765480465 0.8980616508229887 0.27242064721318854 0.11174724162809031
4 0.523450852436437 0.056536183223906494 0.2415598335886646 0.0518691031020037
4 0.34911083556042277 0.9423327207243681 0.23337149964962547 0.09200587743946187
0 0.5598137360127736 0.49915438654468347 0.33967492977513314 0.18397305331178515
0 0.5297198574721702 0.6017180159726938 0.3348672374674408 0.18360874817282197
1 0.6153158874836258 0.39369566678853735 0.3356227348843295 0.20524336355743736
1 0.5380455453143891 0.7083980095893325 0.33221155884129827 0.17621505714180194
2 0.6313644378095966 0.2792218142513298 0.41950551779664874 0.20440716502775397
3 0.7148313294735659 0.2011893099443472 0.22560288649774662 0.14416188254615106
4 0.7115079271267774 0.12381085159756634 0.19300977997883323 0.10333236068135218