0 0.27765954892447264 0.4180560807924035 0.41017250006524464 0.25700720154570267
0 0.3167010883598144 0.6073244542936798 0.4030449057611382 0.25928516982747046
1 0.2278159690026653 0.2634336800684322 0.35982908473765524 0.19126416957799997
1 0.33567241699006617 0.7722186919309519 0.3356227348843296 0.18603688436337945
2 0.20687578221157002 0.14535150349512085 0.4100580214961282 0.18493377622101093
2 0.4077496590655452 0.875577993254159 0.39281137763204466 0.17262083041693024
3 0.2197725970950272 0.06749923888462425 0.3352564238429168 0.10675192057714909
3 0.4500153894844014 0.9457963967273747 0.3140415292454619 0.10840720654525061
4 0.490728152990764 0.9763899444294584 0.26626984838658285 0.047220111141083265
0 0.7774229836580185 0.45440686438039657 0.3400107064048615 0.17410157217553418
1 0.8194406601939892 0.5692818849845206 0.36111867961202154 0.18413654969784715
1 0.7388545747555848 0.20989198863135158 0.33263127962845884 0.16916800199576348
2 0.7182081925155018 0.10022327359650177 0.45083946195408064 0.18324323800894293
2 0.8226152709705664 0.6824514710234075 0.35476945805886717 0.18443026473269697
3 0.6925747919858308 0.054130603766496525 0.3611111224332001 0.09038654969784717
3 0.854300258963569 0.7695144236955295 0.2913994820728621 0.1689582055422993
4 0.8762859181837549 0.8418815640550711 0.24742816363249012 0.1343812549932109
5 0.8935611816901174 0.9058562225214976 0.212877636619765 0.14100536338504974
6 0.7954557103000748 0.9363989978718968 0.12097833952088084 0.0934021590901026
7 0.7434944806472124 0.9619182011689623 0.06417888314864174 0.04916786463493686