0 0.34868427253670187 0.4034779570454589 0.389994411698795 0.25662956792946734
0 0.30417641450841737 0.5820129414358133 0.3752774871009747 0.24916627372377184
1 0.35985866446383336 0.2471440384640733 0.3512920903184126 0.19109633241522866
1 0.2409499756084433 0.7188372721047489 0.33628131804584893 0.17642149974799481
2 0.3899475357124832 0.12771308129641396 0.4046664518276001 0.2040386675797017
2 0.25091636279791285 0.8279605163605919 0.3793546503652508 0.17236907467277346
3 0.4424097316760489 0.053930867883121944 0.30748822895559447 0.10786173576624389
3 0.25999711681971016 0.8998661045225123 0.2782502782097828 0.10814874375436727
4 0.4907539700497657 0.017243786215037173 0.2540689829773917 0.034487572430074345
4 0.25958287768554483 0.9395085864156274 0.28507001977166346 0.09865923701106119
0 0.5121009265292253 0.46067891983380743 0.33868516419969513 0.17646345903868757
0 0.48470974910916503 0.5728563792492356 0.34148080725319896 0.18612080294476493
1 0.5861712054994567 0.3524909465575616 0.3033131164664039 0.1926609927552181
1 0.500244980171135 0.6926920329706542 0.34859439648982316 0.18384283466299733
2 0.6018859744374869 0.2321098220571361 0.4235054241587116 0.1947589572898597
2 0.5006939319701342 0.7995792682354222 0.34329695805755844 0.17173968531238104
3 0.66911406961133 0.14445943931531455 0.24336797660106385 0.13636550824012872
3 0.4958678875713766 0.8885425555730765 0.17969258590209045 0.10642841283596137
4 0.694889084820302 0.07194544143834805 0.23036925358268853 0.112117250248203
4 0.47543928540712643 0.9477514810225034 0.18141078748153547 0.08964344904973104
5 0.45984081778507613 0.9768493906128142 0.13098308300666572 0.031111955543566914