0 0.634639987636506 0.45951027578979137 0.3652744143857332 0.2246204226071025
0 0.6228847999192345 0.6426758962810959 0.345959731307831 0.2159516635897115
1 0.6664922122729386 0.30673910598523413 0.3501800266855937 0.16583519949790537
1 0.640451277848536 0.7871619629907946 0.3163024102727263 0.144054294294394
2 0.6691066851099309 0.18543595150074413 0.36918702565734196 0.14806165082298875
2 0.5924714121946206 0.878561910962827 0.3592639569358037 0.12089073285275458
3 0.6473470410199303 0.09115742516759225 0.29184437949860087 0.10617507629188598
3 0.5712275526979776 0.946725152583772 0.28203319590657305 0.0886195429370367
4 0.5502773916662996 0.9815745344772965 0.22397726154335634 0.036850931045406994
5 0.5812057219189571 0.9987388656302435 0.173440549747832 0.002522268739513086
0 0.24757879994370888 0.4337894813340269 0.311578631812167 0.1509015276169693
0 0.2426024378764369 0.5513047140182661 0.3138705928365028 0.1414682955710664
1 0.2465315609851767 0.31702079030300695 0.32362583386377547 0.15421613661822337
1 0.22453079273371032 0.6570007998780489 0.33553317950349576 0.1455115148502467
2 0.2550857210008403 0.20218263262683628 0.41013632411985934 0.15836978296571397
2 0.20887697938601862 0.7616771152303902 0.4004090543749644 0.14802578807240308
3 0.2657779999877628 0.11036316598168563 0.33544926565636296 0.1382999763887082
3 0.21881319168343172 0.8382179556392112 0.3016835343730063 0.1261344558005814
4 0.2808723876879023 0.053763773706267386 0.2555629169318877 0.08421201851889314
4 0.2206156552661593 0.8900828005163851 0.23890382154923026 0.09736002745559894
5 0.22951777218091493 0.949893921004117 0.1765436779611183 0.10021215799176603