0 0.6771746016406617 0.5760176722368378 0.36229975994104263 0.24499489325329563
0 0.6770265177598067 0.38893469834370215 0.36179583898639794 0.23537950863791102
1 0.696117634726614 0.7301827400685986 0.3614281198896988 0.1826911174958103
1 0.7141278276442828 0.24467954985718074 0.32221069999619306 0.16512845269249862
2 0.6879305796172642 0.8503504701390713 0.3828107747969916 0.17964944337074995
2 0.6749938411086764 0.14285938156007844 0.36687593500998095 0.14962594406950813
3 0.6555893043500761 0.9242072953152528 0.2888292575582379 0.07623530024386091
3 0.6497057988028876 0.07491386128117199 0.27301017639060415 0.09409249977702762
4 0.6367468270533401 0.03493148575710339 0.22848114323476174 0.06652200187330204
5 0.6764783895207742 0.014792038799727146 0.12891560901778013 0.029584077599454292
0 0.26948093970570053 0.5586006878697904 0.31790692864314557 0.17435138882285395
0 0.27412521570361154 0.4399292172400128 0.317403007688501 0.16473600420746934
1 0.250350596665382 0.6772475808777328 0.32954821869639284 0.1681209715738889
1 0.2624464895792441 0.33224670092322256 0.35080489336502474 0.16267545129498237
2 0.2489971393015873 0.789615099759123 0.41393479455833054 0.17979651236959443
2 0.2582312623937374 0.22878320418658063 0.39647797028810167 0.16640371190276107
3 0.2587810510363953 0.8841745743510168 0.33132216365693323 0.15629796504717264
3 0.27583451014119575 0.15009410908087165 0.29185278328610553 0.1339276079361688
4 0.2675622316715561 0.9365686291293455 0.25833513899020466 0.08810746201424717
4 0.2886249547713197 0.09473211304298784 0.2451718644537393 0.11096857809762083
5 0.2964187367357597 0.049598057688577564 0.19569893713225933 0.09919611537715513