0 0.6229141871927861 0.4067033628911786 0.36424090899888795 0.1960299025949994
0 0.6295115691537556 0.5870967226563721 0.3594332166911954 0.19594598401361388
1 0.6424564329945425 0.2559384871421335 0.3361682083098391 0.13791800199576348
1 0.6609796424679272 0.7273440890401367 0.32023229170529205 0.11603163086699116
2 0.6331019849674746 0.13937292832594145 0.38133700533909287 0.13150369005738877
2 0.6241820036694299 0.8206474331956846 0.35064182521558634 0.104557870876767
3 0.6049957776121256 0.04720248501910001 0.277517880812555 0.08887601523290525
3 0.603648231396397 0.8883956980556516 0.2758369478331436 0.06483755369444374
4 0.5680641121484273 0.006873134367181603 0.23228207045070093 0.013746268734363206
4 0.5835852323508871 0.928457772855695 0.23312253694040663 0.03768193806035788
5 0.6103384566477419 0.9496518156880356 0.17990173495990902 0.03195114135742308
0 0.32620728049072734 0.41428918144558924 0.3140293130314004 0.13032882991798955
0 0.3365955582967772 0.5284299144625888 0.3016738956662873 0.12531134115683293
1 0.3049176483433992 0.29913534215978443 0.3212408514929388 0.13045470779006793
1 0.31385953983413944 0.6335217132885569 0.31302075324375356 0.11590575299491263
2 0.29958920279195334 0.18851645979216852 0.402971620723708 0.13188132367362423
2 0.314825796314081 0.7333862268999043 0.3756888465416947 0.11940054070677228
3 0.3075406877442967 0.09571662712493462 0.31234838005198906 0.10629036837952797
3 0.32227244140616107 0.8054596522245959 0.2689110559848171 0.10313125499321092
4 0.3068600778775671 0.03817390671886605 0.27237400190898037 0.0763478134377321
4 0.31892704879726863 0.860873991635136 0.23150861729359576 0.08327109640204902
5 0.3500958019804976 0.0023530738021617097 0.13769160396099522 0.004706147604323419
5 0.3256172740486136 0.9221301092675203 0.16917671059153688 0.08458400099788167