0 0.6319965004967488 0.5888193250698559 0.39401370871118174 0.2516457248711565
0 0.5887087722552642 0.42183482398375916 0.38927596118290897 0.25390968146616355
1 0.6983084909751122 0.7216475047193787 0.35373360598473597 0.1880266084004443
1 0.554568925736146 0.2803355142410153 0.33450283675396675 0.1874670501650882
2 0.7371989468492945 0.8200524456414404 0.3823699254926314 0.18165440729193977
2 0.49043808524657895 0.1811961531350486 0.36526322329803035 0.17154940922061876
3 0.7360762172879179 0.9052840669338498 0.2944325683657797 0.13105947215591457
3 0.4488861146637907 0.11513821812078054 0.28927515216098965 0.11890035182784467
4 0.7266228327942906 0.9518443154264619 0.25237812250026326 0.08900502629039818
4 0.4248605149521206 0.07360835810091058 0.24530647359756394 0.093602884259832
5 0.7369726375935801 0.9701941279916257 0.2303238384391308 0.05961174401674841
5 0.4215473866658208 0.04228841332149107 0.22290246563933389 0.0665310735527487
0 0.2364681397560542 0.6565703871528503 0.3198699254926313 0.17983584302703276
0 0.20567639391294554 0.5475929452664489 0.3149922884055195 0.17729210731434747
1 0.26478609466589725 0.7630740381059857 0.31492234362609994 0.17488826116050132
1 0.16915481180289949 0.4480560260468835 0.3174660793387852 0.1797658982476132
2 0.2977718523245935 0.8649098863102681 0.40167063950282006 0.1846178116811419
2 0.15663671884160524 0.34801663154459006 0.2980254757697574 0.1719948015507186
3 0.32977838307141677 0.9263072447570119 0.3313295980265061 0.14738551048597623
3 0.13269392573614602 0.2680602054528914 0.2541966867651706 0.1515050262903982
4 0.3596737086088633 0.9632392468074482 0.2667312546439208 0.0735215063851036
4 0.11047764155325623 0.20616759790474865 0.21270179913501036 0.12868134965565117
5 0.4013434581875722 0.9920375664371007 0.1881994477941951 0.015924867125798634
5 0.09306904967805876 0.14441487991544494 0.18166163347326889 0.134983605984736
6 0.5235898881366285 0.9826412648961017 0.0735142802037748 0.03471747020779667
6 0.16424017977128 0.11406130022110712 0.17678399638615705 0.1324398702720508
7 0.5708495844234359 0.9967017560952895 0.05111027224554476 0.006596487809420801
7 0.23177056824402223 0.082400880280717 0.08595317964952262 0.06494806727968284