0 0.6010374241595616 0.3707282221370345 0.2714188543358978 0.42063710909503993
0 0.4277377054605766 0.33982921036715114 0.25162858370235075 0.3953662838685868
1 0.7518363052386748 0.3886675888633311 0.20276835866153867 0.35863152849476154
1 0.31895219181159173 0.21838655507283328 0.12634481324476518 0.16891401081863905
2 0.8714131613879269 0.407407623505691 0.2111548500689104 0.4095744341085276
2 0.22162540259001057 0.17181780358917512 0.08905621785096166 0.1137187135190393
3 0.9364279028832795 0.45004637332821973 0.11091865355288497 0.33114318559218575
0 0.5295334713310359 0.5553299565834668 0.19354462502809858 0.3748422697276887
0 0.42080189794423034 0.5346947942896885 0.18856908229957298 0.3673226403441525
1 0.6365875454485572 0.5964748339154369 0.20791175181089783 0.3733626963398363
1 0.2969468659418264 0.5966376512621737 0.14177499269284202 0.21310751435386358
2 0.7463252164213136 0.6254464350171772 0.20701855944455178 0.43811249703268373
3 0.8260697556722215 0.7055454278047512 0.1425023445164532 0.24435751435386358
4 0.900449111090758 0.7067796338983989 0.11304073912724387 0.21606666112956838