0 0.3647697979537927 0.3868254309455474 0.39905992692889075 0.22250059444199538
0 0.34698764832883183 0.5686096632356753 0.3644260241108862 0.20430238221627006
1 0.3762741702748238 0.2304774817206329 0.35441432375175247 0.1559316114646037
1 0.20064602497965142 0.713664820591333 0.12042490680028703 0.09124002433435517
2 0.3989695790662521 0.10844658098945822 0.4023512387337958 0.15548674980904648
2 0.18480028014211716 0.8210277713371448 0.08833485823100841 0.0755436074873904
3 0.4269164129909021 0.03182343340186349 0.32885948171050355 0.06364686680372698
0 0.5558992757254521 0.41980590295531883 0.34437891485172867 0.14832827610340737
0 0.5346158021532665 0.5381820598432671 0.3316596436080989 0.13581929920960434
1 0.5915358221732746 0.302043973794807 0.33744739257994966 0.15284212073635633
1 0.6087742799900833 0.644275760808633 0.1983280403875223 0.11120132260854049
2 0.6259704455441741 0.1843310192467524 0.4115465990645411 0.14866700824716583
3 0.7001503887714201 0.0841836971059214 0.2271741942336763 0.11237671330751389
4 0.691269485866539 0.023936475724529314 0.2010356112720183 0.04787295144905863