0 0.4146610574730133 0.6177588884925331 0.23777259442384613 0.3787743925996963
0 0.5927344726231284 0.584272062997315 0.24255231639590874 0.37399467062763353
1 0.26893467664121024 0.6690857603760976 0.17984253887868687 0.3375733639567565
1 0.7382161130181724 0.5750124988060583 0.15813799765499736 0.32542826667719255
2 0.14983940326721465 0.6878068723367761 0.1753145499272905 0.38562231669805
2 0.8286050842241622 0.5324207473206959 0.14873239055683468 0.3614300183136257
3 0.05615393923268008 0.6715393559724449 0.11230787846536015 0.2867289803628026
3 0.8889739488427045 0.4851961181253259 0.10017997177420859 0.27941954572656047
4 0.9275613538145762 0.46333774005567374 0.06866425358572752 0.2335646616218912
0 0.41811379121296915 0.4374564417862568 0.17031106527019105 0.3519405002085743
0 0.5239949033247183 0.4176103251716365 0.1630855416408378 0.3494946985512837
1 0.2919538236394905 0.4309791246349951 0.18931807181592356 0.31359084308955415
1 0.6240551998173518 0.3653472483996301 0.1581659679906272 0.33023595898488484
2 0.17164264202075702 0.45211107533342726 0.17066069446556098 0.41203665405472817
2 0.7145840227014895 0.2987170353758061 0.1557341515011512 0.3254142815093778
3 0.07095381433160709 0.4058234523816487 0.12649641295618322 0.25793876718790787
3 0.7953156537886502 0.26339276302324116 0.10206636671890724 0.19049122320206757
4 0.025477331113086733 0.43734616315403724 0.05095466222617347 0.21184613523038712
4 0.8505481746558525 0.2726864887788854 0.06338106557233221 0.1518059220554924