0 0.513358456799934 0.44966329750768896 0.23724058996912234 0.39442825233804046
0 0.32058907162636524 0.4606467487636342 0.2194902811604463 0.3677901456690896
1 0.6766673741524504 0.4215032821451006 0.16875767945738082 0.3599912102776214
1 0.1731455490791133 0.4132394523331457 0.13473752226212193 0.2803006605297894
2 0.805441031698084 0.41819205344461025 0.16056934551834154 0.40074470976349563
2 0.06572796957292516 0.39034612924153794 0.11008091720995149 0.1935104574499294
3 0.9061087656086101 0.42778030884293133 0.11229399971487006 0.32569402462909025
4 0.9604738414153187 0.4548659560299239 0.05739472455188459 0.2673863487244752
3 0.014430685051298167 0.41490121743867125 0.028861370102596335 0.14230243487734248
1 0.6138926153966912 0.6696720052146813 0.15657056037328587 0.35504366155804096
2 0.7349090974574775 0.6819018626670582 0.15900494093881626 0.42475520001957945
3 0.8440589698580551 0.7240539262718128 0.12112335250168152 0.23448772719482436
4 0.9231912997472402 0.6961168391029311 0.09906901632990585 0.22221675488419543
5 0.9665177698010291 0.6605486442368469 0.0266712648305406 0.14448251077216767
0 0.4866261231460248 0.733121344684892 0.14398659583609386 0.20111359386475441