0 0.41139999371863706 0.3102112505585582 0.26098776411648994 0.3809405573571728
0 0.5922281711070554 0.27886568111233484 0.25618007180879754 0.3807166354891548
1 0.25664625315933215 0.3210385000329086 0.1943178997800117 0.3562829967543142
1 0.7352326380051495 0.22756491029163134 0.19574062472128434 0.34437572691909235
2 0.1508278671464312 0.35492289590946796 0.1874496545598325 0.38948899917212426
2 0.857166386258254 0.2580805363658776 0.17724559721690378 0.3818296169745497
3 0.07925200001492051 0.39445137717143963 0.12043649698199509 0.33128955334942845
3 0.9403573419612973 0.274650576450259 0.11928531607740539 0.29305193675590796
4 0.06203243008688519 0.44954556403905926 0.07147676317983889 0.2595627180757276
4 0.9757772062977755 0.2951359352976082 0.04844558740444892 0.2506190990643971
0 0.6202632634326524 0.7553310437769138 0.17714768346172932 0.3219573849964139
1 0.7321402217077557 0.7513267834224179 0.1859290158633852 0.3415240370292102
1 0.39130900772364074 0.8178739466834803 0.17552873427794202 0.3314608086777895
2 0.2841662072568073 0.8059733047029537 0.19108000141243675 0.37528984411706534
2 0.8443360939684663 0.7364492349086097 0.19063839768373742 0.3992163447215179
3 0.19752963359708844 0.8088019752503551 0.16395110723741063 0.30697450340329185
3 0.9228674181930763 0.7263530454326654 0.1542651636138474 0.3432561175790022
4 0.14739215760767843 0.8449189619523996 0.12970858835602045 0.2981955118656271
4 0.9628006384734749 0.7137706960660422 0.07439872305305019 0.2506783934587494
5 0.9934496769350134 0.7001280317536807 0.01310064612997326 0.22417679137208943