0 0.4346519815893683 0.352449537279653 0.3876083118297887 0.2773683766473235
0 0.3946405631518148 0.5313368837639155 0.3923041190079705 0.2680049525092612
1 0.3253354503500656 0.6732744546505735 0.355547144640838 0.2060190950831902
1 0.45690028105566294 0.19734358104688754 0.33620449028055827 0.19539586855851615
2 0.28688873959503003 0.7799204362807903 0.38908910566517374 0.1981674338090616
2 0.5219011846325168 0.09892720140678264 0.37455414361258643 0.18779616776171007
3 0.2950932585809735 0.8648790340263453 0.31638632411985934 0.14390725741845772
3 0.570382849238601 0.04635408621280358 0.27538108309258674 0.09270817242560717
4 0.30890180935705713 0.9146669119444781 0.25821850462713236 0.1000183470752052
4 0.6000672994907691 0.01384428382619202 0.2385961374430766 0.02768856765238404
5 0.3056177098736304 0.9425001130717005 0.2484073210351044 0.08268750304363746
0 0.8344613375238421 0.6044993363621006 0.31940553848601283 0.1969178530417343
0 0.8499431128506979 0.48564004279501916 0.3001137742986042 0.18667256723304385
1 0.7985163724109743 0.7194327992921177 0.3434440000244744 0.19817765542834592
1 0.8625628841257331 0.37797599763622897 0.27487423174853376 0.1780752461462326
2 0.7528441375532113 0.8252547985613948 0.38911707694755127 0.20057127996290774
2 0.866769193862307 0.2767624986973682 0.2664616122753861 0.18237901749928037
3 0.7211474391004836 0.8918593779371667 0.32616953642950963 0.1588342552961793
3 0.892763961036573 0.19244402376440314 0.21447207792685402 0.16758822147950417
4 0.6975145611564973 0.9279749495545475 0.2724737538559437 0.08635115158409526
4 0.9153207866743353 0.12994913457404525 0.16935842665132947 0.13875228925263444
5 0.9210506892351747 0.07194187628508467 0.15789862152965056 0.11889161882855942
6 0.5306290667996443 0.9523555761414978 0.08220628103118863 0.04514871272986417
6 0.8749029425769924 0.04915810632359262 0.176487735396363 0.09573501896072599
7 0.47186070680111275 0.9662593996810038 0.04589684718209788 0.02162439376533106