0 0.5454518328599982 0.31927392843347546 0.25455931902754997 0.4049288678976834
0 0.3644229744038441 0.34942588195301966 0.25925512620573193 0.3955654437596211
1 0.6940567395216068 0.2898250878458518 0.1794526913283896 0.35054271126841824
1 0.20718083594475306 0.35920302247456004 0.18177262363510283 0.3434571530455409
2 0.8069256236228657 0.28613077444754154 0.18247190569454283 0.40355330689169483
2 0.11297015185083659 0.4179287261243675 0.170256875948669 0.3860964826214659
3 0.8984116338809075 0.30293725428589624 0.12626039183762025 0.32132883832556514
3 0.052203529292934196 0.46038930696158487 0.09724641029720092 0.3053939985385543
4 0.9468941405523059 0.3403126282898886 0.09925865849776071 0.27186613262336934
4 0.02257502160552139 0.4948722462860127 0.03659083080349493 0.25416756949510233
0 0.5379787775424426 0.8125714217362238 0.17439325747929857 0.3286561354064808
1 0.4302951980609739 0.835647208450362 0.1795086338931447 0.328705583099276
1 0.7731361313837015 0.7888597928173247 0.17212926773734039 0.34054938593705014
2 0.8774796688169885 0.775109163968316 0.18277958980069678 0.4299956145840025
2 0.32094816934335146 0.8351220140553364 0.18426038363608177 0.32975597188932737
3 0.9382009661900683 0.7401120820699592 0.12359806761986346 0.3217067790415487
3 0.23710725242370098 0.8584097049714731 0.1644422174753828 0.2831805900570539
4 0.9743285867037046 0.7407998625729534 0.05134282659259089 0.2914850641894064
4 0.17007927293978473 0.8809993937653312 0.13984433028936913 0.23800121246933761
5 0.11857839396754688 0.8955535617367113 0.11784608823384482 0.20889287652657737
6 0.08613961446649855 0.7960986753294647 0.07826569847720205 0.11941598302177261
7 0.05310029445964572 0.7439171728767698 0.024625858468391295 0.05174057161738087