0 0.5988751656878848 0.5921868666253405 0.4136625784593399 0.21145615324187153
0 0.5937571167420852 0.3987261993280769 0.34568251295988317 0.2014491839276726
1 0.6393197570919765 0.7582200732545026 0.3758063998569655 0.15116420704631067
2 0.6411852567192592 0.8879858100587507 0.4180670708385496 0.13699286314390016
3 0.6361671678059205 0.9687088458517051 0.34348082673671815 0.06258230829658974
1 0.377040149700869 0.7014282061759505 0.37703359292522376 0.13435126913720224
2 0.3795192458622808 0.8227874740256442 0.4539566698483007 0.13479879450727594
3 0.330593059654247 0.9306318995050735 0.23525720983097095 0.09988628325009795
4 0.3617672496802416 0.9800917514853625 0.22881912452653766 0.03981649702927497
1 0.6745133928179479 0.24781532801273148 0.15917459939759973 0.11145798864925528
2 0.6720342966565362 0.12645606016303768 0.14977784806282665 0.08016603314581086
0 0.3163644659533263 0.5725217558371631 0.1891974063293415 0.1284527337399558