7 0.46055629437082807 0.9897658789110519 0.04332517144048991 0.010118867698181497
6 0.5075221979616242 0.9735954389046886 0.06514159400669765 0.041620609239579935
7 0.8048339435844807 0.06875462040350154 0.0844562742443556 0.056267456421677804
6 0.8683540594798114 0.09926338142049494 0.16888457815308192 0.10772722053566326
5 0.627679542734395 0.9782064901704236 0.1996870527830082 0.03116777028349505
5 0.9162631605429569 0.12755010961909663 0.16669050951645767 0.14375694156097796
4 0.659069394412543 0.9538044019610532 0.2576590638316119 0.079916004137481
4 0.9110568909525428 0.19611566756846724 0.17620799795713865 0.12704190361356535
3 0.700137563961242 0.9184731209298646 0.3301800183136257 0.1504666810703475
3 0.8842789392326801 0.2541156593669286 0.2292324650199022 0.15169573336433426
2 0.7281663868453798 0.8520456819517528 0.39534958265595294 0.19689498261761976
2 0.8621898058940839 0.3324924009083271 0.2725995919638363 0.16902613952405426
1 0.7732249177397551 0.7505666747662285 0.33034784032740316 0.17931283491650163
1 0.8543978829682313 0.4323359301400753 0.28703665405472817 0.171597813372166
0 0.8098979574312986 0.6443778747613338 0.31111707109663417 0.17908906465748067
0 0.8309459971228417 0.5383708880918933 0.3134929469148505 0.17430934363216585
0 0.4005386616579545 0.5638104399451773 0.3908775343758158 0.2545313477451725
0 0.4520053852196669 0.39375188916909376 0.3836799810820921 0.2568512800518858
1 0.33005094638269483 0.6980350686725896 0.3520663667189074 0.19398765338097673
1 0.4744930958409848 0.24686553224307992 0.34000518044623224 0.1866362585075503
2 0.2946008075197967 0.8006041138055264 0.39287581066303284 0.1848477805660115
2 0.5387264552948702 0.15477813941391944 0.37842476340432624 0.17987226056405362
3 0.28931062692249393 0.8835927486779739 0.29642827598507593 0.13324816004013804
3 0.5727998564831602 0.08227115684524833 0.2843391193767712 0.12108907285901924
4 0.3046279532305684 0.9362955507271347 0.25531115834902496 0.08950341747048786
4 0.606691450489858 0.04405689330045606 0.24572374406926997 0.08811378660091213
5 0.29490068727266544 0.9556382050874144 0.23356466162189127 0.07002090669832019
5 0.6092281557379446 0.022317385606924645 0.21423599621641834 0.04463477121384929