0 0.47176125818450826 0.40100818665313265 0.3655564855616454 0.22443402460523415
0 0.45305799553018117 0.5844827487458464 0.36779248129465825 0.21729243092311526
1 0.4501296576170404 0.2452256895461509 0.34956680471079066 0.15670666362102473
1 0.42686444865197587 0.7280490425721303 0.32530454261121816 0.146391831211445
2 0.44311595452457253 0.13316706427462668 0.3902083887650643 0.14828034025577178
2 0.4508729252422002 0.8333857428380527 0.3657782762446581 0.13075396938465372
3 0.4761843340836004 0.05595134640708031 0.2976313318327992 0.09273782325321506
3 0.45875385550897363 0.9081847527249614 0.2855561509232907 0.08998425320227127
4 0.45892070099075777 0.952690878960825 0.24893895721282056 0.06489661997251736
5 0.4365587337825313 0.9788385231538653 0.19337074497297024 0.04232295369226936
0 0.6546483864287389 0.4496281930479559 0.3374916238012822 0.15395309357008102
0 0.6400834242768692 0.5586534691508583 0.33246013093247867 0.14419781939585727
1 0.6814284048408117 0.3325391793036895 0.3062416238012822 0.15304381143762738
1 0.6687037676838136 0.6725435205140813 0.30601782324017096 0.1434284268222426
2 0.688781828531143 0.22330406886252846 0.39496013093247867 0.14601638366076466
2 0.716582855391666 0.785791207035737 0.2986943844980769 0.1384109001762919
3 0.7341771646309294 0.13321692104592578 0.20908067512243605 0.10697678949161628
3 0.712136829117681 0.8734616468717022 0.18705440875587614 0.08952036339991747
4 0.7188608953415064 0.06782346143614307 0.20611732756581183 0.08286838317373521
4 0.6782861525338133 0.9326135461956926 0.16010854980106834 0.06711635544168769
5 0.6614582245178411 0.9727203775094562 0.16273619651602572 0.05455924498108763