0 0.4061327287838731 0.40948431593947343 0.20634078724225377 0.35447953027157414
0 0.5899780114657521 0.40856397010696727 0.1966974322912396 0.34928004106422417
1 0.24855493919661684 0.38143402632296175 0.1437708614031798 0.33991361965456784
1 0.7340059957632067 0.37958515437106494 0.12927785864102886 0.3273066935358504
2 0.12598675568609258 0.3812463081600172 0.1415767927665556 0.3758733627373456
2 0.8351283636546154 0.4113432525867025 0.10783903560582075 0.3600789966654664
3 0.038498104091374295 0.42094039221987056 0.07377961958534539 0.2889961690551257
3 0.9061746842873174 0.4370692931832173 0.07129186242461052 0.2744751429071343
4 0.953112617542484 0.44979661076135674 0.04480759922885834 0.2661861629715369
0 0.442037385600752 0.5911930412391946 0.13648939710256733 0.3276005412105937
0 0.5549692067441695 0.5873831932717121 0.12444219599770698 0.3223031027783291
1 0.3208389471809284 0.6199004515348611 0.14363100972503184 0.31587515811610617
1 0.665727937002685 0.6231388576177768 0.129138006962881 0.30326823199738884
2 0.2066282845376065 0.6104401710437325 0.12989320602487991 0.43307592430508113
2 0.7766055411876261 0.6793272142715338 0.11977435536816253 0.3461456658669616
3 0.11089399341820427 0.6786375866625391 0.1023880255786477 0.24930617513871448
3 0.8606562455653528 0.6683323602204625 0.07790203867011278 0.171403605966493
4 0.03871567554765306 0.6648818022227979 0.0637167095998873 0.21168129523239104
4 0.9194665653276947 0.6563090393077894 0.06346497657922093 0.1684120644631603
5 0.972360467555447 0.7041859737914415 0.055279064889105896 0.08888924293640835
6 0.9727271775330107 0.6201003330192834 0.054545644933978496 0.0816777044748699