0 0.6847164231277794 0.5737279436786673 0.4265634832822989 0.2548110605689484
0 0.6904519743928785 0.38520783393719865 0.4123923668365443 0.2594509251823751
1 0.7037854364523928 0.7313057375262896 0.3821706519844017 0.18702785646083697
1 0.72704936332271 0.2354849180457997 0.35775424972995695 0.1795366051755223
2 0.7061637285580284 0.8454464729104155 0.4201282694912955 0.17786001236349372
2 0.6909542349438976 0.11975066163146425 0.3928041001283597 0.16072540518041717
3 0.6803359896301002 0.9256256780345417 0.3429634537101806 0.12651213337901895
3 0.6752815772534932 0.049899266758037755 0.2976785391223712 0.08754711183468347
4 0.6442050855837933 0.9654116420824461 0.27313615662926505 0.06917671583510773
5 0.6474907934082675 0.9822945077241244 0.2569493563649321 0.035410984551751096
0 0.24748882684367 0.48215465131223634 0.3604100563611252 0.18437226876559223
0 0.26174848745696566 0.3646039456739845 0.352568616706281 0.17226912414922863
1 0.2381628387767278 0.6021651456690896 0.35775424972995673 0.1795366051755223
1 0.25222164700912203 0.25158121951964885 0.36699169362935796 0.17243695184349433
2 0.24420989023246337 0.7175497610537049 0.4226580958838028 0.18029182979971764
2 0.2597736901155238 0.14356198464964878 0.40798305848340366 0.17531630979775975
3 0.25121201509744173 0.8053181169514672 0.36155410012835976 0.16036177850950833
3 0.2678245433669282 0.06798068721538296 0.343341394426164 0.13372367184055733
4 0.254613481541293 0.8702219631053134 0.29817223845773166 0.1428076020907674
4 0.2776391199595887 0.026053235934963306 0.2668167014576389 0.048749917984613735
5 0.28047354573069916 0.9281799979802083 0.22669697665493707 0.10834258874797069
6 0.41957656124748116 0.9466152697938438 0.08183630623086202 0.09464508103608328
7 0.458410929615361 0.9757184738713625 0.07476096962726891 0.04856305225727498