0 0.5616135374676994 0.32583815702354413 0.21254852892069265 0.367755437604429
0 0.38214188535366345 0.34541813883453687 0.20425867223216143 0.3503820568190612
1 0.7155671546554212 0.2938387765537718 0.14819998338870513 0.33417331695175423
1 0.24449033123207453 0.3283387570952374 0.12262106724025411 0.30831332971847697
2 0.8307977245790377 0.2874992993725023 0.13654972476360946 0.3763496323040955
2 0.14881476296958757 0.36549078422809583 0.11608659184484858 0.35566164251747373
3 0.9237470566629742 0.3115542728779801 0.09494639585995493 0.28707888222341044
3 0.07682298320413335 0.38769120810472535 0.07765733640003479 0.2785922757755009
4 0.9623787820938741 0.3433134484275625 0.03673107056251286 0.23721629620225734
4 0.03178222963341459 0.41861418512462445 0.05069201110259309 0.23109767315760826
0 0.5196269373172033 0.5144131410651407 0.13494838893148275 0.3140317848735771
0 0.4092810824317787 0.5191863900305239 0.12983260570179256 0.3088597874269218
1 0.6330089617088321 0.5369198177300251 0.1492174203935608 0.31272085413662043
1 0.305808234474826 0.5473605665411833 0.12021722108640795 0.3081311771489954
2 0.7493178498594413 0.5137534174718326 0.13809017937359924 0.400388093842557
2 0.20447772386915253 0.5980980526591586 0.11781337493256173 0.30794902457951384
3 0.8439473829116604 0.5675832390461649 0.10536429079705883 0.22567179764029996
4 0.9157080944856162 0.5489885844003045 0.07707343757276365 0.19482196552984868
3 0.11964990391004182 0.6152907002833214 0.08841560527586144 0.14783795786981513
4 0.05815119940653504 0.6044016670898423 0.06003158781270447 0.15286366549757455
5 0.019852478291733405 0.6049854069571493 0.03970495658346681 0.13472581168369485