0 0.6161171359453282 0.3700102381463491 0.4060377409764024 0.25155597014832165
0 0.6356784570329717 0.5544764907991971 0.39603055946136007 0.24143666457829235
1 0.627730307867278 0.21161346327946734 0.3595361857849949 0.16996140277549776
1 0.6646857966641202 0.7047219862242238 0.34530900731174685 0.17401321365122321
2 0.6268304127519827 0.10084756984455251 0.39770387657178985 0.16476554813253777
2 0.6382842832973855 0.8253501139422035 0.3974100288970466 0.1575540096709993
3 0.5981128306521352 0.03585428452196983 0.309108481310125 0.07170856904393966
3 0.6127194284858656 0.9073907229599836 0.2870820690258518 0.09900028354663212
4 0.5643875676513243 0.005614681836080128 0.27300590453341766 0.011229363672160255
4 0.6023653345401805 0.948886008768674 0.24214770143307549 0.05586725463534656
0 0.17831919812714275 0.44474731412903307 0.3258823396311487 0.1681976794342416
0 0.18912832553256612 0.5622208250708417 0.3330938780926872 0.1685756201502251
1 0.1710668653400314 0.3258829097523096 0.3211725965483709 0.17034956511076543
1 0.1997415544881606 0.674886643704958 0.32308669657764477 0.15845631458019582
2 0.18925081561813356 0.2105034051773363 0.3665518257967045 0.16553165118378893
2 0.21737042345546462 0.7823668293153987 0.3275025919856793 0.14909289044213325
3 0.17135054121059373 0.1259227481477648 0.33702002737614944 0.14719296524293193
3 0.21378300631576075 0.8716870777236898 0.29105310277832913 0.13758780224683148
4 0.1797191182800402 0.06525968322763576 0.2738343828017483 0.12709055596081878
4 0.21522571231152776 0.9366539139968665 0.2517100212925607 0.11393750304363746
5 0.20353923913416533 0.029081121490924376 0.2011843675927764 0.05132174442426062
5 0.22731635992772328 0.9673370029228914 0.2085918045041437 0.05650737744793643
6 0.3341080830066657 0.015532240024012416 0.0639692383737167 0.031064480048024833
6 0.3248680276083214 0.9670424955648067 0.162526930681409 0.04449836829798998