0 0.4107362991624205 0.6227430637701926 0.2794339204225078 0.18649892710929505
1 0.42398384293278935 0.263061342937714 0.37357064700106046 0.1598907788742524
2 0.4137889284160157 0.1344275986368059 0.41773088424266724 0.13931921615491485
3 0.41478101485373237 0.04565314136533154 0.35360049124592624 0.0802281549556627
1 0.6770682989533652 0.3301502593795412 0.3888847303965133 0.13864781447158153
0 0.4464836348320056 0.4303804262612717 0.38654789757526775 0.2081915025122867
2 0.6854905571332316 0.2103496026691779 0.4613363016077804 0.1451340109876072
3 0.724549218778969 0.09966178425074847 0.23302145697506604 0.10622085164764979
4 0.6937364853401918 0.03654633270769289 0.2192037399111529 0.045900897240384805
0 0.7348358566532384 0.45269146802446636 0.20915108873454577 0.108065196398718
2 0.3754762100702887 0.8907149548447119 0.13278283168796234 0.07988843435779923