0 0.5855629523239104 0.6217414558991524 0.2141136652814835 0.35933384585170514
0 0.40583974390042804 0.6071583509013547 0.20881622684921908 0.3472866447468447
1 0.7383275745525631 0.6533123134037434 0.1555398145649457 0.3373635864395346
1 0.26464949078544886 0.6236084758024277 0.13552545153486106 0.3180209358662468
2 0.8585198822448709 0.6526130550130035 0.14940571757746623 0.3637639386283978
2 0.16692845703297157 0.5857063440534811 0.12026571605656916 0.3563845781530819
3 0.9504221667148957 0.6256183331920114 0.09915566657020874 0.2889929748385006
3 0.09979422094060064 0.5608505515530035 0.07376416086516156 0.2768059220554924
4 0.9894112047962097 0.6000702748847012 0.021177590407580518 0.2454300555451592
4 0.06179998636912688 0.5430384755002866 0.04747286715366772 0.221377608838883
5 0.03820229634278037 0.5539956348707423 0.038596191868583624 0.1804702687200539
0 0.5701135071653773 0.21308061716139887 0.1463692916051184 0.2892447078591671
0 0.45723068715952253 0.21614176620254047 0.13655800853990493 0.2843810748802156
1 0.6880978671536677 0.21720303624616613 0.149948528457938 0.31810484687313567
1 0.35067786259097616 0.19752634435562225 0.13812519613853608 0.322842613341754
2 0.8024274832987318 0.22014451000573254 0.1460672636434906 0.3997936606004605
2 0.245571834161639 0.18578062571392945 0.1353744375540472 0.3715612514278589
3 0.8921044101778978 0.23765590495043123 0.1287057099729803 0.3275943649781871
3 0.17298914565618964 0.20336893908160952 0.11703339163439236 0.27705765507615876
4 0.9548125790580533 0.25768302739149446 0.09037484188389354 0.2433478682510534
4 0.1260161964312752 0.2012378037001519 0.09834543328409474 0.2312866819783782
5 0.9863788689673041 0.2995755204861172 0.02724226206539189 0.17809439290183732
5 0.06606696642249303 0.20519320212629105 0.10389183492208759 0.190463252866438