0 0.6923474594358634 0.577675760456596 0.39949956098388795 0.24130151852798457
0 0.6748091817756674 0.3823014580316308 0.38004486988510067 0.2352614625323008
1 0.7262351692397704 0.7358370296163768 0.34554800279883935 0.1635473330777758
1 0.6696556648839054 0.21988779718601642 0.3314608086777895 0.16983459877332052
2 0.7256556591545921 0.8528086817304124 0.4078240809308213 0.16274482275605623
2 0.6151146548316356 0.11006495990572576 0.3972010479093555 0.14049402552744514
3 0.7052559279714233 0.932474136340402 0.3268704103834199 0.07127690646562822
3 0.5765081943115645 0.04188650643155241 0.3140147865364693 0.08377301286310482
4 0.5393572259336106 0.0061369050458580056 0.2614067595595288 0.012273810091716011
0 0.20490016160531077 0.6462836271544988 0.3383364643373009 0.16308519669477908
0 0.19552840427307747 0.5227166184229203 0.3236894655462059 0.15735323162109302
1 0.21770974676729982 0.7660137984638097 0.3429202347769752 0.1585855953090845
1 0.17676518419347756 0.40457348384302994 0.32128561939235983 0.157199186160094
2 0.17849063688857442 0.2863228859215715 0.3354847744474187 0.15331576661839538
3 0.15265748647862115 0.19756506430133136 0.2916557390081429 0.13852371755118342
3 0.25162710376838276 0.9506943980463974 0.3398972895587319 0.09368174915523862
4 0.13149373417252266 0.13141271295113124 0.25515020296441454 0.12659765102081444
5 0.11754152032796264 0.06610576923076923 0.23396343131583516 0.13221153846153846
6 0.2187533139273476 0.04074362217111035 0.1286947108222974 0.0814872443422207
7 0.2873452430487959 0.014479572202345121 0.0521601832409044 0.028959144404690242