0 0.39987799039457683 0.3913407964323496 0.35187048164300094 0.24983078676917905
0 0.2999404918269052 0.5564662345569293 0.19293341922678459 0.18121241471069774
1 0.4308580298415971 0.24062140191447673 0.34940734109480265 0.19694617138456366
2 0.45208107654204766 0.11933648778555171 0.38786887955634125 0.19963566415162176
3 0.4839238423366164 0.049783686014109464 0.32061385378830565 0.09956737202821893
4 0.5361400060445253 0.009582437915524291 0.24983537252633398 0.019164875831048582
1 0.6462195546241507 0.3237985574605556 0.30065865241382556 0.1791612285026642
2 0.6815857759126557 0.20751469892859917 0.41190734109480276 0.2013165971310331
3 0.7386689263226089 0.1136724156046635 0.2361433556016632 0.13152157198696396
4 0.7432296774198023 0.04774597475140319 0.2086933995032746 0.09549194950280639
5 0.7250362037922904 0.011658894114893181 0.12964306483402657 0.023317788229786363
1 0.1932392985337311 0.7124805679599476 0.07055455939395362 0.07441815080389019
2 0.1960283801019136 0.8069282111430474 0.10901609785549209 0.07710764357094828
0 0.6538986422368585 0.44186442893726396 0.23189546796401628 0.14320461616031246