0 0.40034123056639914 0.5275287256575507 0.39669458528108986 0.2434150292180903
0 0.4023014953542198 0.34023903494487256 0.3917190425525643 0.23578287218190808
1 0.36053487886009555 0.6917410572750721 0.3639339314935899 0.175777162329059
1 0.38667951017136737 0.1868734323203711 0.3422993161089745 0.17388437874316176
2 0.34468406842088606 0.8058785275861118 0.41156325344829064 0.1607525788447285
2 0.4302305015200854 0.07071949796987202 0.3920527335161327 0.14143899593974404
3 0.3703420692102556 0.888796509243448 0.3121663090364318 0.11607220575683695
3 0.4536275463234508 0.01658828253447323 0.2946679842761753 0.03317656506894646
4 0.39563739902686884 0.9357619532367529 0.28466094867884617 0.06808572667321891
5 0.3952457480449244 0.9525888763136761 0.23127278203173077 0.04182430696752103
0 0.8348509128786856 0.4631255916036341 0.3085895198148504 0.16853620256680857
0 0.8364464968156512 0.34303843855498745 0.3059059229596156 0.1563066625102558
1 0.8320813809349354 0.5821159762190187 0.30853356967457274 0.16613235641296242
1 0.8343244112412924 0.22807444174501587 0.30579402267906003 0.15149897020256348
2 0.8004936702151704 0.7024281492053434 0.36600207680576946 0.16156439469330436
2 0.8236489887777776 0.1198561428252865 0.3201051993215813 0.1479531336188028
3 0.812986467298664 0.7840989857891041 0.33687617225822647 0.14702145247621018
3 0.8401142458209935 0.048569189806090415 0.281363910158654 0.09713837961218083
4 0.78749330211298 0.8487020786623235 0.25234990589166656 0.12283370434301943
4 0.8548460534546474 0.007591295221866801 0.2470386623214744 0.015182590443733601
5 0.7624477380495184 0.8940744023047736 0.20080608399561967 0.07274413238618174
6 0.6289223762305013 0.9105542600588332 0.07088649140737201 0.056579738563105324
7 0.5743602615766018 0.9357189113312689 0.0532762663665599 0.021453727398005586