0 0.601404026587696 0.5498577688494966 0.41181460106251566 0.2930512559570121
0 0.5578847384076948 0.36715523953790474 0.3972236964451733 0.2778722976019682
1 0.6645219209959455 0.183790483771529 0.12866255386083864 0.11485002957211823
1 0.6500107198991655 0.7082698761453047 0.37508559797776075 0.2334692446847872
2 0.6665570880869983 0.8347288705091921 0.41349119387454397 0.23067723619567324
3 0.6620702234613346 0.9106389947133378 0.34741255386083864 0.12631423129028335
0 0.39805525632867506 0.5797338682471336 0.3676502892572016 0.21386053473803435
0 0.3765893107036394 0.46314221897595304 0.3434440000244744 0.19817765542834592
1 0.3905351916956689 0.7098565111514787 0.37011007797580286 0.21879420728438767
1 0.2682912050751773 0.3763262429119587 0.21810834463594314 0.16278052917181185
2 0.4023437957817535 0.8305578506080733 0.44722895387552314 0.23965249799846772
3 0.37356672807622976 0.9293623925834458 0.23194402462909025 0.1130556413730096
2 0.6489816769083923 0.07409542236523403 0.10906815795916049 0.08259218766282898