0 0.41948242513707873 0.37781411426047085 0.22896193779524834 0.3700996836078343
0 0.5956755039888344 0.3455294585653857 0.21220495949774482 0.371031364750427
1 0.26783028310651247 0.3838520609002142 0.15855095153951476 0.3399622527370368
1 0.7289969101849582 0.28928098462920365 0.14632188643202546 0.33169916783888864
2 0.16011184724966238 0.40894097882970115 0.1547224861436956 0.37319548031623906
2 0.828603774183943 0.3167159961566967 0.12057902653391285 0.35342422721680894
3 0.07115667773056325 0.45769296171965823 0.10646145238209687 0.2802572961648146
3 0.8938573442348867 0.3230568761682353 0.07747540897710409 0.2729258924092592
4 0.031305492416761525 0.49612398883490033 0.0406483240957971 0.2433289454071224
4 0.936414265383131 0.33620338671702454 0.06674090789100727 0.2336231167984329
0 0.4747544117580843 0.5380610807651718 0.1489355669241303 0.339121015587749
0 0.578762161215036 0.5096818575358986 0.146391831211445 0.3341030139927348
1 0.36303264855686623 0.5912148480385334 0.16569254522163382 0.33818933444515625
1 0.6838890271426996 0.5197641727681636 0.13918029274990656 0.333472086130769
2 0.24775295034138015 0.6049154630607554 0.15852522788593204 0.42148271268048415
3 0.16218085388800033 0.6871109828172367 0.1192757993785251 0.22623069035028465
4 0.08374110238061251 0.6831287269628918 0.08237876971779864 0.1942298971943019