0 0.6061414048478379 0.423951883935518 0.25165403845900347 0.3830422920357457
0 0.42655135489798535 0.4434125100014157 0.24435858141607952 0.37785665901207
1 0.7514631156366206 0.3690106982551875 0.1885666083893041 0.3461129596767094
1 0.28088788649148255 0.4490118594085696 0.17132009240545262 0.32119263646761986
2 0.8707262356415088 0.3596217200689147 0.17958061313431165 0.38166673102975707
2 0.19226635677154846 0.4948943499282066 0.15044074425330817 0.36332804508890004
3 0.9484945816706196 0.3841487701330947 0.09638126872929356 0.2932487875306624
3 0.13044378871481113 0.521729930765424 0.10806482517298166 0.274647919493199
4 0.09367278846534072 0.5607056118008913 0.07348787462389322 0.2199995807673273
0 0.6137698064474904 0.607211102701801 0.1688742869609135 0.31866281007511255
0 0.5064000393397546 0.624441520542918 0.1663445629349891 0.31132529137491305
1 0.737400046207796 0.6233144696082351 0.18325540459329767 0.3170148453532332
1 0.4000433785008243 0.6525522361956733 0.1665963186791459 0.3257483682979897
2 0.8486063586451116 0.5930518682789561 0.19231315184532058 0.4231620168384475
2 0.3113798894901973 0.7008385728691563 0.1498533141836086 0.3296741989350539
3 0.9405460258531424 0.6327578766981798 0.1024599063421255 0.22872288209279973
3 0.23488248876622614 0.7413413491974837 0.10866442182703609 0.17140851511647553
4 0.9841719105932623 0.6145928286863883 0.015124218280500274 0.1785145165779212
4 0.16871378059941763 0.7414826618650712 0.08466791957926738 0.17255255888371004
5 0.11100049326176355 0.7396610592141264 0.09162770229664884 0.1585074226766166
6 0.0803589029768096 0.7031675468807622 0.06645633990948087 0.09234377413615882