0 0.5032882958505768 0.5508691757086416 0.24547683437263992 0.3975080285741813
0 0.3150906526674771 0.5568529611354819 0.22663279172042322 0.3674852216424397
1 0.6624969618809167 0.5660492324388935 0.17581583589377148 0.35914757007798354
2 0.7893965281409394 0.564351826109552 0.17453810284284324 0.40929215271287045
3 0.8924004561691066 0.5451886301778232 0.12622607313537854 0.33415108873454547
4 0.9428306854172056 0.5081729180651544 0.051807922331488336 0.2619686907865605
1 0.6307838653619187 0.31829322196976356 0.1710081435860792 0.35881138348210134
2 0.7526823760249729 0.30259297196219803 0.17381518966840823 0.4331625209533909
3 0.8632928057681961 0.2601730043240779 0.12604150648750717 0.2288861378591382
4 0.9325253343272464 0.2792527135732761 0.10200304494904563 0.22720520487972687
5 0.9694152564496792 0.31614263569570894 0.01612048325241844 0.12790812604766963
1 0.16526226462198026 0.6127797292329678 0.13113484540841133 0.2675157696186179
2 0.052545150400910456 0.6543339603900471 0.10509030080182091 0.1751610559848171
3 0.009166602991373961 0.6168892183911205 0.018333205982747923 0.15033266793932015
0 0.5107678876425172 0.2728634883521934 0.16058635911372932 0.20977292194363978