0 0.35023280620154895 0.5575330809727365 0.4363857139449704 0.24763971205989704
0 0.3837289220830839 0.3725627936369157 0.4014995041031326 0.22821315047972066
1 0.3071517463156979 0.7232096658226213 0.3796499620353811 0.18723588452181764
1 0.2796666480818918 0.19520881327411316 0.11673874151688132 0.09679716387332679
2 0.2904198298832928 0.8529684100429618 0.4346303326518447 0.18274985107386554
3 0.298604065635912 0.9488767144048995 0.34075857020757044 0.1022465711902009
0 0.5553765387028977 0.5647384282055169 0.3488012171962408 0.1558180625080402
0 0.5762999655989993 0.44462303893619054 0.35407104588693 0.16305757130520823
1 0.5616352061930299 0.6922261853662518 0.38159167180623044 0.1800383312280941
1 0.6873371826532632 0.34426985527459575 0.24118344089502267 0.1263565612780352
2 0.5514520642587366 0.8136064309676677 0.44843722773092587 0.17321837746536992
3 0.5923658733992082 0.9256649804778099 0.24599113320271498 0.12638453161366506
4 0.5565249501803081 0.9762560283407986 0.21236957006559337 0.047487943318402816