0 0.5874114173365683 0.61497645197771 0.4032343906077446 0.27062194191855693
0 0.5556606356170686 0.4344506243356117 0.39606481143689887 0.2724793303639583
1 0.647414839540345 0.762741264938077 0.3613619830157322 0.20983304054506227
1 0.5402332654861779 0.2840460185260384 0.3395175711776525 0.1961744366504975
2 0.6815424044761671 0.8760504765572238 0.39480603271611403 0.2003639457485737
2 0.4926747502507378 0.18175419854397376 0.38498085164726537 0.1876161047014166
3 0.6739173563998777 0.9454720137313721 0.3267850324666436 0.10905597253725574
3 0.4626205900354835 0.11087659975609788 0.30468886488440705 0.12631660837006312
4 0.6574112112953282 0.9877580464478855 0.25113290084870654 0.024483907104229166
4 0.4452840721780691 0.06984699394652452 0.2536626248746311 0.09124140441095002
5 0.4552980700550356 0.047739065762912376 0.20959616758223648 0.04228958123720475
0 0.4094219037252209 0.6075067772206887 0.36119414585296067 0.20021765592967794
0 0.3945460876655144 0.4944528630804716 0.35389868881003667 0.19486350591354087
1 0.3928589029768096 0.7290100156499532 0.3130333041946521 0.19176691223235418
1 0.3278407217806908 0.3858961302348621 0.35394064810072945 0.19726735206738688
2 0.4209978321733627 0.8406619227684728 0.40922910963919096 0.2014568611654632
2 0.23087748251932602 0.28708172103996366 0.3223969330658797 0.17807244558720334
3 0.3855187568743785 0.9336417721068545 0.24750006868041338 0.13271645578629104
3 0.21918784278346054 0.19833949729243033 0.18934620879048458 0.11997713118879368
4 0.4231201298767138 0.974198065117431 0.2128811588406321 0.05160386976513793
4 0.22993612824755155 0.13416426141651047 0.17441962037909364 0.09003806192575035
5 0.24047461725817845 0.08200825630982139 0.17686542582363268 0.09262406064907809