0 0.328125 0.3712860340618048 0.3701923076923077 0.23261713711370346
0 0.3269230769230769 0.5576681576338524 0.3557692307692308 0.2268008850183642
1 0.33052884615384615 0.21486794076386373 0.3389423076923077 0.16552807808662257
1 0.30528846153846156 0.7130271511614764 0.32211538461538464 0.16675527115488065
2 0.34134615384615385 0.09992882861543635 0.38461538461538464 0.14708723536288865
2 0.3389423076923077 0.8236546142210698 0.38461538461538464 0.14468338920904245
3 0.3798076923076923 0.03317511623457788 0.31971153846153844 0.06635023246915576
3 0.3701923076923077 0.9032001705786042 0.2956730769230769 0.09759855256983595
4 0.43028846153846156 0.007691108330466609 0.2692307692307692 0.015382216660933219
4 0.3942307692307692 0.948394237599193 0.2644230769230769 0.06656718585044749
0 0.8173076923076923 0.3515021248538617 0.32211538461538464 0.15954373269334232
0 0.7860576923076923 0.472677722342481 0.2692307692307692 0.14863414167709893
1 0.8305288461538461 0.2327891501767239 0.33653846153846156 0.14612921555791214
1 0.8221153846153846 0.5843390151810564 0.33653846153846156 0.15334075401945066
2 0.8173076923076923 0.12313674023847708 0.36538461538461536 0.15055018128705186
2 0.8088942307692307 0.6970423744735788 0.3605769230769231 0.15502168699886182
3 0.8329326923076923 0.05364215515823031 0.33413461538461536 0.10728431031646062
3 0.8221153846153846 0.7874640151810564 0.3245192307692308 0.14288490291436035
4 0.8365384615384616 0.017861872788784858 0.28846153846153844 0.035723745577569715
4 0.8317307692307693 0.8553012573739072 0.28846153846153844 0.12353658036832044
5 0.8137019230769231 0.9034369571084657 0.21394230769230768 0.09428722659368369
6 0.6983173076923077 0.9211208200250246 0.10817307692307693 0.06766035225350464
7 0.6418269230769231 0.9479075509881797 0.04807692307692308 0.017784942881899742