0 0.5889812352293341 0.396920239450527 0.3753014815801887 0.2326796838653064
0 0.567523312326164 0.5802425835697936 0.36993375689297747 0.22278428306016232
1 0.6290517452067595 0.24365782652478235 0.3473427933850938 0.16397191060881647
1 0.574747826633378 0.7235633001838444 0.3395712225440362 0.15393650170879253
2 0.6467294495481758 0.12523932855936185 0.39047201605944465 0.16408821016280614
2 0.5197286485894614 0.8249911584365719 0.36461344928754624 0.1314381292140085
3 0.6261674818408184 0.041287652050484756 0.3036772468721139 0.08257530410096951
3 0.48462842598026773 0.8929170329007783 0.27583485823100856 0.08793629933679845
4 0.6036572550755892 0.0016241905120232204 0.2494162590795908 0.003248381024046441
4 0.4594117499057732 0.9351124944175205 0.2358332307257926 0.05925386212641443
0 0.3920877170267142 0.42515782226015114 0.3255681699055986 0.1603079916010524
0 0.3855073365673651 0.5381385914909204 0.3124288743773297 0.14037718189588438
1 0.3859369719719886 0.3045336360127591 0.3235843480363917 0.16737952196771116
1 0.35297467674778754 0.6442459882269055 0.32500813752607954 0.15069260698566794
2 0.411036226917263 0.1820893445319301 0.4193181699055986 0.16576830730136335
2 0.3171162638872002 0.745755704797518 0.2659157488849742 0.12329395117009193
3 0.39549196365991757 0.07878210969354031 0.31158882580805114 0.12595410497280746
3 0.27990406558436504 0.829376583309164 0.19748799181824375 0.10014295528268928
4 0.38279527938194763 0.02305952644953358 0.21037097969764318 0.04611905289906716
4 0.2631127053187771 0.8914447047540798 0.18378866391045576 0.07059676096213635
5 0.2719817539532131 0.9448312027412195 0.1453271254489173 0.06835663144406003
6 0.3165347661172519 0.9614018181692731 0.06870777325648994 0.027958688195094956