0 0.5828656878378735 0.6091167358662025 0.380818814588889 0.27403109191583697
0 0.55215022898766 0.42899846129710234 0.37092367927211545 0.2613956793026105
1 0.6323932948058221 0.7567365052389488 0.35275395282852584 0.20262505338331002
1 0.5519574183138352 0.28213277772098844 0.33083958674252156 0.1892194134650887
2 0.6512863533168262 0.8759113759264009 0.381767957095513 0.21168513737683597
2 0.49985710983215803 0.1933302163869735 0.34951085457051295 0.16641331561461883
3 0.6333673975654371 0.9514249727120431 0.2937188417695516 0.09715005457591384
3 0.4616483519409187 0.12828846628049073 0.2740404714165599 0.1207725217082666
4 0.6034861661241445 0.9922133345969282 0.23909977203632485 0.015573330806143613
4 0.43123760404508543 0.09022818297981201 0.2251802463757479 0.08403776633444132
0 0.40243735094871746 0.6035729416758963 0.33564727905021385 0.18952750438708663
0 0.38452241495352524 0.49409047833432823 0.3379951750637822 0.18727770369423935
1 0.3923723553330122 0.7257069591390533 0.3167522106611112 0.20271821762217193
1 0.34117126885197624 0.39140399919073265 0.31390076338504286 0.1833334029304037
2 0.41610108122184764 0.8439879976715802 0.4272731835977566 0.20740046267427778
2 0.2664302473997327 0.29272454443876605 0.332907732054701 0.17495038200301077
3 0.3909426119387813 0.9357328631413809 0.26252479190982925 0.12853427371723816
3 0.24664198664428405 0.2120112122128524 0.19465759819935907 0.1132851753414549
4 0.3957492993074244 0.9774840091575095 0.21785680763365398 0.04503198168498092
4 0.23834143032542723 0.15490464575347193 0.17486732756581203 0.08801435011500172