0 0.6991739538670425 0.5476802727317523 0.41826843730489927 0.2402201559516059
0 0.6722662582885319 0.3506907588870669 0.4000679445303733 0.22319743389803962
1 0.7460729363906289 0.7095482901630812 0.38652807506469544 0.1750086256916062
1 0.7793115417323567 0.18823450246049428 0.1254412069965335 0.09512059283650275
2 0.760176702595933 0.8381121024702841 0.4294048573488969 0.17070441646671078
3 0.7502911625064457 0.9380815024727316 0.35498393706700615 0.11220094158545252
0 0.4966622042164216 0.5428183219899329 0.363716114224992 0.16033380722713056
0 0.47343361400201966 0.4203760101968559 0.3629312172549333 0.1507184226117461
1 0.4901370538715187 0.6692160440434993 0.37450884429546466 0.17486876927971798
1 0.37234978252955453 0.3168855968760861 0.2411691156225082 0.13008908926209642
2 0.49933501564787314 0.7966338758385342 0.45285464615981436 0.16377259082894824
3 0.4518709461881633 0.907868124051331 0.257014917486858 0.11826565746950898
4 0.48432267089900355 0.9664406850732193 0.22345938182035197 0.060237694388669855
2 0.7629755759938862 0.07653957015378095 0.10964456037585399 0.07812584206531405