0 0.5534482056513396 0.4887686140065538 0.19665567094512765 0.37373596418490007
0 0.37809341665923146 0.5017173458272087 0.1917219983987743 0.3709114994564099
1 0.7005969636098837 0.5117871305002862 0.13289586855851626 0.34422946117606823
1 0.23468662978940186 0.5214422868844022 0.13151008593324348 0.3177871534837605
2 0.8102290348968482 0.5201417494373236 0.12491822704572651 0.3746382240267804
2 0.13270702779928994 0.5040432785469376 0.10733542253683659 0.35874298209244987
3 0.8992292218988444 0.48842699891161157 0.0819213999923867 0.28473481389116795
3 0.062355366525161535 0.47669871101274947 0.0696502087458334 0.27887557514686606
4 0.9534996199087324 0.4573578868982212 0.04815179521916345 0.23392387007905968
4 0.01987261724636747 0.47238628057706566 0.03974523449273494 0.22430848546367507
5 0.0009959598863795562 0.5085638381787749 0.0019919197727591123 0.17998770825783475
0 0.5380342796515252 0.3034768615234341 0.13226596736521046 0.3322102304068374
0 0.42859628953219453 0.3142478571735052 0.11784289044213353 0.3309483746829059
1 0.6555656699030223 0.27524801493447426 0.1345540548996795 0.2845539259045582
1 0.3219979655923821 0.29366369817991517 0.12708033434153465 0.3245780733706551
2 0.7656386720253008 0.27518917233304996 0.11605872386230888 0.3882200638005696
2 0.22095810458258683 0.23550445987072693 0.11291943951506418 0.2826611423186608
3 0.8593784504060166 0.22152434249173958 0.09597675781876419 0.23332236351780605
3 0.13663451883997968 0.24647105415776382 0.08131194203764906 0.1817900478504272
4 0.9225815633379372 0.24829791481097047 0.08763139720927526 0.21105682027122488
4 0.0748955110815887 0.26024740252293466 0.06145127161357405 0.16808834278262097
5 0.9659818851554712 0.264839885303207 0.03906077479699158 0.1517724822736467
5 0.025580889260247947 0.2881313638801995 0.051161778520495894 0.15450650300883179