0 0.35999132635358183 0.38469927782341706 0.23565033144118447 0.36349209325298276
0 0.5397145347770642 0.36282043809472664 0.22902648832913286 0.3776633377037633
1 0.20967543474779032 0.3623435289724076 0.16525314840524497 0.34423078961052905
1 0.6850227454818925 0.33134148095649374 0.1664816038601175 0.31546857992180743
2 0.10366133091627343 0.37204668728403484 0.16230649137092715 0.3897359782187418
2 0.7944242778598422 0.35632620356077166 0.14911186990272293 0.36047010358542764
3 0.0407756156773545 0.39624159947032883 0.081551231354709 0.31809372413626547
3 0.8744633778891161 0.36553330505602755 0.10010851933255466 0.2771443953634486
4 0.00700137806408637 0.42982676867258507 0.01400275612817274 0.25092338573175293
4 0.9245033756077703 0.37458778544226146 0.07680876712439372 0.23552351333117535
5 0.9574940194217227 0.36023338547077444 0.061700045626915806 0.21819292530965975
0 0.3956368781532543 0.8059294294368342 0.16908134846379277 0.3203602163869317
0 0.5079054704316727 0.7900067953470113 0.14955673155828025 0.3124771246659365
1 0.2797625166440667 0.8219779797628051 0.15725801614439086 0.3247481879074637
1 0.6179436727715663 0.7993665179512893 0.160053659197895 0.3344475166802802
2 0.1710241866060106 0.810172438925965 0.1639267437254577 0.3705891531454045
2 0.7185358565679546 0.7754501431101655 0.1511239191569114 0.35093866312747496
3 0.09044636583970724 0.8141864912768629 0.14553263304990344 0.33154000558184155
3 0.8048784196565871 0.7772358457503027 0.14175749774725524 0.29780221527056344
4 0.04628531313321661 0.8064598502037003 0.09257062626643323 0.26554488538137844
4 0.8666172680917791 0.7642779620434769 0.1157600517105046 0.2488858506193195
5 0.014262940451154792 0.7763011242503174 0.028525880902309585 0.18395147005378915
5 0.9189366303614153 0.746848162658687 0.10688337642542031 0.2077686335316385
6 0.008520640363333058 0.6493169988836317 0.017041280726666115 0.07320665866200188
6 0.9335249832129293 0.6539223370271656 0.08358362421725939 0.16614775149936525
7 0.9493417915193161 0.5897587210843661 0.05528028125157729 0.11955128884453536