0 0.3055129909923856 0.4130744680297624 0.43645108242118746 0.2766575636834003
0 0.34084833454354607 0.6085412737237719 0.4096169778292221 0.2665806268703946
1 0.2688553329048801 0.25005958541267603 0.3855336318217454 0.20610683940800525
1 0.24870432495045341 0.7741190265964839 0.161049512020808 0.12051581543349571
2 0.2632783087454954 0.1212649993737891 0.43361055489866845 0.2069460252218618
2 0.24410071137947437 0.8870997958272533 0.11660489055260381 0.09091439435487067
0 0.5162903009660391 0.40592859827307737 0.39264722105836936 0.2038288711262375
0 0.5243691205041844 0.532361297448811 0.3796484980399942 0.1795806131343119
1 0.5311459691143466 0.27749066620507945 0.37552645030670295 0.19632361762984926
1 0.6300710245698926 0.6244146759445657 0.21280362117546486 0.1526469605380449
2 0.5169106103542144 0.154558838033383 0.46255465796973666 0.20985338286402191
3 0.5629938362680144 0.05673543331281523 0.22978155823320195 0.0976941733251261