0 0.5642468325835401 0.4121599018420171 0.348790294939652 0.1926244663698779
0 0.5530499984219012 0.5985628959342233 0.3462884995608913 0.19015067543661232
1 0.576731375725539 0.7539385861914796 0.3321143858435427 0.13691633615489926
1 0.5894035299216336 0.2661676512989688 0.3168097658962358 0.11486205209376703
2 0.5682281452490473 0.8742358110529165 0.3796036135709792 0.12389215482021279
2 0.5634203458325062 0.1672823456570973 0.36429899362367213 0.10183787075908023
3 0.5372536408327253 0.95677094524701 0.2882125752558103 0.06120804413553698
3 0.537561643346243 0.0948043753178237 0.2880166768059814 0.05640035182784471
4 0.5198490871016477 0.05810431816856439 0.22713692916051187 0.03542096311158774
5 0.5498216570343177 0.02962075004629951 0.15982923685281955 0.033462509287841474
0 0.15006289181104548 0.5936615577483266 0.30012578362209097 0.12674139330415868
0 0.15003431436137468 0.47583812382015533 0.30006862872274936 0.12398782325321497
1 0.15004249464825903 0.7139937549994735 0.30008498929651806 0.1297047976933608
1 0.1533421457739584 0.36794482601475653 0.3066842915479168 0.11507188643202546
2 0.16927735402247043 0.826345021215467 0.33855470804494087 0.12134841910752751
2 0.17107305410961907 0.262922877256222 0.34214610821923813 0.11357732241063295
3 0.15041798452857252 0.9239805695639143 0.30083596905714505 0.11514183121144501
3 0.15802944662222876 0.18748150252774615 0.28757181515042407 0.10440733012534825
4 0.14518184469351608 0.9741815596770054 0.27089590605431485 0.04869919991036981
4 0.15792740725387214 0.13106106269178103 0.2459228367357239 0.08398749964444739
5 0.17484818941226749 0.06934331709218708 0.18901412284273178 0.10153959416914837