0 0.3565473454421571 0.6160651254255706 0.2618012559570121 0.42968477488603934
0 0.5590373334392092 0.5875818375982205 0.24409247120946084 0.41138568679786264
1 0.18771631440859324 0.664335467048291 0.1955116271778931 0.39756411643603956
1 0.7172758028059518 0.6957718052628221 0.10232687784824289 0.12620083303133903
2 0.07590079758605693 0.6795082470817666 0.15180159517211386 0.4404127286306266
0 0.373391261351632 0.4088085829764965 0.1775508819530197 0.3744573360401706
0 0.5002860757411914 0.38454619154594116 0.17021336325281994 0.37142256202435864
1 0.2433264977569753 0.4022415929816957 0.1947557457459262 0.38314103951296263
1 0.6122964391337915 0.279033582106269 0.14696144800417793 0.2473542431669513
2 0.1159226516031291 0.41338798520975806 0.1846159969373286 0.4636099530198003
3 0.035831285878580435 0.36050227977955845 0.07166257175716087 0.2597646712101138
2 0.8318364358296275 0.6785705756534917 0.08246620742416784 0.11249912796353265