0 0.41818565060078833 0.5419551686093464 0.3892108178994793 0.24845905834265464
0 0.45768991787155167 0.36736677292330167 0.381999279437941 0.24812317554062757
1 0.3584180570942118 0.683897366547626 0.3457008042114046 0.18165187631065513
1 0.4766900759876579 0.22492406470932907 0.3283841350099094 0.16884891900336135
2 0.3193014965796641 0.7900881077830645 0.36924951962529384 0.17075225488151455
2 0.5285380442237874 0.1301367691060719 0.3592423381102515 0.1606890265300939
3 0.31221852986443194 0.8755925876456165 0.29306515203251754 0.1264160813118506
3 0.5638304948232293 0.058913758035411774 0.2704510443987576 0.10136997136730795
4 0.33160031307601506 0.9298734007779969 0.22159052752251895 0.0798999834563585
4 0.5822246054987836 0.029264261310537706 0.22630027060529684 0.05852852262107541
5 0.31494684621441327 0.95584153146444 0.19927026756350244 0.06206541197335451
5 0.5700319185142315 0.010494502450718753 0.1868592398946138 0.020989004901437507
0 0.5935194959941857 0.5373877896574578 0.316462853465593 0.17069296048716254
0 0.6123013134259557 0.42974487020724983 0.31386310886191804 0.16577330724546122
1 0.5924726770415187 0.6514025405641366 0.29011849499819975 0.17186523636690948
1 0.6717036424108241 0.3262082302635042 0.30655362117546486 0.163033578289588
2 0.5665282957606677 0.7581794197394485 0.4081028549864901 0.1821590144410435
2 0.748791995262338 0.2302453448531524 0.31587515811610645 0.15626988356408555
3 0.5902055829208632 0.8542476382291141 0.2378746397189704 0.12624482598348954
3 0.777362653524814 0.14733898581528854 0.1794966874522616 0.10673084049035012
4 0.5466955692327885 0.9210548202611134 0.20804899362367216 0.10086283323691976
4 0.7667371541388929 0.08425284787541504 0.1663020659840577 0.07732488197415123
5 0.5153741523858238 0.9537043319362262 0.17954975220816094 0.049150493732051576
5 0.7689410116994679 0.03673425065381549 0.15948232442217694 0.07346850130763098