0 0.3605769230769231 0.599438270037621 0.3701923076923077 0.25882072646939325
0 0.3954326923076923 0.4253967899874115 0.3581730769230769 0.25550611746813934
1 0.31850961538461536 0.7428852154563087 0.33413461538461536 0.19839613023486208
1 0.3954326923076923 0.27996409767971914 0.3173076923076923 0.1802941391715679
2 0.30528846153846156 0.8572679917087753 0.36778846153846156 0.19373472774606554
2 0.44591346153846156 0.1924431477926784 0.3581730769230769 0.16656380977583163
3 0.3112980769230769 0.9420269171741003 0.28846153846153844 0.11594616565179959
3 0.4807692307692308 0.13138243697323812 0.2644230769230769 0.11378678264297329
4 0.5204326923076923 0.09833026206199183 0.19951923076923078 0.07521481711312461
0 0.546875 0.6159589403262891 0.33653846153846156 0.18415520588126674
0 0.5661057692307693 0.5044353916513725 0.3317307692307692 0.18379090074230356
1 0.5444711538461539 0.7371710185260384 0.31971153846153844 0.19730321481797283
1 0.6033653846153846 0.4062972180167985 0.3389423076923077 0.17712581998920987
2 0.5372596153846154 0.8520091762022091 0.43028846153846156 0.20327838686027905
2 0.6370192307692307 0.31509735398954053 0.2668269230769231 0.1500266275201472
3 0.5697115384615384 0.9437139575542196 0.2403846153846154 0.11257208489156084
3 0.6935096153846154 0.24726255475697295 0.16826923076923078 0.10650067986371028
4 0.546875 0.9856901889617865 0.19951923076923078 0.02861962207642704
4 0.6875 0.18190332717942284 0.1658653846153846 0.08949160421730563
5 0.6971153846153846 0.12734347591888762 0.13942307692307693 0.08268023364531595
6 0.65625 0.0941988053146239 0.07692307692307693 0.05630965145417962