0 0.5653362293996782 0.5815518644803948 0.3671347390093595 0.24642924041271394
0 0.6031711082696385 0.4100675105232901 0.3525018656328184 0.23407430880181662
1 0.5566831787014145 0.7331340475233971 0.32758225898980736 0.1830340381682693
1 0.6534718737532815 0.28154466156388835 0.3200770054934192 0.16603926467051308
2 0.5354803228080822 0.8465624178763884 0.3684056843144991 0.18158134439914547
2 0.6359404557955719 0.18463649345534133 0.3414179058431848 0.14971589285609
3 0.4884225892921419 0.9269523936185894 0.28098607767148825 0.12908637011837626
3 0.623978080670203 0.11282883461148453 0.2661434078414831 0.10471220773824808
4 0.44093917957709583 0.9628991905847754 0.23890387362601145 0.058423679272115475
4 0.616298906718866 0.07095735241014905 0.2223706655839382 0.07485895136709421
0 0.39807402160707545 0.5277760666075317 0.3249686163824971 0.170958857258761
0 0.4118765222307515 0.42533285436768126 0.32728854395495754 0.1662071150913465
1 0.3373126024020137 0.6361179988904913 0.2987361051436537 0.18236263648493617
1 0.4136807717305432 0.3219674697522966 0.3393497340148812 0.16889071194658156
2 0.3221403415386432 0.7482045708158651 0.39476407342542114 0.1773891036345089
2 0.3974561750764888 0.21902171118899538 0.29823259365533955 0.15351648263878231
3 0.246236454176549 0.8292659482413994 0.24977803696218107 0.13076286444861132
3 0.39049030906692994 0.1362848443722753 0.18690040334594554 0.10767354541677365
4 0.25929585415210893 0.9070552473997326 0.20368536713217586 0.10566135024487212
4 0.4142919112144035 0.08046485650117487 0.17429374250701513 0.07373994856153863
5 0.4379676354897985 0.037815097031196426 0.1481031905588645 0.07563019406239285