0 0.7383585132606422 0.43093332487313124 0.42738651117358156 0.2835516462556256
0 0.7772785032938653 0.6274938896120221 0.4076936055598156 0.27499536141055825
1 0.7145852453360598 0.2653453501959935 0.3794959165743823 0.20841058227730075
1 0.8252910804086102 0.7904593848547022 0.3494178391827795 0.20963777534555889
2 0.6793157642473808 0.14442189265428584 0.417187227730926 0.19908084427512807
2 0.8013976723741384 0.9087538061863071 0.39720465525172316 0.18249238762738593
3 0.6273877046454838 0.08096387284930939 0.34612156313712134 0.09838847907687136
3 0.7900301511343977 0.9666015721808883 0.3165660632081098 0.06679685563822346
4 0.5694338881506091 0.05417714188615435 0.26867546860891056 0.04750450991761937
0 0.23771004839992166 0.4605375784593399 0.3503416718062304 0.20158577039431486
0 0.26157648056336574 0.5902359541267265 0.35724511934577097 0.19728235798044588
1 0.2740864459210059 0.7107644484149164 0.36926435011500175 0.1981228244701516
2 0.294932850086608 0.8306793461689773 0.4173412731919247 0.20148469042897416
2 0.20601773833659934 0.22738977152759815 0.3957066578073094 0.19997185074750398
3 0.18423091989664112 0.13014331893713466 0.33212833958031673 0.17877450192411154
3 0.30101764579606677 0.9155206813613173 0.3782635528863905 0.16895863727736546
4 0.1550928166368517 0.08622698496747452 0.3067966331317264 0.11956935455033366
4 0.3171656634012007 0.9584452088764807 0.2822960352102679 0.0831095822470386
5 0.3324664309708405 0.9923259249859034 0.22284834622483465 0.015348150028193102