0 0.5853760898995346 0.6404111980629771 0.3908215937045565 0.25852228669407507
0 0.6117003250205659 0.4552887109469947 0.3619055140193287 0.2451595247167363
1 0.5772555155300344 0.79632531526095 0.3640296568168789 0.19719456257382226
1 0.6569756260160706 0.31913883438000756 0.3230244205233464 0.1712527651572075
2 0.5525108030169256 0.909895358209988 0.39044399417355713 0.18020928358002392
2 0.6515533876796766 0.21789739358344656 0.3638618348031014 0.1683484087276684
3 0.517263449087342 0.9662178014243591 0.33462409625813333 0.06756439715128174
3 0.639974689696612 0.1416164350672477 0.2841852825308083 0.10455754405921719
4 0.6221905839795248 0.09870942036987242 0.223921306670877 0.07291236686283807
5 0.5839318304513008 0.062062276194959 0.0747290082864527 0.039528481261971664
0 0.39581488035715096 0.5726720535070343 0.3446310655723322 0.16745272125559624
0 0.42408844367804754 0.4657865273250611 0.33263980513873104 0.1717006088932436
1 0.34708065439293245 0.6834136040576233 0.32790203867011264 0.18349591779445645
1 0.4115595556387261 0.3461803575726269 0.33983735843245466 0.1696326455414245
2 0.32477475095320685 0.7977905710361577 0.4192901480197108 0.19496197174833713
2 0.3797719280330059 0.2304861926558129 0.35912406833448307 0.18014371762888112
3 0.28335695220913776 0.8908391582349275 0.29167652434864283 0.1529703499381673
3 0.3790524932456933 0.1474975198811161 0.23622024079640364 0.12154909460980619
4 0.27214106723410836 0.9565826223193651 0.20720626493647237 0.08683475536126978
4 0.4154388369970333 0.09268654927586664 0.1782901852512446 0.07799664757820529
5 0.44212588512609996 0.051850811857658094 0.15901746051703086 0.06988942164459476
6 0.4650673123462494 0.03488559457689755 0.13236537530750125 0.03260015906280332