0 0.6719720773140213 0.36646153134849474 0.4186870119034091 0.2806873297555168
0 0.6235118143390245 0.5611569283016707 0.40412392688545257 0.2773592108356769
1 0.7182622148183816 0.2090257497799339 0.3688136921339393 0.20564508138115206
1 0.5987862881718395 0.7184082237981639 0.3542506071159825 0.202316962461312
2 0.7345979879879951 0.09557363213788725 0.4089790362749251 0.1911472642757745
2 0.5278620939381634 0.8259328358605204 0.3920121051031221 0.19276245906806475
3 0.7214694251549408 0.03681822652412115 0.34029497155932514 0.0736364530482423
3 0.4753749158725276 0.9047348989266534 0.3094649958439645 0.1323904973166377
4 0.4350932721775521 0.9384496263026366 0.26071174083353266 0.07657901817304236
0 0.19567125131049798 0.299991877048016 0.3396875220980259 0.19898884354147237
0 0.16840499409173362 0.4218786848113122 0.33680998818346725 0.19720117923162198
1 0.23257972488268353 0.18027784724706755 0.3248444208903096 0.1908530323139401
1 0.1524246075069269 0.5374477862679952 0.3048492150138538 0.19433519669477894
2 0.26878815798047023 0.08365010914473112 0.37744902008516557 0.16730021828946223
2 0.14680057517084608 0.6493806778828403 0.29360115034169215 0.1964309519266272
3 0.2742721822216713 0.033793592512138884 0.3408787124797343 0.06758718502427777
3 0.11869002461042624 0.739940462915637 0.23738004922085248 0.17396522801487999
4 0.09241143355388842 0.8087886098333189 0.18482286710777684 0.15165354956413152
5 0.07857209755122066 0.8744626832921598 0.15714419510244132 0.1549207872618343
6 0.1355688510700512 0.9001670466961974 0.13795187035160897 0.10703019266263479
7 0.19370489158788828 0.9299697563250695 0.06021245340014348 0.046966321833205774