0 0.38348969566887303 0.6088123297555168 0.22885383330353465 0.3720371684129829
0 0.5705280028029965 0.6340490295595893 0.21194296606917937 0.36855500403214403
1 0.2245000728852985 0.6082607139449704 0.1612943085235461 0.36051235704347373
1 0.7113056239120185 0.6731857886816045 0.14387977634459842 0.3426071157395579
2 0.1045595976652871 0.5933469024334841 0.15517404410862473 0.3913002206604768
2 0.8180402124917182 0.6523195581963278 0.12797623899942814 0.3679711052048731
3 0.03132628507981116 0.5541474196836756 0.06265257015962232 0.29098714705965895
3 0.8910370107601397 0.6317005374109119 0.07232146641955403 0.285255181985973
4 0.929330660906814 0.6389729570945875 0.0622024168595769 0.2702159232189001
0 0.4343406054798654 0.42896986309168983 0.15142709143586522 0.35268463673793937
0 0.543379828850137 0.4455943161825269 0.14189565097791254 0.35447230104778976
1 0.31424750915083194 0.38393095192662724 0.16716274046617116 0.3225129549649321
1 0.6571580675765111 0.4299979143879394 0.1486874686522907 0.3429152066615559
2 0.1954250128503115 0.3714980092994865 0.15386147200139574 0.422396175199478
2 0.7703639644067027 0.39629564370900616 0.13873630740717774 0.3326836402021754
3 0.09934367318686574 0.2942686838600679 0.11656749266628551 0.24731666112956838
3 0.859893881201035 0.38516840268904445 0.08878207845506453 0.20716062259704143
4 0.032825842246557 0.30174357352982945 0.065651684493114 0.23267865752335537
4 0.9145527615587559 0.40674029444586657 0.061080608401275396 0.1694084302183606