0 0.3769924425533605 0.6068204250153214 0.4243654945040461 0.22377879793687575
0 0.3627344730242407 0.4093902888925489 0.3880560464521967 0.20830654932250617
1 0.37153711100874354 0.7760467721335069 0.3873007792197258 0.1650373185532754
1 0.21699925262070696 0.25018049759401123 0.11208745754186494 0.08975592139175897
2 0.3906927747191187 0.909949847127905 0.41597909590310833 0.156261271290925
3 0.4233064516666357 0.9806257281197273 0.33733568806162534 0.03874854376054552
0 0.5746803608852757 0.5765331770097385 0.3628427247743359 0.14029940922061876
0 0.5641269755214798 0.4536922164356164 0.3579930731759508 0.13775567350793347
1 0.6153237824628414 0.7026522934804507 0.3631364398091857 0.15712633229754183
1 0.6582248164313772 0.33870154607393527 0.21359446678241029 0.12394360212737829
2 0.6451918556387922 0.8308605045976212 0.4592483266723391 0.15752027732047608
3 0.7072181368568162 0.943186047160032 0.23497732642286862 0.11015002821907689
4 0.6950040059872903 0.9902945825970755 0.21212589160816117 0.01941083480584911
2 0.19828416146260647 0.1415178072149977 0.09500877872078493 0.07484323101274551