0 0.37887996294905096 0.6309437219848947 0.2833098911029663 0.4245721694755832
0 0.5617510193800661 0.5690578784854637 0.28305793062564394 0.41976447716789084
1 0.2343495755505551 0.7152964106836817 0.2194241084776935 0.39375943603680624
1 0.7149570504136301 0.5248141545613264 0.21550849945991338 0.3647451888927111
2 0.12662765108207638 0.7599521311777069 0.21410227359607245 0.4293128484506751
2 0.8187531442450446 0.4636676975862605 0.19601554813253777 0.4040977338266256
3 0.05785578880147175 0.76712136633154 0.1157115776029435 0.3289566698483007
3 0.8896563841642219 0.41320396167186124 0.14909289044213325 0.33136051600214683
4 0.9324744624788545 0.3730867602222466 0.10254817346771251 0.2658348366392065
5 0.9526551943092245 0.3764656594974394 0.06042298646571654 0.2389387890357456
0 0.31097124430351436 0.21296837450384098 0.2051372334125619 0.34964973877786976
0 0.4266656994751405 0.1761377890054834 0.20285936749737707 0.3518854916337748
1 0.19546575948987988 0.24619319077142932 0.20311132797469925 0.3566931839414671
1 0.5345136041822804 0.1512665376858414 0.20020356086620844 0.3025330753716828
2 0.09961236170557311 0.3014140790108505 0.19922472341114622 0.43669248021015467
2 0.6382569295136484 0.14035694666959805 0.19463998712654929 0.2807138933391961
3 0.052018086142913554 0.3397998074983834 0.10403617228582711 0.3540542311570793
3 0.7250422407197902 0.1092668032925741 0.16530013394503512 0.2185336065851482
4 0.0169154672444641 0.3637877290541746 0.0338309344889282 0.2820399265070354
4 0.786209226594564 0.08648080481370596 0.14873539296471813 0.17296160962741192
5 0.8612323783184392 0.07442806737817496 0.15734293567081373 0.14885613475634993
6 0.889080911874588 0.10428446091129534 0.12293320808500059 0.19780423115707932
7 0.9199683035875309 0.17756826193730277 0.06210161604544814 0.08816885453520253