0 0.353939196501393 0.5808611332811213 0.25446373725681243 0.4089632143906279
0 0.5353087116877584 0.6039757004358077 0.2413106843396312 0.38718874259412456
1 0.1924354625487445 0.5683261179185328 0.19437780502994279 0.36261882669048834
1 0.657305629198459 0.7515037127258785 0.08929980516972282 0.0995366871909086
2 0.07604549586027815 0.5482019517823082 0.1520909917205563 0.39124121027762154
3 0.019775576662550563 0.5104816523037764 0.039551153325101125 0.3299982338539857
2 0.7622559884163924 0.7658979763012638 0.07702861392316972 0.09458913847132831
0 0.4120945386712086 0.3879940153258768 0.18451045993723583 0.35769924925328556
0 0.5288121681810503 0.40705611479706644 0.16477576975182195 0.34786009437888027
1 0.29644774118998674 0.348499223546995 0.18298847545401775 0.37449820104783116
1 0.6491781138024234 0.3335841229863678 0.12786688063135407 0.19367828514419513
2 0.1856716261357877 0.3077465661264348 0.1807003879195486 0.422519181559999
3 0.09273027606780104 0.2475673404984622 0.13228641060377877 0.23216779488811107
4 0.03114190759508615 0.25670805537874153 0.0622838151901723 0.18573949334083883