0 0.4713235091136968 0.5787342523639141 0.44005012168835916 0.2936308332907413
0 0.40764675875685746 0.3907093923531239 0.43264235898430603 0.2907648507538984
1 0.5063013729893097 0.740809381676462 0.3936904582825637 0.22370436814606676
1 0.29729103427644993 0.2672945866768883 0.23695009604235992 0.14909565794928648
2 0.5432416776561522 0.8677206508362427 0.4321519967441022 0.22616909552205028
2 0.22073622494873305 0.17312719000766622 0.13044512354674062 0.1040101646647929
3 0.5844993123904832 0.9291118919981813 0.33560609883739245 0.09802730507993392
0 0.6618408039830049 0.5000737780617299 0.382309055484547 0.2014535709174556
0 0.6174681589902742 0.38572089878467636 0.3680822028039849 0.202933144305308
1 0.7217403368544784 0.6122234387653673 0.38108255478578895 0.21572260237953353
1 0.6717758960483281 0.25175397903001223 0.23513492261605778 0.15615315094982593
2 0.7599944532760404 0.7305672009256875 0.48001109344791903 0.23646154320356771
3 0.8546870219441565 0.8199734874066482 0.25377701911928285 0.1501739761762791
4 0.8528716501517716 0.8865413930204142 0.22022148345277706 0.0906331229519839