0 0.39795483129481496 0.4402815901837191 0.3702738963434535 0.26108758838061247
0 0.4420708924234417 0.6109385255984336 0.36316030710682945 0.26302929815146187
1 0.33588134085930677 0.2996422910810128 0.3345631164664039 0.208450182695858
1 0.45972220362525335 0.7499299067495822 0.30223567499234494 0.1800052840105638
2 0.3072882403623234 0.18632299031717714 0.3555120872766182 0.19300966876792547
2 0.5147351695800368 0.834972653391829 0.3428072119329863 0.17541251838600758
3 0.3190932205906599 0.09357428581367035 0.281535667387859 0.1427152280148799
3 0.5531926178981331 0.8961775660760443 0.26382720128670584 0.12000229440327158
4 0.335358980696046 0.051460396001931745 0.2236025767767074 0.07426833625805776
4 0.5965332655143286 0.9301233616435259 0.1953441182800401 0.08684286764914727
1 0.5661342931260156 0.33118055568333615 0.30311721801657493 0.20163989939517918
2 0.5315315772444168 0.2174761412670031 0.3825420903184126 0.20912724576199088
3 0.5548660421174119 0.1134784332992603 0.2313487458318331 0.1466918117954403
4 0.5372330830066657 0.06319829164892095 0.19946616601333142 0.07032403549422206
6 0.7183682677956745 0.9487199651162809 0.08658334600747662 0.06548774498111734
5 0.7285754379039879 0.9050190385751218 0.08668129523239106 0.0678915911349635