0 0.44281666333363473 0.4549676973826235 0.2326330656816986 0.3887863477269723
0 0.6187170254713323 0.48411212781870927 0.2327169842630841 0.39359404003466464
1 0.2987807942031606 0.39311367531485497 0.17671521478284452 0.3511199254926314
1 0.7618927291426032 0.4966873037326316 0.1597204545431503 0.3410149274213101
2 0.1875115428298058 0.3502327539230961 0.16072747751977806 0.3987072351136178
2 0.8575999194519972 0.542719353288933 0.14828865384361917 0.37431904967805874
3 0.10227990259499943 0.35375932963831885 0.11350190684106644 0.30843597661233946
3 0.9254530825386964 0.5759278071126792 0.10152463536252845 0.31049009886908807
4 0.044965228518927224 0.37371527031686597 0.07386550824012872 0.24000916783393494
4 0.967275029656299 0.5976544778396324 0.06544994068740205 0.23993922305451554
5 0.02531486638122969 0.34911725054304843 0.03464870254611929 0.19562082059399197
5 0.9871801891842422 0.5790881840133486 0.02563962163151546 0.1836715346041808
0 0.4446567888319419 0.62921157114676 0.15997221028730707 0.35543800434438705
0 0.5494548726230601 0.6454753228976624 0.1501050699277654 0.3407351483036321
1 0.3247791758198304 0.6437431783296306 0.16120119630175408 0.2882002568161143
1 0.6489986082620339 0.704833443469247 0.15677113761029723 0.3096949826418908
2 0.21606062811774665 0.6093456632557527 0.15575194804931441 0.3889519609393942
2 0.747864911957745 0.7942046685741987 0.14458406967829518 0.2997298741294084
3 0.11931326860202349 0.6413686689200317 0.11435325923927783 0.21956361369945135
3 0.8334532061634405 0.8111107851666681 0.09461897852019464 0.19015790161794127
4 0.056225838532323845 0.6058962585012784 0.09516444929920144 0.22140790161794138
4 0.8969872920775923 0.8033489372059004 0.07745638111772898 0.17043751893123563
5 0.02554837224885447 0.5689642564508423 0.03406127247641966 0.16196697444014596
5 0.9532469005941664 0.791771485676105 0.07969239010880358 0.16089207909527056