0 0.5975359737020628 0.3857008378313302 0.3884317327185251 0.24504007355664376
0 0.6193446023292137 0.5625163892332631 0.39325341019403237 0.24747189004611947
1 0.6020158159212567 0.23548143096766777 0.3543583315302351 0.17272889659185198
1 0.6473446535225723 0.708116903554733 0.33515553263509545 0.17742470755702572
2 0.5917928778610779 0.13325503617403964 0.38797022218063676 0.16571315047972066
2 0.6322782588800148 0.8186099156247674 0.3831765150407594 0.16808902629793737
3 0.5585585867416756 0.06094385920924787 0.3011520572858795 0.11713276136146494
3 0.6149828326812959 0.8990408656039098 0.2770576550761588 0.1073775250679324
4 0.5262954634302524 0.028303136366825053 0.25510138083180295 0.05196319701913766
4 0.6086935139403847 0.9470828257612959 0.24326395724416455 0.08314327118006358
5 0.5275952826818789 0.011483205873809372 0.22365558848239595 0.018127543683699152
5 0.6229767391853136 0.9690514824631676 0.22393529183869168 0.06189703507366481
0 0.17874929172368453 0.47220972632386327 0.3255261628518961 0.17496492073192071
0 0.19852468114408137 0.5853093694810583 0.3134649765792209 0.16768345643130816
1 0.16385232180520332 0.3639387532260828 0.32770464361040663 0.17018519875985796
1 0.19545653951903239 0.6994780766209358 0.32787406833448307 0.16536352128435075
2 0.1786110427558354 0.2534457411560485 0.3572220855116708 0.1799684053890201
2 0.2189355943449021 0.7957717744529299 0.3567062370128221 0.1631274971442823
3 0.16259835502654948 0.1692202221806369 0.32519671005309897 0.1581379976549975
3 0.22567862968464486 0.8763425761102206 0.31099120458630086 0.15565024049426276
4 0.1724475905252572 0.10918000900574228 0.2531450600480304 0.1288722887743998
4 0.23973809224453707 0.937860118071231 0.24351569026483097 0.1242797638575379
5 0.18348166831869428 0.07198332687629347 0.20235661712533565 0.07569398486567368
5 0.2503805853391598 0.9679676319575208 0.22393529183869182 0.06406473608495844
6 0.3121923263080745 0.05470268720053893 0.07247899897856933 0.0629195550344439
6 0.34048985318885355 0.974305898785784 0.17819228907654094 0.05138820242843204
7 0.36163899447569814 0.026143229294588413 0.04336712694393441 0.017078656097589413
7 0.4137442276259947 0.9854728356734614 0.08431642256620774 0.029054328653077076