0 0.6165225488088671 0.46331612896533503 0.3928939954983977 0.2817304098403798
0 0.6436602134984504 0.6423668046762878 0.3904341992042736 0.279144411117052
1 0.6249670002346152 0.3074304341042981 0.3699165767471155 0.22239872902273794
1 0.6788766438238775 0.7847043227110699 0.33592702975160277 0.20542551612691895
2 0.6129777544136217 0.201770210995101 0.3960231835977566 0.2099793303639583
2 0.6641997813914523 0.8964932934946875 0.3960231835977566 0.20701341301062498
3 0.5835461339726495 0.12127722759184051 0.325304542611218 0.16142767507976188
3 0.6575177593844543 0.9540676278393152 0.2960107876428421 0.0918647443213695
4 0.5399701823709401 0.07944586659489292 0.24698271218119672 0.0955026390101976
4 0.6349879417553945 0.9855453185511672 0.2396033232988247 0.02890936289766553
5 0.5379300121288996 0.06363871402541134 0.2366399757422009 0.0635240287322713
0 0.19595936228824745 0.5301792741832332 0.33357913373803433 0.20764720971128353
0 0.21256047492596097 0.644617263969855 0.32865954114978646 0.20247521226462803
1 0.1769264284265488 0.4167610549040528 0.3213920525479702 0.19952490840233714
1 0.21116071647996734 0.7564871864084419 0.3357032291904916 0.19581013151153434
2 0.18515009410833325 0.3086790542657167 0.3703001882166665 0.21351195468527953
2 0.22440783551816168 0.8598346396485337 0.3671770297516027 0.20779349953017928
3 0.16986129741952455 0.22095660102562495 0.3397225948390491 0.19894258794330677
3 0.23455273658808684 0.9255180513896314 0.3233482975795941 0.14896389722073713
4 0.1696639645199785 0.1597496003872888 0.27247587736688045 0.15982416470501332
4 0.25532012479839666 0.9647813450385443 0.25911384323098297 0.07043730992291149
5 0.18297004851559823 0.10537190169623514 0.19711739449348295 0.11811974274339224
6 0.3168870613165598 0.09384675391784719 0.08872051700929494 0.10030749250133673
6 0.36282180003814024 0.9996385336775901 0.1568095014027778 0.0007229326448197071
7 0.3680672073008013 0.06762388095388336 0.054115518470726605 0.056891971913210056