0 0.44765205124262847 0.3956085822409191 0.25151171974859043 0.3706439285707266
0 0.6285035693325487 0.4250172523069983 0.2534112860086131 0.3634883402494661
1 0.2986893996781724 0.3417428295233442 0.1988457376445865 0.3382189756248933
1 0.7717845554333067 0.4319520548842955 0.170386310376985 0.30875737023568384
2 0.18101025478001656 0.3234042477198719 0.17889205523938237 0.36175388590085483
2 0.8628027593585432 0.48086923500443446 0.15882081951890742 0.34928705400940174
3 0.08645329495661115 0.34400278057029926 0.1329838716857638 0.28868734890074804
3 0.9299758650345946 0.5148318118688576 0.11257644936940664 0.27141282470160266
4 0.04573073364783249 0.3622544223462073 0.056834247919792046 0.22931653700010693
4 0.9647316742329031 0.5565364485884089 0.07053665153419376 0.20102988455673076
1 0.3489004356792199 0.5793049776410792 0.19408858531956447 0.3045091793307695
2 0.22831316473339452 0.5536989072357907 0.19533225173775287 0.3909357405886754
3 0.12506533343328072 0.5872947933712608 0.13890120374644355 0.2360265340772436
4 0.06773448232819046 0.5739607343055021 0.06957639186345767 0.20561377630331196
6 0.98249546546095 0.6819560746404922 0.035009069078099926 0.08782531476485043
5 0.9509963239186411 0.6953160988982913 0.06631560586997573 0.0903410611992522