0 0.380735301901928 0.46256717272799847 0.19200162132606557 0.361681751334292
0 0.5621697458460535 0.4732384375134002 0.1919876361582508 0.35927790518044583
1 0.23069770221985794 0.4268373305088045 0.12697190866188635 0.33966953641867714
1 0.7124800563005121 0.46209327973259423 0.1268320569837382 0.3156310748802156
2 0.11784279949942188 0.4045454122368937 0.11998413288538459 0.3780891193767711
2 0.8144267477378442 0.49994726474933854 0.10072539331898593 0.37316954572656047
3 0.03284969900449535 0.42207079234940714 0.0656993980089907 0.2912569693141989
3 0.8876181889198187 0.5220084277523052 0.06177437398392927 0.2888111676569084
4 0.9331863770842846 0.5403029920946325 0.03974817390049988 0.221377608838883
5 0.967036015587538 0.5068449382901934 0.03239678376081328 0.19729719179697697
0 0.40250197502563456 0.6465942625914699 0.11730058337524259 0.32999821113203337
0 0.5118839676095419 0.64602866465012 0.12213624601856446 0.33483387377535523
1 0.2870334486341304 0.6603460514594365 0.12669220530559042 0.291592613341754
1 0.6233901029909995 0.693553974953508 0.11732855371087215 0.33480590343972566
2 0.17651246622846647 0.6500873491245713 0.11528832192021064 0.39729191827191074
2 0.7276497369913818 0.7470469451380671 0.10743346573919155 0.28667303969154345
3 0.07886300847358653 0.7000017190588412 0.09259083378167074 0.2144737440692701
3 0.8152922254320628 0.7643843268402303 0.080291899656144 0.16632689515327298
4 0.02478506530625431 0.6732307599228858 0.04957013061250862 0.2070384429226948
4 0.8814958908375357 0.747941995878214 0.056211482614238244 0.15897550501358637
5 0.9441007795961466 0.7302767640875525 0.08026392932051443 0.16151920284558066