0 0.3932502047734347 0.5493537692158488 0.23064496696919654 0.4104682261158166
0 0.568647062997315 0.5494524764353547 0.22339147300421358 0.40266801492673426
1 0.2465456635497453 0.5733426787784743 0.16069568065480644 0.36391233846750654
1 0.711494101969569 0.5690271340057319 0.158235893829701 0.35410072960960737
2 0.1371566783819305 0.5846747279667379 0.15365196420704555 0.3921698195861165
2 0.8198140231547011 0.5349566584771872 0.14400860925603134 0.3865772303083655
3 0.05676069132232489 0.5684117016294409 0.10758730258515431 0.3211338666706455
3 0.8956190880077438 0.5143525179148981 0.10024989761328265 0.2989105785584861
4 0.024044652767219513 0.530391568530519 0.04808930553443903 0.2469091706312696
4 0.9473577209866954 0.5005183120854482 0.07361179757156797 0.2630982657369786
5 0.008384689847682524 0.5328689491837875 0.016769379695365048 0.22272364009396356
5 0.9713192641021755 0.5117772235064553 0.05182334534098979 0.23488993986203882
0 0.46173345253271925 0.1513693682911341 0.15812401248718272 0.3027387365822682
0 0.5734283876796766 0.15447248647078204 0.15092645919345918 0.3089449729415641
1 0.3463977852354557 0.15182296328162675 0.15572016633333655 0.3036459265632535
1 0.679225588784537 0.15005744101420196 0.146174707557026 0.3001148820284039
2 0.2417535591201666 0.17101676689660195 0.1511082663750514 0.3420335337932039
2 0.7788803154105414 0.15615307807524006 0.14379883173880942 0.31230615615048013
3 0.16129463880539444 0.16223523612886323 0.1485645685430573 0.32447047225772646
3 0.8630219233790642 0.14540950324843754 0.13883730258515434 0.2908190064968751
4 0.09745286405032338 0.1818586522107447 0.11672719149483587 0.24018799440993488
4 0.9230551439700515 0.13488831721464795 0.11203138052966193 0.2590263151556748
5 0.061283290400112704 0.20403278507923397 0.07801392001263106 0.19377917576046944
5 0.9638226324107324 0.14837942816882163 0.07092824806142553 0.21482511841754082
6 0.046174940254110744 0.32299859207278353 0.06776920284558059 0.08482120186733387
6 0.9681618215966291 0.2285158258376384 0.06113105626444884 0.18279022144748217
7 0.024309569600551226 0.3644280717938771 0.031585644027555114 0.06024322284499835
7 0.9821373731496326 0.3042615573056274 0.03169752537007343 0.07947399207576758