0 0.34740146894949636 0.6806957264693934 0.25074028116044633 0.38341771976329125
0 0.5251868729708374 0.7315257082803862 0.2431090219117474 0.3708520312856157
1 0.19633690996563308 0.6584028068997465 0.18250920312100105 0.3518751401254997
1 0.6692344866809005 0.782209400272483 0.18647745385437248 0.32820098372600104
2 0.09153303700687128 0.6227438630733263 0.1788767290173579 0.3851646811403827
2 0.7855005157185526 0.7657123389922139 0.1613782526809782 0.3646588439232424
3 0.03712604007084633 0.5790909763815629 0.07425208014169266 0.3168357989169721
3 0.8691467333644177 0.751563910331636 0.11069906072366055 0.2864965617643799
4 0.016079033788255547 0.5197592955639212 0.032158067576511094 0.2654801295893808
4 0.9213750626954186 0.7398551905754899 0.08763739466269954 0.24399180402366127
0 0.4292887397774977 0.23378184520705977 0.18407360770052633 0.32801883115651953
0 0.541304151197798 0.2699872467419246 0.16649118720671446 0.3051091477855332
1 0.3192994258025993 0.20857590393398423 0.16775034956819576 0.34116684009322545
1 0.652957081115496 0.28206311045358706 0.16973447493488164 0.32932976189347624
2 0.2029494526075149 0.22747681136809936 0.15489167722464414 0.3162176157073561
2 0.7634080879562709 0.2940478978805088 0.1894154993644954 0.41233559911061657
3 0.11687268393492983 0.20769816502060884 0.13621798268421517 0.2620579323363697
3 0.8532585141744894 0.3092920807745294 0.155731118798965 0.34025607724581763
4 0.07884613346639398 0.15781764762416284 0.11011145162163584 0.26966963868745697
4 0.9114392196055474 0.33418751103452027 0.1285867234355164 0.24949224385869412
5 0.9520107996699199 0.34569756625416864 0.08422621861966863 0.21496349760802586
6 0.9509309632903343 0.4456393342082656 0.07664836911671731 0.1352722693921396
7 0.9689292750324962 0.5168991695103974 0.033264659778370086 0.060060291095568166