0 0.54866723905331 0.5880430163296541 0.19766751995693574 0.3265331631004186
0 0.3766100864838285 0.5924468091734991 0.1969389096790094 0.31691777848503394
1 0.6895102543733773 0.6152248788743402 0.144054294294394 0.3163024102727266
1 0.2384979402977083 0.6084642491920996 0.12300199936880905 0.2920401784752441
2 0.8002693300197821 0.6115343537311242 0.13939289180559775 0.3498723425794399
2 0.1484268544379255 0.5927002348455257 0.10763229684773859 0.31107514872937014
3 0.8897401640452416 0.587676863462803 0.09288077753628425 0.27487760000978984
3 0.08754829618796683 0.5561818584439169 0.06891404149899401 0.2121538297507689
4 0.9404582993796476 0.5522616685844817 0.05095834025459567 0.22875698256867102
4 0.051654825074463256 0.5385865671669237 0.03992159783394427 0.17819229949076906
0 0.5382902202259667 0.4080342676149686 0.126716776259612 0.2776730441169224
0 0.4319566003729983 0.4008655281423106 0.13188877370626748 0.28253667898936996
1 0.6511440504214095 0.3766995117025217 0.14558324035141806 0.2730891220682509
1 0.33338097669001326 0.3864013363609813 0.12598816598168566 0.2680576595015378
2 0.761921057443107 0.38862000091811677 0.140485807222487 0.36429541950251665
3 0.8569102626788924 0.33948016911084467 0.09480989148285701 0.20524997539538412
4 0.9253467331540597 0.3554959249988171 0.079111746573409 0.18825522462419533