0 0.597301431269809 0.43155648501338423 0.35937580135514935 0.2234129483981119
0 0.5718310927406296 0.5973922224315927 0.34730062991465943 0.21323775911268233
1 0.6517857456589197 0.29591043264943756 0.3421712787472269 0.15772537570620274
1 0.5666326170892724 0.7365353970196471 0.31093526391504156 0.1586737297179315
2 0.666837353778513 0.19808048641280385 0.3637359682927682 0.146713793343053
2 0.5215259394626947 0.8317639085042452 0.36372198312495346 0.14430994718920687
3 0.6627770665937629 0.11978754501179031 0.2938006671461929 0.10500538779525324
3 0.4870897252663694 0.9022558595764991 0.2649405281322244 0.10125801043329884
4 0.6348601250521436 0.07162499427068669 0.2334527802793729 0.058937133675797185
4 0.46573481323804994 0.949325134247341 0.21909962919536993 0.07028459884097388
5 0.6491713206327021 0.053065990643971536 0.20696851708362074 0.0504940249401596
5 0.4707592756468716 0.9785169345286124 0.19500522698564923 0.04296613094277509
0 0.19080669083304996 0.37056777947355357 0.31335309523670263 0.16118953680578693
0 0.1818276313532386 0.4794949357375175 0.30607163093609013 0.1488344232345291
1 0.2058023582813841 0.2631224486215352 0.2940663853346741 0.15067846471833016
1 0.14995609274062957 0.5777430785130112 0.2940384149990446 0.14587077241063787
2 0.23167127409328517 0.16579632658794202 0.3661537996144292 0.1492296004309082
2 0.15532319176091372 0.6741208465348755 0.3036258292787996 0.14151092383898162
3 0.26612147345742526 0.09770822166953422 0.28675695069843216 0.13351565883938002
3 0.13414309433027924 0.7512381981287942 0.26031464300612445 0.1322840885652808
4 0.2730672937304826 0.05237102754848433 0.2384422797686575 0.0904110555438152
4 0.11888170869346393 0.8130104520577357 0.22895276166360604 0.11159782719239458
5 0.3281879332551666 0.026099975184537747 0.1419527895872563 0.028240310491147058
5 0.11805039256363295 0.8766563946676543 0.20258037981037236 0.12238548768752612
6 0.4268365291536551 0.04631537347890721 0.07001921215346403 0.05613148247087672
6 0.20000492447943893 0.9189246048854991 0.1689964594956002 0.13283726538063087
7 0.26621558246881916 0.9400323767245932 0.07252095448201369 0.0730703664818088
7 0.4796302409474743 0.03315351402710546 0.040991251125717824 0.02353795126276858