0 0.6487981813186826 0.49036615618470125 0.3761355146378176 0.2574808452756287
0 0.6871790122384093 0.6777416745818372 0.243400958571145 0.20651851020717188
1 0.6692184169293248 0.3413501368807472 0.35832343757276364 0.20400853454152676
2 0.6843526823409154 0.2220883468251268 0.4065544061106857 0.2083713651936619
3 0.6829215334781501 0.12492847604418646 0.33329982204617126 0.1502423761326813
4 0.6407629039526366 0.06566898075324759 0.27191042328988857 0.09019928704242686
1 0.43817153584916463 0.34632111359957984 0.3508038081892273 0.19890699455909117
2 0.4304692627992168 0.22612880590727216 0.42593922080245394 0.2115588051468236
3 0.3969408639009572 0.11447444135629017 0.24404942343186556 0.14181056250315444
4 0.4184841574523669 0.05781060052558419 0.23119908413550297 0.09093799637272738
5 0.4463755979214584 0.025381119683168647 0.12832811891983992 0.019614385843542692
2 0.7005182437175251 0.9420178276675423 0.12046811559758087 0.08402848587281671
0 0.37403607459465715 0.4492008422338344 0.2324923290456318 0.14853235484012062