0 0.37035195554863637 0.6216631706149153 0.3740525624360481 0.2319253421844506
0 0.3519062462566761 0.4383413599078321 0.35705780219635375 0.22182034411312943
1 0.365157816563717 0.7814489950662651 0.3488812000488802 0.16632204823640934
1 0.3195470548221303 0.29429831445240306 0.32450706418487596 0.146391831211445
2 0.37988677510599855 0.9021309162145094 0.3824511276213407 0.16249358284059012
2 0.3357114423089597 0.19495836774430467 0.35554726773141176 0.1352818825746679
3 0.3978377859706364 0.9676144086118319 0.3257780094900157 0.0647711827763361
3 0.348968472153629 0.12439463010294068 0.2922080819175552 0.08538639523283759
4 0.37736797015533075 0.08192976429703426 0.22688464285678067 0.059459424650049275
0 0.563435894734146 0.5827875991223223 0.3100000686804135 0.1411644702272356
0 0.5449752890890168 0.46921229926648717 0.32927279720187536 0.14412787461643786
1 0.5999673058238143 0.6944836386699575 0.35368889235657236 0.1664619377952482
1 0.556541780721618 0.35771323223031903 0.3245909827662616 0.15119952351913732
2 0.6123553571482889 0.8114898458080131 0.41614693306587963 0.16587665590630962
2 0.6126423651364123 0.24390237438264264 0.3390560189800314 0.1540230383495006
3 0.6383212162898064 0.9084480569251834 0.2954930731759508 0.13593710924302643
3 0.5875427547462753 0.16620990488595108 0.27348082417509983 0.11367299084363533
4 0.6346795710605219 0.9679080608337003 0.2634038873620941 0.06418387833259942
4 0.5740847415091335 0.11050177467097251 0.18386716783170698 0.07262349554357503
5 0.5630515540711841 0.053661666158490336 0.15755073801147781 0.07906564143149888
5 0.4032377441311078 0.04660649217324682 0.06802100024947048 0.04282383843913088
6 0.5260856537214186 0.03575059900056487 0.1449440771725474 0.04506207138055518