0 0.3759945496251494 0.6014885601560122 0.37881634810314063 0.26036632817787636
0 0.3977542301649486 0.4174560351829439 0.37396670029200396 0.25293086784831986
1 0.32037124541428214 0.7478959397452619 0.34717476340432624 0.19160314372806708
1 0.3956922192674155 0.26956351625440095 0.3182167282156541 0.17102884328918952
2 0.2994358884204066 0.8670805990314884 0.39765553263509545 0.19395432334225624
2 0.4480244205233464 0.17707473372567611 0.37585309523670263 0.16410052109002113
3 0.3143973943043532 0.9502371241327227 0.29869227046077407 0.09952575173455468
3 0.4812796893944708 0.1101325714171869 0.28419926769862325 0.10696139021306335
4 0.5111109962164184 0.07427246770768416 0.2287429841463841 0.07554013488470224
0 0.5659053883629029 0.6115353970196471 0.3278460979988536 0.1738805331790717
0 0.5880846239371459 0.4996182566619635 0.3422831600897452 0.17695614493697198
1 0.5774709025333022 0.7406449904534569 0.28951042604764826 0.1937237736195429
1 0.6223320383679716 0.39667438251278647 0.3350436512925772 0.1718125698272526
2 0.5456972600953968 0.8557200563058737 0.4312674232854973 0.1883102379568438
2 0.6806528772567956 0.300859733088315 0.33502966612476226 0.16940872367340645
3 0.59197169923451 0.9478712099944216 0.23146848915997062 0.10425758001115672
3 0.7270314037993704 0.2177064328399522 0.20731814627899053 0.1105901787863134
4 0.565788117146776 0.9888337319452272 0.2214055791745126 0.022332536109545595
4 0.7122726828487382 0.15934235954359044 0.18306990722330704 0.07341287713853102