0 0.6652178860418285 0.6799184086483554 0.39849989454937185 0.22870748766024654
0 0.6484976513989108 0.49553361727283796 0.37926912531860235 0.22713769372012912
1 0.7067003312384965 0.8376155128453804 0.3588019917748053 0.16326412402252652
1 0.6577059875753317 0.3455629913993903 0.3440988986619689 0.15727908625974615
2 0.7241680234375932 0.9395473714541964 0.3961434654773059 0.12090525709160715
2 0.6116021536724008 0.23174836832097512 0.3934596031337 0.14216902612178486
3 0.7151471124378325 0.9904573564197061 0.31600020237199433 0.019085287160587737
3 0.582943425002907 0.15045920281890535 0.29987331976947007 0.09625096644468897
4 0.5595005586552997 0.09710860444983836 0.24572863153093666 0.07029941772475085
5 0.5610762105103122 0.06254717158284112 0.18946011332831672 0.04895933706999039
0 0.21578051359048267 0.6240918181886003 0.3370273682953103 0.15909425968604843
0 0.21012204001829715 0.506401468771396 0.32472812133632 0.1533054461657826
1 0.2274486025472836 0.7422727282120912 0.33448351404658444 0.1564941892896872
1 0.18918858668331098 0.3934452771624618 0.3388711820696374 0.14967509931317835
2 0.25085590608355574 0.856627067140463 0.410986566685022 0.15556182658861836
2 0.19624938435475506 0.2887552797270618 0.3552780808619212 0.1438371305492425
3 0.26643348900177555 0.9346545501174545 0.3359073035362722 0.1306908997650911
3 0.18032178119933587 0.2001318860203611 0.32615191082600775 0.1366747473313742
4 0.2869824808634575 0.971815954197771 0.25590404852584037 0.056368091604457944
4 0.18014733186835136 0.13552237623028698 0.25305646954646477 0.11396109697901097
5 0.17976287039504718 0.06730709720944361 0.21048727925163283 0.1224482913829777
6 0.28023438052450644 0.06713505385659821 0.1662379918182437 0.10208933194079056
7 0.3452900890436774 0.05450237437190548 0.08961863962581641 0.05994868811514349