0 0.39124457853887756 0.5585203737544169 0.3991800020809777 0.2302908886042191
0 0.40829358774419344 0.37046081551906085 0.37497371284825054 0.21516836388694707
1 0.3703240729202052 0.7238483106973638 0.3528076430984605 0.16886578394909435
1 0.27782772823531326 0.2143470919872354 0.10912410052391558 0.08487828430464717
2 0.37300847396314146 0.8512171844615002 0.40320449848209694 0.16312308585536564
3 0.38613257038628773 0.9458193836413257 0.3423531200117477 0.09647062021603202
0 0.6002533231527937 0.541617870252612 0.35498771899328585 0.14970495949774482
0 0.5964369272388784 0.4202935842628007 0.3308653436076915 0.14179397324201126
1 0.6028957672721635 0.665380974785979 0.3743583446359432 0.16228374850233168
1 0.6914159795328649 0.31653425462448187 0.21053317950349582 0.126277503501805
2 0.6283327929295055 0.7848738346840918 0.4415821230965025 0.15703066386453968
3 0.6897156257650293 0.8937021382755271 0.24891080411790129 0.1201850815109789
4 0.6651885088502737 0.9557346353825089 0.22174124308377577 0.056915688937364234
2 0.2753531118102091 0.10500706437694515 0.09690907077804155 0.06770163733062654