0 0.5983904248619586 0.4099066594036402 0.35330413957260076 0.1795086338931447
0 0.5853284652835029 0.5830535106865073 0.348398498039994 0.1770488451745433
1 0.6414780191289837 0.2664442583729411 0.3360405351270049 0.10962926773734065
1 0.5783475379366274 0.7248944194046192 0.3025825874229878 0.11404536209174629
2 0.6576111173446212 0.16534286349951463 0.3790159182214924 0.10292121235859907
2 0.5334172604872932 0.825129546589654 0.34997386592550966 0.0977778646623756
3 0.6428635702254091 0.08502380196350054 0.29581591061700646 0.06591249645006811
3 0.5014857060563341 0.901186355824339 0.26206411523824585 0.06311705234293541
4 0.6182822978064759 0.0396584091465773 0.2437679537876061 0.026863561058599883
4 0.48986236233020336 0.9505770871076956 0.22272103375247726 0.041034896440278384
5 0.6338317908160691 0.013198070221085541 0.2294428260894436 0.026396140442171083
5 0.49219479163708474 0.9817851301841293 0.19328718455683686 0.026276164128670024
6 0.6368723069318591 0.00033312919258916883 0.1493323092132048 0.0006662583851783377
0 0.17435645177039852 0.40883397535867255 0.28575566434606464 0.11384956311510308
0 0.16268822357525267 0.5182928892058053 0.283253868967304 0.11141774567887944
1 0.1837677576490699 0.2957972635631481 0.30277848587281664 0.11885305439943873
1 0.1470223756952554 0.6206941066444766 0.2940447513905108 0.1069457087597183
2 0.21442188201269893 0.1921241948416098 0.3548795074581164 0.10023765338097686
2 0.14969967236105847 0.7228575681829381 0.29939934472211693 0.10236178671104695
3 0.23183241029566654 0.11863905945503644 0.2923795074581164 0.09951040003915905
3 0.13473991977267313 0.8046442799784626 0.26947983954534627 0.09464676516671161
4 0.2438475509214551 0.05963294355629524 0.23620950289542486 0.07723244515985869
4 0.12680199596558503 0.8683042461318192 0.23390360596649312 0.07960832003132733
5 0.27911755928638965 0.021717687166434168 0.17734180450414377 0.043435374332868336
5 0.12410839228043771 0.9344100153625885 0.19132001977166352 0.09593176002545352
6 0.3966121731501078 0.027964216385945175 0.08177565369978432 0.05592843277189035
6 0.21361595308772457 0.9489860922734281 0.15536027668888563 0.09791603694363551
7 0.4524883300380561 0.013121570227204142 0.04694641684696476 0.026243140454408283
7 0.28614966698071664 0.9673637373916804 0.07446616601333143 0.05853144616363601