0 0.6293576255937084 0.36698814168473304 0.24248414569356397 0.39394376393176217
0 0.4458270214953866 0.3303873660591406 0.24958379902559208 0.38453821365463614
1 0.7795140963619602 0.37857122885999084 0.17948066261076706 0.3488559688976242
1 0.2983960666283234 0.29122999289407153 0.1743932574792987 0.3246776178003236
2 0.8872955753317506 0.41537259008771493 0.1678530297948227 0.3821600911543727
2 0.18397561842042148 0.3083403081793371 0.1630173662047529 0.37961635544168754
3 0.951765866608744 0.45452071451665704 0.09014675696517298 0.31261416590525626
3 0.10210499277776419 0.3179814164483046 0.10904187080741085 0.2843275702944584
4 0.9691653589090939 0.5091318388238418 0.05355761029230603 0.2658919172908867
4 0.04780866969839369 0.3344365050652118 0.08458384003328517 0.24757043019257097
0 0.43676685220098393 0.7990324488900113 0.16469395901678124 0.317186300221107
1 0.6609250850144808 0.8462736477045648 0.17204535389020764 0.3074527045908705
1 0.32006842860993506 0.8052555117035496 0.16502961440531252 0.34603245406726085
2 0.7691960614258793 0.8394339437030423 0.17224115286685085 0.3211321125939156
2 0.21210513630469016 0.7840791504758257 0.16533729851146622 0.3724747617595688
3 0.8554548101405649 0.8648713008298939 0.15245095798852978 0.2702573983402121
3 0.12442069425406076 0.7767184737193212 0.15287052722419373 0.33366349940093276
4 0.8985422275743411 0.8814405553520572 0.10881810054838982 0.23711888929588554
4 0.06242055277751946 0.759274909454414 0.12484110555503893 0.2511633375965489
5 0.03236548303384813 0.741433787075908 0.06473096606769627 0.21363680492104684
6 0.02548959996084096 0.6366566450453418 0.05097919992168192 0.11946713624452972
7 0.008844490219372333 0.5784747238970975 0.017688980438744666 0.06560329394804125