0 0.293213072153274 0.43260235284759585 0.3820008723029108 0.2105953486661329
0 0.29764529267972045 0.6209965501529913 0.369869680599671 0.20791175181089783
1 0.2715324180836969 0.2794276006847754 0.35734331170005207 0.14518795124978665
1 0.2688451775185283 0.775346255261645 0.325757428898025 0.13724906096463704
2 0.2748385795643103 0.15688739697889933 0.3835616975243417 0.1409957104851499
2 0.2809137609000684 0.8771180658181621 0.33162543615145545 0.10857075753931647
3 0.30724115002892405 0.05408050882724333 0.29249213208586294 0.09325247837179512
3 0.3245978742808116 0.9445366534673607 0.2597866399437457 0.06127512654818409
4 0.343190195329955 0.009445524316452899 0.24631191703239777 0.018891048632905798
4 0.3459229401332284 0.976457050211645 0.20326660813118502 0.0335459656294875
0 0.4663163285000256 0.4537863522928415 0.3617031602717083 0.13568446691495759
1 0.4959528367389377 0.333034543197756 0.3477279270846675 0.1449641506886755
2 0.5041226709942479 0.20918051613440125 0.4437698123045046 0.14479831014594055
3 0.581388258574047 0.0969250888491448 0.25962201247007993 0.1092960994848293
4 0.5608765664568693 0.028967519436057503 0.21948105999840614 0.057935038872115006