0 0.5763810051779698 0.3265803335515493 0.2739019733878297 0.42026875706171435
0 0.39532417543943804 0.37653099293072007 0.25439149133328426 0.39488554913972373
1 0.7284518246584596 0.26662756297844137 0.21098240415216551 0.37984063900755266
1 0.22117035799097706 0.2960856334594046 0.0926328328355238 0.11696446839868607
2 0.8496082995274806 0.23770615912472198 0.20659428108013736 0.41556214471936265
3 0.9358793497527269 0.2326886301778232 0.12824130049454616 0.336000115011898
0 0.5966615395632133 0.5188292492016063 0.18409255594181617 0.33953007426866166
0 0.48042464213139485 0.5570298510748279 0.19161177850950833 0.36647666185479283
1 0.7217034964867797 0.5136941669394367 0.19658729851146609 0.381235925373752
1 0.3913992626572685 0.6594871959014665 0.13461706874601267 0.21597590061753144
2 0.8370881118713951 0.5056256886382624 0.20698587903342405 0.44921599087320874
3 0.937795382595593 0.5199482455624386 0.12440923480881402 0.2518654996272825
4 0.9821966082358029 0.4867904426274507 0.0356067835283943 0.20958835529576858