0 0.4373415746355781 0.557129601149179 0.3665873398166878 0.23655685409299892
0 0.42790719584663645 0.3823356167672112 0.36897720080271934 0.2343492321816676
1 0.4165880248232949 0.7103379270241187 0.34218526391504167 0.17209461166785245
1 0.40786528688260903 0.24448233378425158 0.3060576457682753 0.15713201726090154
2 0.40640704226656044 0.8205959361154348 0.3709475067543067 0.16002622565495137
2 0.43251829444977213 0.1414604407763091 0.35888632048163155 0.15183356598083966
3 0.43573568440232474 0.901173937512951 0.3082656995727143 0.12367439534956978
3 0.44290905452372853 0.06726012399268538 0.27688983306238113 0.09948886481226395
4 0.46603549434606806 0.9419903652507485 0.23341082477592842 0.05989913613930753
4 0.4474580212268471 0.029177852557885683 0.23348075061500248 0.058355705115771365
5 0.4196459684438387 0.013344339504453486 0.1973811028038657 0.026688679008906972
0 0.6125845960134958 0.5019398468302236 0.3277202314885204 0.1637057277512259
0 0.5987480947834909 0.39724984939482344 0.3156450600480304 0.15310922192326779
1 0.6528983678553454 0.6104809929825776 0.2748635864395346 0.16419648672359535
1 0.6269719086618863 0.28792400463849355 0.31328316939762857 0.16012453614229172
2 0.6475320701902108 0.7215484766657875 0.38780240016685935 0.16620748766024626
2 0.6768233453409898 0.17563021862260858 0.3060296754326456 0.15232432495320922
3 0.6973283675532043 0.8064681873865444 0.22654891550976003 0.11940661725791721
3 0.6835314177611954 0.08850308435660302 0.17360835945388522 0.10547429930721006
4 0.6844987984058647 0.8748551130280673 0.20242654296440976 0.1030212979096938
4 0.6543356347196718 0.03294347551362425 0.15418179787370898 0.0658869510272485
5 0.6619070003810852 0.9187865510242644 0.15651571818848106 0.05842765268653047
5 0.6348111769647917 0.010891834022144463 0.15423773854496814 0.021783668044288926