0 0.4086787595479464 0.3299894854867844 0.2244745954510615 0.4045417401900477
0 0.6084290585086756 0.3487139179845244 0.23076186114660635 0.3906651209754155
1 0.23963930147372084 0.3052195748538434 0.1556264485333797 0.37540300670610205
1 0.7759280619729115 0.3494453670790039 0.15331576661839547 0.3393453143984097
2 0.11773635220206226 0.30674710150259077 0.14126425283243993 0.41258947718126937
2 0.8977682876167768 0.4029330731144958 0.12653308498736493 0.4066888694566877
3 0.042738843541472296 0.3309662962022572 0.06545177715308038 0.3494325924045144
3 0.9702348805335494 0.446659104715707 0.05953023893290121 0.32259011682265804
1 0.30562655292898533 0.8377238726483683 0.14672041000085273 0.32455225470326327
1 0.6786078204276366 0.8578503121678059 0.145950182695858 0.2842993756643881
2 0.18276889028026447 0.8104701343769017 0.14003188914444825 0.3790597312461965
2 0.8005877924297946 0.8529708943589422 0.14237485407615716 0.29405821128211546
3 0.09804853366272183 0.8207685911278422 0.11352870023000346 0.35307564379414585
3 0.9001467802339801 0.8725577127451665 0.12835303231394016 0.25488457450966706
4 0.9593663847076705 0.8930366528993674 0.08126723058465893 0.21392669420126526
5 0.992781091915837 0.9105197510489073 0.01443781616832605 0.17896049790218554