0 0.37377814136533155 0.4101408624606737 0.45153745557542757 0.2958564868149681
0 0.33504087195860094 0.6051041339428785 0.4198398544532054 0.2764439104026065
1 0.39744991217483994 0.23930695610772662 0.3919987932539532 0.2161939197104899
1 0.18530604848381474 0.730992192099118 0.16648284603653857 0.13075868371909832
2 0.4341200412084403 0.11054505577176507 0.4329760781498934 0.22109011154353014
2 0.1361131374184836 0.8382640270532901 0.12734990589166675 0.10168876718790788
3 0.4734467969661859 0.046021904763297414 0.3603551323939103 0.09204380952659483
0 0.5859610344560366 0.4882440833538021 0.4012225268873933 0.1994229373048261
0 0.5489552045807697 0.6026575309304386 0.38450750409102585 0.20413273343781477
1 0.6275787311480238 0.3653892039030745 0.41156526332638915 0.23072887797608524
1 0.6098926204091887 0.7417449638259603 0.22713850128547008 0.1551467744529299
2 0.6691125026295942 0.2389285552215777 0.471437616611432 0.22146312255607056
3 0.7607923474393163 0.14944082598449293 0.2582206508646368 0.1481170431729838
4 0.7541383005024572 0.07014187324319947 0.22601949847991476 0.10706985137600683