0 0.6659313841461543 0.48496414431493456 0.409105467032265 0.24712621855661282
0 0.6291153501275644 0.2991648775368602 0.3968064855616454 0.23447708659407623
1 0.7139553718999472 0.6352777406689339 0.3689094742221155 0.17059130396880343
1 0.6206988737719553 0.1443687610911056 0.3595178901678421 0.17970276762954354
2 0.7369897457305563 0.7459857547941602 0.40709126198226503 0.16058775701815128
2 0.5688183460951923 0.05507738753827593 0.3876366921903847 0.11015477507655186
3 0.7402058738574794 0.8324612262132913 0.3434722591767094 0.10923534773603795
3 0.5268059836041132 0.005672561145768618 0.29399658259284184 0.011345122291537236
4 0.7173423652648512 0.884201797830672 0.2633620341358973 0.07142415370637369
5 0.7156658709346162 0.9155777780693332 0.24390746434401714 0.060800927181700035
6 0.7341982683509622 0.9362675416639898 0.16664868657927365 0.042346482621466154
0 0.219487401214103 0.5372426225520636 0.33028008533974373 0.16136408168868663
0 0.20352469049433797 0.42014705232623845 0.3302241351994659 0.15896023553484048
1 0.24148770238862236 0.6552251652581589 0.3496227548510685 0.16717961590566796
1 0.17928839358680582 0.3095020283203427 0.347051058276389 0.1598420972054685
2 0.26698187251335537 0.7682110452985703 0.4288937277877138 0.1689331176276402
2 0.1755127640571049 0.1989880953627502 0.34464721212254285 0.15971611696680732
3 0.28942876987104776 0.8536786748084121 0.3612503346383548 0.150982594022051
3 0.1542118396360578 0.11105362957973174 0.3057380725387822 0.1384696639174596
4 0.3220495483078534 0.9109351624750477 0.2741523716971155 0.12240884389178756
4 0.14445557473092954 0.0538022527227381 0.2568218973576924 0.09989236683654415
5 0.359030417930129 0.9487089204335919 0.21791275777393165 0.07864591378719646
6 0.4923040041178961 0.9357074018032823 0.07155789309070516 0.08298034999809654
7 0.5383407569527786 0.9489387772687204 0.07563823357478637 0.05198231047541887