0 0.6378245035009832 0.7065323629613427 0.18090551388139695 0.2741359785614701
1 0.28489267376245136 0.6404277839270709 0.15077436517650133 0.3677389095626256
2 0.15867676504433953 0.6313279342719738 0.1320750503109066 0.41184219254558513
3 0.061418895301891915 0.6149673909116681 0.09769395081524264 0.3465950531503799
4 0.013135555868392945 0.5661793037301914 0.02627111173678589 0.2765893766911522
1 0.3478139271287436 0.40254492845147605 0.1317393949223753 0.38299603869943144
0 0.4484800829946891 0.6429537247257607 0.20139499081915865 0.38387884942466444
2 0.23022126456692532 0.3761030174913342 0.13495440826517202 0.4529038014034846
3 0.12137771893209985 0.32150173753383976 0.10113105028643216 0.2291990400969476
4 0.042973006108323775 0.3391629111905745 0.07941252105468398 0.2202214834527772
5 0.00424742459482612 0.36347132983705593 0.00849484918965224 0.12117342890488107
0 0.46617579995594605 0.3628810701808487 0.10087930874503379 0.20756442471233222
2 0.8992143804167176 0.7820073438569802 0.07354192001664253 0.12848288112159387