0 0.5682162708512579 0.29462957921057575 0.2939546270554517 0.422183475047075
0 0.3691386438107266 0.3198148245098506 0.27276161539953586 0.3980331321660951
1 0.7408270125776464 0.25518208641809415 0.22389979535255422 0.3881380441944145
1 0.20207093938625306 0.2030542728057766 0.10277631515567484 0.11112234462170015
2 0.873921560130501 0.24359559449597262 0.21521637670607255 0.4289335029707251
0 0.5547505309832508 0.5037432168434689 0.1943178997800117 0.34952266888691325
0 0.42447685569110694 0.5249241156292529 0.2012840587553653 0.3759929469148505
1 0.6844846887915209 0.5186060251975625 0.2052576988493289 0.3952377013134345
1 0.3121586904194697 0.6204843935061196 0.14545647646519583 0.22189506004803022
2 0.8099017148983852 0.5274871885026703 0.220563586497639 0.46500518044623224
3 0.9043141204914344 0.5629784815138634 0.11955368625676198 0.2577849303419451