0 0.36155923448599386 0.3186648424756315 0.2491156023461037 0.41404303623148675
0 0.5550442722487742 0.29304111796217314 0.23052266108654867 0.39142836418271304
1 0.1965768589619252 0.3175080933300277 0.18327979022335433 0.3695374411492282
1 0.7165429731869171 0.13171638531039673 0.09458365548156313 0.10359798372336396
2 0.07684974078973755 0.34684315393303033 0.1536994815794751 0.41493050188254565
3 0.009591203725715354 0.37515186236532483 0.019182407451430707 0.34104242911550414
0 0.508219022590693 0.5003200653020163 0.1525205491957239 0.3151127367209353
0 0.3851568857600875 0.5278231664011369 0.16272460653865253 0.3228843075619929
1 0.25777761722807635 0.5495966683054017 0.1738606298504844 0.3713812549235553
1 0.6172263500935815 0.5717246767477875 0.12382186108058044 0.2273142023285559
2 0.12983425359035636 0.5929347815468419 0.17714728672956365 0.44095278529021387
3 0.04308618798500667 0.6603232105971888 0.08617237597001334 0.23734961122857984