0 0.4384850735160958 0.5451015907979564 0.35074904908304805 0.21522305331178515
0 0.42935242021353204 0.3715692862973293 0.34113366446766347 0.2144944430338588
1 0.41112470528596734 0.6887321081944024 0.3222940925108259 0.16292075838620007
1 0.4102584070183043 0.23629843631346636 0.29176546436609657 0.14150415832165203
2 0.4136925486848987 0.8010574120566931 0.36231823997692286 0.15640196745200213
2 0.4383243464077632 0.14221999392508888 0.3259303730878915 0.12260183147926024
3 0.4468195315748558 0.8892890408463674 0.28181990516937294 0.10970770061320732
3 0.46442176886837583 0.08095777975259764 0.24846681229615372 0.08330125567148525
4 0.47689702979864484 0.9426649004052725 0.22358711360840453 0.07186434536128498
4 0.4719792826071936 0.042878477805315174 0.2295367963460113 0.0579877261466527
5 0.44703965127243583 0.021330940946762262 0.17340709765826207 0.042661881893524524
0 0.7970787690138166 0.5227685502528939 0.307029778438461 0.15221245835392608
0 0.792317388748361 0.4130292451139308 0.2873783906330483 0.14594754549038122
1 0.8104639201050556 0.6342741675525178 0.3142413168999998 0.1527589160623707
1 0.8077331695066232 0.3126500271114227 0.31057561502222203 0.13815368656981233
2 0.8024522813024565 0.7425203893850425 0.3950954373950869 0.16135594957859048
2 0.8078394141958684 0.21706057004131415 0.3656537672733616 0.13993934951404235
3 0.8056540477061949 0.8282212329855442 0.32280515507877483 0.14146829557106627
3 0.7908179825275637 0.14696679506551968 0.2754496038571223 0.11877662752014718
4 0.7896977830792717 0.8947644522647246 0.2470240685856125 0.12139848899406047
4 0.7876034105707261 0.09639494955000966 0.22391728818974327 0.10293219279180334
5 0.750259341478488 0.928000199153729 0.17445864409487163 0.05620206320242278
5 0.7885656030596153 0.04283506877535968 0.180227438845869 0.08567013755071937