0 0.6027700654863394 0.6275812854037609 0.4020375758719533 0.23962136519366176
0 0.5999121855442376 0.43367987311948775 0.38968256847299404 0.229516234453705
1 0.6246221493927563 0.7945730861056616 0.36868897193615113 0.17825187142362006
1 0.7039682201637316 0.28024386826405706 0.15496796230445534 0.10713233963114871
2 0.6212910879683466 0.9195660086862745 0.41643011838334587 0.16086798262745106
2 0.7355997984109865 0.1671875920428809 0.10862333212192145 0.08604053512700495
3 0.6018618960110289 0.9818568440474706 0.3408730233132457 0.03628631190505871
0 0.3988628631965767 0.607236370516802 0.3561660762223279 0.16333904837597102
0 0.39825237876048875 0.48684816437466544 0.35566241127773535 0.1489159714528941
1 0.3847144940798595 0.7366522659248365 0.3731608876141151 0.16883238525806432
1 0.31549140430647105 0.37514891535466843 0.2038003827982672 0.130725939514053
2 0.3659682930490301 0.8598626474984268 0.45472376853002 0.16735496659746338
3 0.3070282606622729 0.9528229720383723 0.24159036800034897 0.09435405592325534
4 0.3282698601326017 0.9992306681483076 0.21195818232562197 0.0015386637033848033