0 0.4622290926154611 0.736228389202511 0.22321923970151963 0.4063659200367523
0 0.662635494954227 0.7300829182233979 0.22795698722979224 0.40407397416346175
1 0.30059898024562126 0.7540863701183762 0.1645477050973387 0.3713692705162396
1 0.8261320058054753 0.7350894508392101 0.15649682928276631 0.34235526624925217
2 0.17669598615341509 0.7475991686633013 0.14650599711670126 0.41178705400940174
2 0.9352702205267693 0.6909000575725435 0.12945955894646133 0.4092153574347223
3 0.08235145552834926 0.7249844208847758 0.09675039933370991 0.35297574351153843
3 0.9888257422292657 0.6490575553803961 0.022348515541468626 0.31093540595032054
4 0.04207135280190355 0.6615892186403313 0.05152271474073289 0.28466094867884617
1 0.2834846198507598 0.2071833950482374 0.1476508372409962 0.3685737733804488
1 0.651810529061659 0.19293520311933815 0.15458259658485657 0.35912623918589753
0 0.526168164220092 0.20922858998552393 0.1546525413642761 0.3615300853397437
2 0.16752758440399693 0.22610442862938046 0.1491196776088059 0.4190545426112181
2 0.7697039077692499 0.1992825292237186 0.14517704630773062 0.36611397708632487
3 0.07825766337751004 0.25405437529204067 0.13395293176569723 0.3106017149867522
3 0.8641662173902364 0.18466563668776784 0.13217858862662651 0.3321803802310898
4 0.03428898481408416 0.2290088112285791 0.06438128286299777 0.31378685322638894
4 0.9395376473392927 0.17440883533728707 0.11593694743864255 0.2693446793894232
5 0.970437923442195 0.16311695639166748 0.0503336534906013 0.2437955640634616