0 0.6466095869679396 0.33377539866315764 0.41525004022232154 0.24184579515053542
0 0.6073434545024736 0.5206365321376933 0.4076741966218202 0.23653382294901976
1 0.7042136571920596 0.17312970292535304 0.3790819208463193 0.17475673612345452
1 0.5907869214632198 0.6760207956566524 0.35985115161555004 0.17341198973992533
2 0.7400547535879614 0.07119171142636828 0.4232977772135435 0.14238342285273656
2 0.5370991314829534 0.7849837990867647 0.40352055027432954 0.1501634547084992
3 0.7254509435036793 0.01669757471564456 0.32018627066881183 0.03339514943128912
3 0.4974342505362153 0.8666640283348637 0.311481648900835 0.10307861806929271
4 0.46614696837735303 0.9166740243381098 0.26121889499013307 0.07087059826431631
5 0.46756690677434337 0.945268038237352 0.2453385975112036 0.050631269245900404
0 0.2086183427936499 0.33929608757099994 0.3382165362309346 0.1718991500584553
0 0.18860233034252266 0.4614467381809658 0.34193131312173747 0.15781225973126076
1 0.22613943280619025 0.2185154533358983 0.34247777083018216 0.16502379819279914
1 0.16477717666131178 0.5735952775969945 0.32955435332262356 0.15792981304653145
2 0.2550422195947758 0.10530781414955255 0.42162254133762367 0.1681670308710103
2 0.16252716660573133 0.6804823847941778 0.32505433321146265 0.15826599964241367
3 0.28325225885602073 0.04910251618093994 0.36618778998026624 0.09820503236187988
3 0.1366940764353933 0.770853485518985 0.2733881528707866 0.14288490291436035
4 0.31242685509055207 0.010523424404130673 0.26937705904966514 0.021046848808261347
4 0.11995751993907271 0.8362868815579898 0.23991503987814541 0.11603939529356976
5 0.10820184263227958 0.9038467138125937 0.21640368526455916 0.13548879780495054
6 0.19043327096297166 0.9263893689859551 0.18961410533260759 0.10412124448967984
7 0.26340420489160904 0.9416111690574724 0.07371889499013307 0.05775932102490836