0 0.3612820417122586 0.5728442126648807 0.37110324550319507 0.1963236176298492
0 0.36923668082191313 0.3924718325450335 0.33972736763111666 0.188566608389304
1 0.35496989823180175 0.727955228523997 0.3316346840650288 0.13795996128645635
1 0.34295004370802207 0.24634072864873213 0.3121101997994097 0.12079736388399057
2 0.3516909902655836 0.846966592784728 0.3699703446544888 0.13141977147600306
2 0.372272646104966 0.14970435065191842 0.355001796952405 0.09991801573184612
3 0.3667766027787541 0.9464324931344934 0.3212220729264803 0.09211904720060787
3 0.3878286238767493 0.08454874875391526 0.2796853396600104 0.052944200797291445
4 0.40452483329851446 0.9866265290987928 0.24780595029961802 0.016341037710592313
4 0.4089956037715662 0.04212478709071851 0.2265489685312381 0.03759801947897223
0 0.5493065328459189 0.5395233110677631 0.32396159340586905 0.11139177572207014
0 0.5428231986793276 0.42909324550826483 0.31683397352571635 0.11607359015768391
1 0.567704199555009 0.6557531955584124 0.3315088061929502 0.1307484228249179
1 0.5651440590681973 0.3205635146142989 0.3407885164827923 0.11168549075691996
2 0.5921534409394071 0.7694743356684837 0.39384096903017896 0.12222397976754679
2 0.6451782067947212 0.20982483766678184 0.3409563536455637 0.12130087537230451
3 0.6096848588971168 0.8664944305737102 0.287861941807484 0.10835854020783131
3 0.6201625149859697 0.12855562063363377 0.253956339909481 0.09334803321505494
4 0.6083631412402926 0.9422155844198641 0.24425703671271065 0.08837250374459142
4 0.621190517607944 0.06966138986440298 0.18821330794177818 0.044138209289425405
5 0.5871949138363779 0.02680231518655994 0.1573409415580135 0.05360463037311988
5 0.4503644998752648 0.014399367508916294 0.07025700924054536 0.02879873501783259
6 0.5706617057943045 0.010059310691022526 0.14233043456523709 0.02011862138204505