0 0.3595642496108646 0.37600967972052657 0.43426279413302366 0.2718686020822772
0 0.3950245289007869 0.5728981943803346 0.4087671120387096 0.2509568998720967
1 0.3193514915474051 0.21207736803146499 0.390336678587038 0.1970637246998345
1 0.2770388222341041 0.7539342791181264 0.1060259476564369 0.10544951752327865
2 0.3019394091948984 0.08900548267064559 0.4336059093562688 0.17801096534129118
3 0.3203311410794311 0.01891161595125705 0.34739305138963145 0.0378232319025141
0 0.5728510919346939 0.36834496131427497 0.3798105311242455 0.18437212073883913
0 0.5910097159404197 0.49636240400225023 0.372598992662707 0.18386784084501578
1 0.5738321608749966 0.2377808491658476 0.3994056054939779 0.19052455943006047
1 0.6962891219436376 0.5941219331279423 0.22286778359690482 0.13274876505522215
2 0.5700966137923477 0.10875484669022556 0.46245206320242266 0.20210652363806839
3 0.6212493603586113 0.028443513884111017 0.2569217976402997 0.056887027768222034