0 0.45074354944107703 0.60317613500452 0.25554224383758345 0.4087671120387097
0 0.6440815182050128 0.5715948537995893 0.24936098183228841 0.39157588382282343
1 0.28804233032776216 0.6396920475524694 0.18808748253104662 0.3725989926627072
1 0.8073464356918708 0.675321704737384 0.1135198899824772 0.16149656176437988
2 0.1574251634281761 0.6544270548969077 0.18220035852344066 0.41754345930785774
2 0.9222159128483646 0.6750829192254706 0.0901684116588999 0.10955857197775797
3 0.07773036948805877 0.6411162441742897 0.07775593894030834 0.33795981934372843
0 0.44529882262650217 0.38832306446480447 0.16404902099258495 0.3707774669678913
0 0.5689006753070645 0.37653836098265714 0.17027943824155017 0.3593046939071053
1 0.3183365802013555 0.3737565365393849 0.19206112262501007 0.39201191446295786
1 0.6720210771684301 0.2768131889403509 0.1308371752996041 0.22731117076563404
2 0.19502906388456523 0.3891470092523014 0.17935490864089512 0.4412176157073561
3 0.0826371657474229 0.3456611825712799 0.12799172541705855 0.25098532716513244
4 0.03583570024684519 0.3649292339609114 0.030071861080580388 0.22206460900125408