0 0.5790659479648872 0.36822249156174247 0.24680149570016263 0.381656509410473
0 0.3920392607638839 0.3680744076808874 0.23904349953017942 0.37406703023295107
1 0.7373927711386323 0.3330789861861563 0.18357288542223615 0.3687656385898983
1 0.24318295179490396 0.35785978673004953 0.1655067571095278 0.31993283408100825
2 0.8571117660319433 0.329699623384499 0.1707891816244935 0.3896443725425467
2 0.1423662837439848 0.3984306639873496 0.14602210980810573 0.37876918554055056
3 0.9380407800753384 0.3604882493106165 0.09728830195442785 0.30438615662926516
3 0.07629637726380124 0.426342187662829 0.0928807775362842 0.27781786869829617
4 0.03254912623275708 0.44684809170913603 0.06509825246551416 0.2287331037120839
0 0.5469934225856669 0.5366858034986071 0.16842119822123303 0.3583943725425468
0 0.4345770424386352 0.5392411839393249 0.16270274306613294 0.3461231812959936
1 0.6715559725372557 0.5649343814129332 0.18932720332792222 0.34991281007511255
1 0.3279329115725822 0.5770932644461259 0.15643783020258795 0.32664045158790206
2 0.794880736661336 0.5617439889692675 0.1792399253218175 0.4379732560967922
2 0.22942901339076843 0.6189920450190101 0.137425076291886 0.29691243607112017
3 0.897480228839932 0.6250424172819967 0.1260240287322712 0.24124603381667514
3 0.14210672804022548 0.6566500443581773 0.10835806830911168 0.16609690185413856
4 0.9447926788883431 0.6058014264319433 0.04192527609824163 0.20571270570219588
4 0.0755455773857523 0.659195203179611 0.08391943888110133 0.19115342692117346
5 0.027238385246575538 0.6476322356746205 0.054476770493151076 0.12852744668251231
6 0.011786572128410694 0.6005103860069403 0.023573144256821388 0.07754275649709855