0 0.6481749167078521 0.5773026686364311 0.2878131701344432 0.4098328188558764
0 0.4767373667562632 0.6029656941210467 0.2715685675165504 0.385458656475748
1 0.7945363032382452 0.5702839408487174 0.2146407328527546 0.36253718786474376
1 0.3393911130069316 0.6495080080965275 0.21077966614305602 0.34325046849369684
2 0.8966015914505829 0.5534550078936958 0.20679681709883424 0.39115954114978646
2 0.22874104502056058 0.6352268164022434 0.19613857389991182 0.37170497135790614
3 0.946108128316281 0.5192686304681616 0.10778374336743796 0.31311746142115393
3 0.15200012066696522 0.6394210670449786 0.14554737760083233 0.30573807253878205
4 0.9774036664586514 0.4860054303572107 0.04519266708269717 0.24452291588707262
4 0.09672959050379654 0.6250549452012286 0.10974356336379294 0.24491456686901714
5 0.994412742105056 0.48441185629834327 0.011174515789887844 0.2317203831539531
5 0.07775411875195683 0.6447612906243589 0.07317527609824159 0.2056697264435899
0 0.5140257478500813 0.17345852466837564 0.20746505714180194 0.3311752875841882
0 0.40619904469067475 0.19643694835870695 0.19766751995693574 0.32854764086923094
1 0.6215792221552655 0.15498710208755317 0.1998892135413003 0.30997420417510635
1 0.30217819470681173 0.2060823179223288 0.20079997638870822 0.33821897562489334
2 0.7307541382104911 0.16700532791773479 0.21150827642098208 0.33401065583546957
2 0.20276495308586667 0.22886491612168788 0.19726735206738688 0.35493399842126083
3 0.8076040702241201 0.14914332724567278 0.18732352506362476 0.29828665449134556
3 0.11963217683339994 0.244044324877564 0.17457568401646772 0.30881332037596165
4 0.8677002240702739 0.13753367313803347 0.15891340185760547 0.2604566465976497
4 0.07403224481977097 0.26196227568990377 0.12693479157967918 0.250113910158654
5 0.9230618305181835 0.15310171805870648 0.11090820428185375 0.19694954407264964
5 0.04525923588306506 0.2794885755202991 0.06392419662182013 0.210253618190171
6 0.9540773032311 0.2763962437192834 0.08828826173210604 0.08844076630790604
6 0.04941288223055562 0.3660829871990385 0.056566368341385766 0.17648787175576922
7 0.9818463439232423 0.31055263619658036 0.03630731215351528 0.07066269084626078
7 0.04072761124614832 0.44213984188685895 0.019887654007524177 0.07245108545705133