0 0.6242961288737625 0.40297588921300587 0.23735683940800512 0.384118544978119
0 0.43723670142603716 0.3722798118028995 0.22778341408331337 0.38624261201428717
1 0.785311861890762 0.4100660355879591 0.18177466283469373 0.3656828919745473
1 0.30785741508626485 0.20617323355021108 0.0932343219273313 0.11083097854101825
2 0.911115171706103 0.43657467496902186 0.17055265858862667 0.4110062450005267
3 0.9681780900380184 0.4743110419827824 0.05407710164599804 0.3451488955883902
0 0.5703746978061811 0.5986224334605807 0.1571068119358398 0.32892575187265977
0 0.4505180644394161 0.575894425258836 0.1571907305172256 0.33373344418035206
1 0.6863738061980199 0.6356686014162732 0.1701330656816986 0.386967783462065
1 0.3327776454838247 0.638607872687759 0.11899311438419875 0.21008811864290558
2 0.8012129508036285 0.6702759508284095 0.17101421078624804 0.4374485526928342
3 0.8961080182366897 0.7451891266205746 0.1217745941542805 0.23179267880694054
4 0.9550022490059207 0.7469027737163525 0.0467518518967356 0.20077823679878185