0 0.34028991120549507 0.4293465572324754 0.39521109697901097 0.26506205955155965
0 0.39668158860137365 0.602868010118087 0.3803955715709047 0.2595826016398132
1 0.2805376456989491 0.28855692975880953 0.35885926667362955 0.20110656740944252
1 0.4283725972318244 0.7546165534152457 0.33222073473880714 0.19747115098149728
2 0.25578821842201693 0.17750582967602194 0.39653590816510936 0.19328255773820205
2 0.4987215669324112 0.8478594152848575 0.38652807506469544 0.18802702169447372
3 0.2665567676028203 0.08772381497864665 0.32069226294194597 0.14425065279485477
3 0.5513851820865939 0.9165896386101433 0.2980765263447572 0.1312237736195429
4 0.29638424102763045 0.04478724215857147 0.25726029697304276 0.08957448431714295
4 0.5874918312718734 0.9450702624570941 0.24789029184384284 0.07380805433491024
0 0.7762694708751308 0.3016626305946545 0.3390398247153165 0.19299934147583192
0 0.8094323596905244 0.4123218674084105 0.32422429930721 0.1875198835640856
1 0.7468104634117636 0.19203737545680802 0.34105122238413305 0.18830361010214863
1 0.8388434021067188 0.5188155303213523 0.3223131957865624 0.19126726092603974
2 0.8476736913859617 0.6202512457887553 0.3046526172280765 0.1990386040576233
3 0.8781385960498203 0.7055581370531177 0.24372280790035952 0.17253700197096358
3 0.6692747312375562 0.04462252561042941 0.3193186932443432 0.08924505122085882
4 0.9052185333472591 0.7669385277130275 0.1895629333054819 0.14625932175232192
4 0.6711390599075285 0.008061009099696549 0.27977811981505707 0.016122018199393098
5 0.9254916694791064 0.8358663396365029 0.14901666104178718 0.1445799077421866
6 0.8780630778895689 0.8687990675739857 0.15286463590141472 0.11248688680977145
7 0.8170101820865939 0.9042179554021476 0.07402847179686106 0.0561314824708767