0 0.4834660247242687 0.40278571086393633 0.36822927180282944 0.22175039933371002
0 0.4878806734486829 0.5749404899816144 0.36302913101010775 0.21680281746717858
1 0.4557732338096165 0.2554038134686247 0.3463005184205249 0.15876078587777334
1 0.47002307718335057 0.7103952119500332 0.32186960839703416 0.15325364577588593
2 0.4470412550177137 0.14843265962247085 0.3673464610775963 0.15217875043101048
2 0.5035048799843513 0.8106223302276667 0.34953841678809994 0.13966990620584324
3 0.47892928135501067 0.06678469699791255 0.28247610396659223 0.1113390894692087
3 0.5166031457213298 0.8825278805047928 0.2716833738961197 0.09663623342845376
4 0.5002451811201019 0.02563693145158437 0.22846329837055906 0.05127386290316874
4 0.5311487140214163 0.927886205920482 0.2162478433588135 0.06384744828122443
5 0.49266577179536913 0.007590599102883338 0.21129308205227668 0.015181198205766676
5 0.5093668312718734 0.9562298844839078 0.18681301678511575 0.055796572466652025
0 0.65897117321079 0.4422558129815953 0.32446967879339483 0.15572743670915165
0 0.6555858091122047 0.5483747676479236 0.3190733137581586 0.14837600868877404
1 0.6994199284514762 0.3326488680804184 0.2737926853201108 0.15185475018749572
1 0.6832542207711048 0.6511805940279521 0.32849247413102844 0.14625194165260616
2 0.6810725650441886 0.2259574933519426 0.39378876876990393 0.15294814300462506
2 0.7306439622670607 0.7594364775572401 0.3260886279771823 0.1461819968731866
3 0.723679786952536 0.1427928561430734 0.22718764242813067 0.10973035954255998
3 0.7484272305686391 0.8444582645113906 0.17292945734591297 0.09136465131840765
4 0.7011623608426875 0.07357093113747154 0.19196400233416738 0.0895203633999176
4 0.7206846893120681 0.9030948267258617 0.1595366568790793 0.07418800434438702
5 0.6872300428919801 0.026608716172662826 0.15634791375517446 0.05321743234532565
5 0.7088860620411043 0.9504244677920884 0.15894798415153516 0.06697646588284857