0 0.4158092259994278 0.40939491257753097 0.2326397836718126 0.4164026112090683
0 0.6181274801188839 0.33534701500226316 0.20920716548835772 0.27339903504655727
1 0.24329210759254985 0.4094783992600616 0.1587330241122838 0.3728982738092959
2 0.11211455080692093 0.4222452532286224 0.1538726652649346 0.4228747631462419
3 0.028306054591242063 0.4506876471798536 0.056612109182484126 0.34862470564029285
1 0.30468557581289785 0.6603611690574724 0.14911763949689918 0.3722259006175314
2 0.17993583095074428 0.689450666209133 0.14878838454956733 0.46804356017549537
3 0.06843357320457306 0.7427719881885314 0.11685336323612289 0.24537687434017877
4 0.011202454032167916 0.739737512184186 0.022404908064335833 0.229491497718302
1 0.7783257600063754 0.2139280742081372 0.08576136285509342 0.09225363366845994
2 0.8931769039907742 0.24303516464260774 0.08078904307373537 0.13982627685155968
0 0.43689380034708863 0.7026306366804614 0.10773848889643116 0.20400720983097095