0 0.41849949983148443 0.3565901732728 0.23532872263937663 0.37980937643832036
0 0.5964020465913926 0.37013131273566824 0.2323784187770857 0.3725698666944043
1 0.2765097749686492 0.2969983445747571 0.16933196106864096 0.36463107489104807
1 0.7452583555603727 0.37080093938210273 0.1667818250958989 0.330977228737202
2 0.16942961346246177 0.28383397535867255 0.15673040984037975 0.388501708735244
2 0.8507170753165189 0.42121093834161394 0.15268719056119934 0.3668391220682511
3 0.08808108074594852 0.29558832101063004 0.10745014427825701 0.308671302575524
3 0.9243434746136345 0.44797407371595005 0.09583108139857516 0.2821171097537058
4 0.035505556966141175 0.32381994870979064 0.06683863773352533 0.24815557949370598
4 0.9508216450565278 0.47888841832741874 0.04152510820869264 0.23104894359300682
5 0.020358127989967757 0.31335228204720295 0.040716255979935514 0.24337585846839127
6 0.0037768270001894847 0.2966931866645456 0.007553654000378969 0.15884964513048944
0 0.3500186501560717 0.7848943578930795 0.1636493686641264 0.3213338728394396
0 0.46523904434649843 0.8015665968516117 0.1557092199246616 0.31163457437692227
1 0.23425179825720036 0.7754336573960857 0.15570921992466166 0.31163457437692227
1 0.5711352141510557 0.8303559660676962 0.15680213534155113 0.3260576512999992
2 0.13250785539185708 0.7393907927948964 0.1530514957001626 0.3716468143759434
2 0.6757025218433633 0.8291392152842703 0.1519944430338588 0.3260017087352439
3 0.06166637982071839 0.7199231097292315 0.12333275964143678 0.3211101025804189
3 0.7612391442496762 0.8413534029648303 0.1355676878464847 0.2993915733486705
4 0.0285313846082394 0.713354910762378 0.0570627692164788 0.2704055630906287
4 0.8255965326950776 0.8478097168021734 0.11473340824096677 0.24631115898741193
5 0.875530844217402 0.8544338583337822 0.09979973636003063 0.2077097641139855
6 0.00953798148110686 0.5477412676883918 0.01907596296221372 0.07759438770013952
6 0.8992795649346251 0.762891905510985 0.07302898627934586 0.17137235898251701