0 0.2972297714755816 0.6056688050849671 0.40427353371093516 0.22336526159230521
0 0.31737631830988255 0.4071976553395825 0.39225430294170455 0.2232254051804171
1 0.2698449813068683 0.770584008164827 0.3512744397572034 0.15066248004699098
1 0.318234856628856 0.24499398251972235 0.3439789571382329 0.14817472004601184
2 0.2751792138932166 0.8930682768814704 0.4012515440433801 0.13682680005384368
2 0.3751487915702115 0.12899399892279956 0.39362028479468125 0.12472365543748011
3 0.29056381908795204 0.9685796461097923 0.33846917715939956 0.059204441071326656
3 0.4140186131518787 0.04804558353328931 0.3032509264260281 0.08282333337412401
4 0.4490995099820703 0.010145154849931077 0.25564713388201316 0.020290309699862154
0 0.7982485390317984 0.6394862686065086 0.32010838391463553 0.15270269952992793
0 0.8122709919123674 0.5131724604000751 0.32217645343875334 0.1431152861969211
1 0.8248396892437172 0.3940841762963689 0.3268162574315815 0.13836353645398403
2 0.8229853096519901 0.2751637198869283 0.3387515440433803 0.1360995467120259
1 0.7914376246127677 0.7657161629658092 0.34330740387877623 0.1289439508152426
3 0.8479776913338889 0.17875813219168368 0.2951465366444209 0.12598067901384433
3 0.7572877216425502 0.9523359096362287 0.3199939053455191 0.08061528619692108
4 0.8696848132089048 0.10762090039420125 0.256097389080858 0.10870621541887954
5 0.8836347595990734 0.052192582443851686 0.2245955566085616 0.10113105028643218
6 0.7688377533164827 0.036708280921053764 0.12022284210399192 0.07108213129804122
7 0.7095390689659336 0.014571024518955485 0.06342338573175309 0.027169561034125485