0 0.6576241397884685 0.5325306845735381 0.3963477133799299 0.26098133036886284
0 0.6375406600609997 0.35442337302387283 0.38378202490225444 0.253420068010227
1 0.6911661394657279 0.6754674753850464 0.34761390552625215 0.18760693972392717
1 0.6295122738533473 0.2071463927976904 0.32820098372600104 0.1846435353347249
2 0.6984121212695752 0.7855897573957427 0.3809034465411351 0.18377847432810795
2 0.5645919157324849 0.11429281310335264 0.3753671439555165 0.17402320015388437
3 0.6808551685064492 0.8748468165954382 0.32936562464406194 0.13670650181664085
3 0.5264229569087383 0.05628596991312283 0.29997301308946334 0.11257193982624566
4 0.6353269619939916 0.9217439271583565 0.2768811771489953 0.10879535375652366
4 0.48579493839699034 0.02346040583085162 0.23994858474448086 0.04692081166170324
0 0.19879719660038447 0.6526164845608501 0.3232111388488273 0.18209979962203976
0 0.18193583018115234 0.5427739816678318 0.325797137572155 0.18457359055530548
1 0.16015305633137766 0.43826375692815217 0.3203061126627553 0.18279924741623488
2 0.16351391317914035 0.33631012972794916 0.3270278263582807 0.18795666362102473
2 0.22530839097731034 0.872511324685145 0.4165968337098641 0.18001995371170829
3 0.24617711392513714 0.9294692121935478 0.3314051656589449 0.1319687542883681
3 0.14016819916801945 0.24933913768617916 0.2803363983360389 0.17439864770456476
4 0.2555551324368851 0.9639752575272195 0.28285351037474854 0.06099820979727856
4 0.11906211011655596 0.18630169001374142 0.23812422023311192 0.13701200458790178
5 0.10367447622019266 0.12432627585938774 0.20734895244038531 0.15038590981968605
6 0.18715220682805309 0.09409408825163511 0.1407727092271725 0.11682773209884226
7 0.25608134088578677 0.05491099143298323 0.0663252039591131 0.05229933349567647