0 0.6319962824704459 0.44036350654465867 0.35747739510328214 0.24380159369775684
0 0.5929804601689089 0.6089954082866458 0.347736132615819 0.23636625467510713
1 0.6849736294974386 0.2985096133366459 0.3372396028958849 0.18566168488322682
1 0.5797295136164172 0.7481667095784726 0.30316616383511036 0.16083992138087638
2 0.7037097003008854 0.18952626431859032 0.37317141733149867 0.179289398525855
2 0.532524922583052 0.8348440415285795 0.3366102135354925 0.1496039925755344
3 0.6873592257747525 0.09295279211266085 0.2809860776714881 0.1290863701183763
3 0.4870677254056165 0.8902993485488252 0.2491486476017886 0.09470517214091902
4 0.6689466627124935 0.04563019099043859 0.2389458329167042 0.060827525425961745
4 0.45647417770353277 0.920849971795353 0.19107870629324544 0.07172775338963679
0 0.4673957598680236 0.4329251527048615 0.320118964784112 0.16844311082435937
0 0.4452217569965788 0.5322091918971157 0.3272046253735719 0.16139942278365418
1 0.4562515909111649 0.31362704231794913 0.3011399512974997 0.18241858662521382
1 0.3990932111680581 0.6261260373788998 0.31531127247641966 0.16833121054380376
2 0.47150777035592095 0.19734822962793844 0.3973777160327315 0.18946428454401743
2 0.3410713124423852 0.7125515936977567 0.2763881818172601 0.1409937006070514
3 0.44324296328728935 0.09448539133600464 0.22565565684233382 0.1253956707381412
3 0.30008613324709954 0.7873495702293272 0.15324655719209937 0.10689024345288473
4 0.4718102984517625 0.04224420256458373 0.19099478771185965 0.0669200610819446
4 0.28343313062512515 0.8458801250867525 0.17682346653293982 0.08100743716335483
5 0.2704698158153057 0.8996869128469019 0.11672731268678596 0.07960868365641033
6 0.32763763237395305 0.9310777931366456 0.07556821303655152 0.0618306081947652