0 0.6299527776457079 0.6269333867453112 0.3977132536201975 0.1943512800518859
0 0.6042224275222853 0.4441152082823041 0.38809786900481286 0.1942393949223753
1 0.6759687510779783 0.7787672923909053 0.3707805836876857 0.12919569235664105
1 0.605375790453787 0.2964325118738425 0.34875351981804126 0.12413625850755029
2 0.6934085277721146 0.88944211495615 0.4010494624751125 0.1175400882583192
2 0.557986048957831 0.1866099713558008 0.40266841165890005 0.1079526749253122
3 0.6773417256773322 0.9677315743891595 0.31338281072523316 0.06453685122168114
3 0.5177586906797433 0.10568952724866813 0.2861556060628668 0.06336879388433392
4 0.5031150102583997 0.05868865647796891 0.25353203636526417 0.04617824413650192
5 0.5038755279727062 0.023874844170766095 0.2481356713300277 0.03891076311020825
0 0.19608312449831217 0.6074754789942648 0.30347289137999367 0.1284124964500681
0 0.18406429046124717 0.48965904617342565 0.29827275058727193 0.12354886157762056
1 0.21290965084306945 0.7253478543798592 0.31750351981804115 0.12377263183664138
1 0.1741303885924213 0.38267390668608303 0.292680161309521 0.11387753439748084
2 0.24587631541594845 0.8350025672036353 0.36459932168239095 0.112312826714963
2 0.17160424942764857 0.27817652719971936 0.29989169977105945 0.11396144824461356
3 0.24933461891570735 0.9214990718185304 0.3353607193512077 0.10716947901873926
3 0.15342853264104075 0.18790642565978935 0.2742834442924805 0.09445096619006826
4 0.26858976740222873 0.9655078574401397 0.26030197109810305 0.06898428511972063
4 0.13019974406055584 0.12399471796503422 0.2350370088608834 0.08438804105664194
5 0.12460735314888777 0.05548510258041883 0.21477596317387068 0.10096322259216654
6 0.2211782254095983 0.04700255490132731 0.17793337389611968 0.09092826874111783
7 0.29071811725045715 0.031000784654543652 0.07662854219322203 0.056127600009789766