0 0.7139769132482929 0.5129712537650019 0.38700287019546226 0.26196757085368066
0 0.6763867460068036 0.32997626614311204 0.3796933825090091 0.2590594448060112
1 0.7526486121072835 0.6633462250120273 0.3480067011403363 0.18733078676917905
1 0.6629064571507404 0.17663439219078164 0.3284820842348238 0.17877450192411154
2 0.7596560718321087 0.7761589009448554 0.3933859303886699 0.18331302096852214
2 0.5963415643167906 0.08315188555474368 0.3760692611871746 0.16630377110948735
3 0.7536158339261014 0.8645716587520045 0.32191130587867123 0.1351690845589984
3 0.5584983437261308 0.035243055775761735 0.3141120720676462 0.07048611155152347
4 0.7037452022793265 0.9126568185038928 0.26294565826247596 0.09988484540841114
4 0.5163596191868584 0.004161149073702863 0.23945000760448593 0.008322298147405725
0 0.24470654460232885 0.621722740656588 0.319062598069268 0.18290982104003925
0 0.22553293027090118 0.5061447619826962 0.3210746473234564 0.1734625297225959
1 0.18622047130652455 0.39920711480284254 0.3454069565366613 0.18235500116354564
2 0.18056185849599407 0.28991616145181315 0.3429051611579007 0.17978306171175829
2 0.28275992559044083 0.8456671595428328 0.4179141380517037 0.19701318471716406
3 0.3134895569444768 0.9194552404626636 0.31989925662448304 0.14461637587644205
3 0.15424812254999265 0.20617650932071546 0.2969382365600804 0.16937775058933832
4 0.31005315378558673 0.9534452732123919 0.2883105244807246 0.0752915639934561
4 0.1310728519446958 0.1402976100455227 0.24999181971311565 0.13493397792845688
5 0.11189514746982596 0.08378195543880297 0.21594617665961172 0.12296528714189646
6 0.20711847598698485 0.05422168505961926 0.1451571967240143 0.09164827380929595
7 0.27435475144771243 0.018181026068297038 0.061173595320212826 0.03064464014083596