0 0.5835286078358946 0.3803303520981381 0.34927268726252253 0.20895151081330873
0 0.5817955493524909 0.5507515965489187 0.33447166962346214 0.20123630740717774
1 0.5960210947019173 0.23352784839865853 0.31702506697251753 0.14304033477027753
1 0.5963122812527508 0.6858134068243376 0.2926086647180725 0.13498935473441848
2 0.5923267813036072 0.12088285579761765 0.3604202779804095 0.14695517575790124
2 0.5660326870909199 0.7828486666312207 0.34208159203955246 0.11752141280972293
3 0.569217839126178 0.04043800475060326 0.2735140973452485 0.08087600950120652
3 0.5483971140819835 0.8446504084988902 0.2556793323590363 0.07131413653036899
4 0.5303681383293719 0.00960772553776369 0.23734064641817937 0.01921545107552738
4 0.5330972862979206 0.8847755629032281 0.21836183766473247 0.04601651263042601
0 0.39761869324808524 0.42521361860323115 0.30209806909479586 0.1329212852103004
0 0.40295586055863264 0.5294031775870944 0.29223072400208905 0.12777781627287974
1 0.3926594666535213 0.31381252115782937 0.3415674494656236 0.15349516095998303
1 0.3917180652695792 0.62937265336529 0.32348072400208905 0.128869090319497
2 0.376693962008658 0.2063949416516412 0.3766172998640266 0.1355235540906951
3 0.3175903176428671 0.12087907720820687 0.2192334777160763 0.10843256847299412
4 0.33585579184510933 0.04705810457130666 0.20329863792906538 0.07908274968224774