0 0.4583636322751342 0.4097150341629852 0.39578805185025223 0.2346177744361406
0 0.4589766603724538 0.596209009535891 0.3908404699837209 0.22961418367861944
1 0.42868175416661075 0.2580992702553561 0.3672474007753592 0.16142494834669713
1 0.4405816154040543 0.7497837579418091 0.3458226197290024 0.16775494378400532
2 0.41821778346206506 0.14661427177625333 0.40309525874479313 0.15568264825887537
2 0.4655036354213866 0.8618829841483482 0.39327003979114994 0.14807931289767906
3 0.4289908700285361 0.06194093565460848 0.33919636315640295 0.10505904533417662
3 0.49545604391146125 0.9400834911387552 0.30285889173103253 0.09397442234507516
4 0.4672554359786075 0.023964003861127355 0.2781909271777954 0.04792800772225471
5 0.4666609053535416 0.0037649634984674046 0.2410141183993909 0.007529926996934809
0 0.8627765705379731 0.43743687054876834 0.2744468589240539 0.15829057314943476
0 0.8561816732644189 0.56042482129458 0.2876366534711624 0.15407057619122902
1 0.8623347912985377 0.3208013574747727 0.2753304174029246 0.15098108546298186
1 0.8632864880114958 0.6722036674484262 0.2734270239770086 0.14357364855161456
2 0.8366526274437178 0.20759815741622484 0.3266947451125644 0.15053622380742468
2 0.8540429378561272 0.7786095681796008 0.2919141242877457 0.13925570236849438
3 0.8487196924294497 0.12172289821765693 0.3025606151411007 0.13743955156413495
3 0.8687773692053931 0.8671111043597934 0.2581650417198287 0.12576723322554692
4 0.8573301264793783 0.06047678318298227 0.2748520752379129 0.12095356636596453
4 0.8764306869063668 0.9233566159128921 0.2332172980489136 0.09353774097640237
5 0.8284268896805964 0.027350436648911812 0.21102312442894197 0.054700873297823624
5 0.8833495844234357 0.9543617428506059 0.20495642609169862 0.029960299502343666
6 0.6948735385832958 0.026796404651186413 0.06686229997759231 0.053592809302372826
7 0.649667964553237 0.0047679472951921535 0.0560578541120762 0.009535894590384307