0 0.6338357738506625 0.6475037215008281 0.3590913241294379 0.20973116856447924
0 0.6360559919850062 0.4662931160031217 0.35408773337191646 0.2047835866979478
1 0.6582313196239478 0.8042783073464747 0.34481926118717443 0.15409298312892014
1 0.6627289107919767 0.3254104474483619 0.31989925662448304 0.13175891995010966
2 0.6559662170205889 0.9254627037774467 0.37557951506260234 0.14298303449214317
2 0.6310687618012536 0.22604839017734527 0.3624828428193126 0.11619100290273766
3 0.6274587953181935 0.9811945350912102 0.2929223183385882 0.037610929817579505
3 0.6066425935065765 0.15690927177795427 0.2790869367649978 0.07294749578708977
4 0.5857466874522615 0.1154843289272136 0.24224565065799006 0.052667554865027895
5 0.6170232198302112 0.08758242960322311 0.16493077683525514 0.040813937308218924
0 0.22592063702711676 0.5948176691635465 0.31808310582012356 0.14611205209376704
0 0.23073650962169343 0.477308986742763 0.30577002737614944 0.13855078973513102
1 0.21865194366623678 0.7110544837279874 0.3300043873644399 0.14405792983701843
1 0.2168603337225303 0.37246189993277723 0.3339305366479021 0.12256320401124189
2 0.2281611987698226 0.8265789886714419 0.39481028429337156 0.14354259272749914
2 0.21986005551274748 0.26930634965565114 0.38970874431093594 0.13619116470712156
3 0.22717352623379378 0.9201890991126027 0.3390320766303378 0.1299146320316195
3 0.2337485018422371 0.19768057849620313 0.29036745820392806 0.11409265952015236
4 0.24475751073208277 0.9674477841220112 0.26206411523824585 0.06510443175597767
4 0.23044067042965338 0.14596291379880105 0.2584318136295269 0.09635645431077568
5 0.24597181134818108 0.08518942272137045 0.196617458203928 0.1113648131227915