0 0.4102699026000691 0.4234679829993721 0.23225543206546312 0.3790220018733021
0 0.5853520585692564 0.4606288911644815 0.21774843656100054 0.37303696411052173
1 0.26318863137100157 0.36813096131548917 0.16436030968807117 0.33987387692904514
1 0.7285487418858738 0.46268884897871965 0.15217324175606925 0.3292773711010871
2 0.15045961788438936 0.3444853449942228 0.1555001923051575 0.3823582107282172
2 0.8178957461319409 0.5157203349960967 0.12872221028730735 0.3609689748297865
3 0.05464417582490007 0.3582709906782514 0.10928835164980014 0.2922877128244916
3 0.879850275352934 0.5520721653014782 0.08394244505313445 0.2708984769260611
4 0.014561121379510218 0.38118126200529506 0.029122242759020436 0.24313175477982085
4 0.9128327728556951 0.5932808431582219 0.05396339035827406 0.20363993986203882
0 0.4131325711827222 0.6042470051441203 0.1493917619859875 0.30744653147395706
0 0.5198729489300654 0.626200137782177 0.14454211038760229 0.30465023683508174
1 0.2904315191098363 0.6002491841604876 0.16149491133660382 0.3132353449942228
1 0.6229865778012932 0.6490608571333847 0.14454211038760215 0.30465023683508174
2 0.1802741889398415 0.5671844074663512 0.1582816720752391 0.40418905035534725
2 0.7163379645397112 0.6795501410529953 0.10402456668211521 0.18372218741638535
3 0.07602765921990744 0.6092275342689896 0.11426934065789217 0.22056477669413638
4 0.023448301699947695 0.5803815787889187 0.04689660339989539 0.19922469603937587