0 0.5457772149175789 0.413649007128733 0.3801831286335815 0.26243429152969544
0 0.5001164084248286 0.5921230743805694 0.3821951778877698 0.25293086784831986
1 0.6139092953501598 0.2725168689983449 0.3557079857264472 0.1917151046620759
1 0.48106727569626506 0.7357677056714652 0.3290697795843105 0.18567584208028456
2 0.655478676631011 0.1650122437519744 0.38205234419384015 0.1905428287823288
2 0.42195879438614003 0.8320928071536725 0.37175131500405456 0.17326806196936972
3 0.6579008748759224 0.07612591652667121 0.30317028277247443 0.1388831558171174
3 0.38801519070099266 0.8996540685265588 0.28305797051747505 0.11635285296042988
4 0.6480855016672668 0.03332938394858342 0.24351899058187762 0.06665876789716683
4 0.3719269769543701 0.9411912187459974 0.2363074521203393 0.08778328752195108
5 0.670552685463655 0.01675271600950682 0.2041759090961093 0.03350543201901364
5 0.380709793157982 0.9611760673176538 0.19387487990632343 0.04741841318225955
0 0.36938837028463006 0.41466659731685684 0.34349285650738726 0.18634760768433856
0 0.3457498859327106 0.5237353617120059 0.3482025995901653 0.1841676833985103
1 0.36947813922266015 0.2946982114925672 0.3026274718920028 0.18444427180618533
1 0.27212037847459425 0.6231360749521133 0.319062598069268 0.17561261372886386
2 0.4037380328170584 0.18993331520206994 0.3840643934480286 0.18103940510095323
2 0.18907138485092212 0.7181769396205646 0.30444362269636216 0.17013315581711744
3 0.38732125873085843 0.09232729083345423 0.2262472058493975 0.13530040592882905
3 0.16756534121261304 0.8043531850871706 0.17719079052332992 0.10902272571018738
4 0.42352178473248026 0.04057554049831932 0.21064873822734717 0.08115108099663863
4 0.17107725136191 0.865371359675225 0.16669386288371527 0.08694026658953592
5 0.46205474004098346 0.007870048356202166 0.15762128914880227 0.015740096712404332
5 0.18209454764748875 0.918842112999714 0.16188617057602295 0.08671634472151787