0 0.6924238807677464 0.44478693834309657 0.4232795312338527 0.2717529082178919
0 0.668146248146779 0.6418798807239737 0.41854178370557993 0.27396085592190916
1 0.7274010420851009 0.2853454082464927 0.385263385102414 0.2029759775364829
1 0.6597862564702811 0.8084084676792519 0.3634888801589597 0.19728674220456044
2 0.7297735289399017 0.1605902813087788 0.42104129829242826 0.19482983129481496
2 0.5944241561595436 0.9118422818656562 0.41581393730821886 0.17631543626868762
3 0.7117704064396384 0.07822284211606566 0.35623312057158457 0.11295622837011621
3 0.5494026928141607 0.9616731149455068 0.324773286233326 0.07665377010898639
0 0.18976597914980506 0.33306734571473745 0.3344328919745473 0.18889981304404857
1 0.19938497685585418 0.20980798952869 0.3198699254926313 0.1835044253868697
1 0.1619746326404063 0.5744355434919395 0.2956915743953307 0.17771724083003285
2 0.23809493513602542 0.0961374855800775 0.36787690379013493 0.1830595637313125
2 0.169077640842151 0.694774775021619 0.30290311285686927 0.1780110885047764
3 0.23673101193734497 0.049262485580077495 0.3388466392593053 0.09303981456494587
3 0.14172243792672518 0.7860984866332651 0.24245723511361783 0.16354312711268412
4 0.11978231977084894 0.8572343789995054 0.19368086424249967 0.13754568107593373
5 0.10315236920539296 0.90457668288957 0.15664394502293424 0.10242259654837091
6 0.196539783481504 0.9371938818949302 0.10751785025471851 0.06440591974238977