0 0.4852248269360626 0.6463878343553454 0.4412079665316877 0.31848084967541285
0 0.3798638509236491 0.46713565529134166 0.27941921422558924 0.23915108778193647
1 0.5291197846243858 0.8173893536667999 0.4019034071377341 0.24603702267165062
2 0.5696295810226101 0.9134643772780916 0.4298538735118159 0.17307124544381672
3 0.6013867191529982 0.9785145132508337 0.3471088280202703 0.0429709734983326
1 0.7538991054241344 0.7062702311062619 0.3823367551049378 0.23736826365425948
2 0.7715441949783657 0.8348401375864454 0.4569116100432687 0.25794866518912446
3 0.8748157561856769 0.9230377722717974 0.25036848762864633 0.15392445545640526
4 0.8843951329726187 0.9730452287035699 0.2218849061522523 0.053909542592860266
2 0.2465457806824586 0.20192733514790673 0.14356563148141027 0.09950715672223903
0 0.7633102735866343 0.5740407612694306 0.2404505376336627 0.17391879923971282