0 0.618716614819918 0.5665434930358102 0.3598983479929535 0.21094587389284505
0 0.6044702303782865 0.38401912674451605 0.35975833989807376 0.2085420277389989
1 0.6433721369396631 0.7208638238878287 0.3421150767927621 0.15258180059648324
1 0.6322674450880724 0.24051278965745782 0.3241680889568009 0.132567304827651
2 0.6430909991746732 0.8401900913052402 0.382140412838868 0.14006205955155965
2 0.5929432710915956 0.14472447350281475 0.35656186225672926 0.11250014251916184
3 0.6194951488865106 0.9316778532825791 0.28615028332079195 0.09723404466366994
3 0.567248420955467 0.07602058344735738 0.2751348177566096 0.07274773938917213
4 0.5795979666648393 0.9708967850123522 0.23132926314874985 0.020363634280249752
4 0.5504452064194341 0.035826964436026836 0.23272934409754747 0.044402095818711254
5 0.5816370566424391 0.01491033148937952 0.16980931981290828 0.02982066297875904
0 0.20569880918390898 0.552034966597505 0.3199204290286277 0.14195876757501757
0 0.210927647351471 0.4348886234659215 0.31469271243629604 0.13452330724546122
1 0.20534766737147914 0.6701593109379935 0.3199204290286277 0.1419587675750177
1 0.1964238336857396 0.33071317904264536 0.3361873197260317 0.1331271094976961
2 0.22528920977186184 0.7849281411855594 0.36517348166706537 0.13687448685965037
2 0.20108078520333747 0.224440124070374 0.36489346547730583 0.13206679455195805
3 0.2257318210221608 0.8752962938228083 0.33817114159523853 0.1260275319701668
3 0.19815246948130744 0.153470682064908 0.28232264767725795 0.11383704587257479
4 0.23559165901596982 0.9411221607185548 0.264795684125936 0.1010340885652808
4 0.19980997965420494 0.0991602217353515 0.23807336024386877 0.09499482598348948
5 0.29397215291223133 0.9709430018462663 0.16245777325648994 0.031539844117065084
5 0.20726709306939822 0.047276715976598174 0.1908364857362243 0.09455343195319635