0 0.6249244922668146 0.5277484494420293 0.36517394922598795 0.2247218051509224
0 0.5986105369963015 0.35101917501490615 0.338171836863635 0.21100807431070315
1 0.6632280311093821 0.6771881661413506 0.3312368868097714 0.1650269064656282
1 0.611235611120539 0.20795988824999137 0.3065266596672558 0.14906337493256172
2 0.673521809183516 0.7946685367578142 0.38149373417252264 0.1634541688389139
2 0.5708674228534998 0.11772249324189876 0.3367690112611746 0.12943135054093283
3 0.6671269583845643 0.8903136644092325 0.30758697461299367 0.12037126654740696
3 0.5450639196407226 0.05548400204446576 0.2701857510971934 0.0892144307862687
4 0.6333644652240568 0.941903192478063 0.2543071820319995 0.057040158020275115
4 0.5168302370042707 0.024689690007666222 0.2089699879109495 0.049379380015332444
5 0.48795443596094074 0.005097098184115057 0.09257772412025307 0.010194196368230114
0 0.4405824177615477 0.5299175425930648 0.3230176999421518 0.1429301546980161
0 0.4234129840279024 0.4201108468211364 0.3276014703818261 0.1384305533123215
1 0.4255798307532924 0.6478134674730943 0.3164779270846675 0.156891095238096
1 0.3945602023270534 0.3182859168157414 0.3162540052166494 0.1520834029304037
2 0.42723622542094675 0.7610253048953621 0.4027924667551111 0.15762903952636592
2 0.3306837099944216 0.21508887676406196 0.33078904307373536 0.1554115218502436
3 0.41963945154507193 0.8567474552772799 0.2960155875797991 0.12921642385779655
3 0.33327851689176213 0.1413864554192569 0.26901347521744634 0.11550269301757742
4 0.43512947126858204 0.9304964587415159 0.2709694776352566 0.10604135386319168
4 0.3280196669206861 0.08024242395717893 0.1927028695040714 0.07226574526507133
5 0.4511200012677851 0.9632260321293683 0.1620653407137735 0.03195566127154537
5 0.3386097388176283 0.031460540740267155 0.16430455939395364 0.06292108148053431
6 0.37136789749940224 0.012862094861856087 0.1196917974166146 0.025724189723712175