0 0.3400461744354676 0.7291176039017101 0.2838700882120371 0.43848816598168566
0 0.5407407959036716 0.7730824210148347 0.27607085440101203 0.423518631350164
1 0.17594796601198517 0.7011062291769631 0.20778366984417518 0.3943798978662183
1 0.7036105488722814 0.8254349615456067 0.19910289300892003 0.34913007690878656
2 0.08673834302288383 0.6583999680831932 0.13723547282742168 0.4273768592433095
2 0.8251782358568334 0.80330981169084 0.18703059748378992 0.3933803766183199
3 0.9145878474392058 0.8026090686461428 0.1306198100022543 0.3238293220584433
4 0.9624995481421161 0.7820135745525385 0.07500090371576763 0.271162721993895
0 0.5234833802276634 0.26133641909982636 0.18909571149387744 0.34743175295677037
1 0.6491955571800142 0.25888019822837827 0.19355649137092712 0.39809467475702126
1 0.27488529189785754 0.18857924226642642 0.19880904533417662 0.3505642093885429
2 0.15653157724441685 0.19518769007708844 0.2024862314119106 0.3819963619580244
2 0.7668595371156116 0.2941569055405424 0.19914777747793513 0.4176897491267535
3 0.08694452038574253 0.16355403415455586 0.12071057771212632 0.31588917331897864
3 0.8643132555712953 0.30393793075839237 0.18296161450639795 0.3733276029406334
4 0.9279050125474018 0.3259562020655403 0.14418997490519642 0.2849676157073561
5 0.9644769382858949 0.33848602779263015 0.07104612342821016 0.248617343761872
6 0.9765634957586483 0.4617197156319695 0.04687300848270336 0.13195766039088552
7 0.9955453017836893 0.5303024759260329 0.008909396432621555 0.05248444749506653