0 0.40966149288502307 0.38779018480349087 0.3544861188797362 0.23262823287207915
0 0.38747259366040926 0.5589438129482202 0.3374493993493491 0.2191368370915948
1 0.39423412275413244 0.24032904291994378 0.31501755744156984 0.17157097658262052
1 0.3503720023775736 0.6905990668451575 0.2906434215775656 0.15023711447863192
2 0.40942736326284934 0.12619157260890393 0.3461836388601842 0.16949730501011329
2 0.367945379625976 0.7838685156235049 0.35537943056864046 0.14630008062093935
3 0.4470375493261764 0.047184743674181205 0.28052452547386697 0.09436948734836241
3 0.38962803759346165 0.8479763466247159 0.25834443931024487 0.08740693989729319
4 0.486317293956225 0.010248492568518872 0.23409618131831914 0.020496985137037745
4 0.39979497628003047 0.8842895702163827 0.21958918581385672 0.06721506822321889
5 0.37653884491156364 0.9103259699844024 0.1713444255741622 0.053393497861395536
0 0.7826413636395899 0.40196209062493027 0.29081125874033703 0.15985249909401653
0 0.7674900824215658 0.5136957147821241 0.28600356643264474 0.15943188051937277
1 0.7989735882891905 0.2913252349009987 0.30523433566341396 0.16111435481794809
1 0.7705145048748127 0.6154385577459417 0.31219411838079536 0.14732220575683697
2 0.8032656025242141 0.18294184869059985 0.384519299449644 0.16565071514572577
2 0.7712189997555992 0.7125840176893891 0.3652046116374893 0.1591605485394582
3 0.8095628496515018 0.09718469165441751 0.32180950299617994 0.14816344290612476
3 0.7460476373684313 0.7795909567164544 0.28077628121802406 0.1349728004062672
4 0.8011642844662094 0.04340081157076277 0.2396591408584824 0.08680162314152554
4 0.7403587999561896 0.8304923445218676 0.22755599150786582 0.11111522685441545
5 0.7707744499254124 0.012255966214423729 0.18150528096855384 0.024511932428847458
5 0.716662096035448 0.881769128905272 0.18934620879048444 0.12217335518034143