0 0.6004077524763123 0.5724703121390132 0.3565144451749489 0.18795666362102473
0 0.5843875583077935 0.400770174087562 0.3510067123928579 0.17579754329295497
1 0.6401982462639781 0.718195645391175 0.3336434654773059 0.12489710538566876
1 0.5858824734201517 0.26106731804680705 0.3144126962465365 0.12433754715031259
2 0.6657293797643369 0.8258091640788958 0.361649570754181 0.11131336581562579
2 0.544014445174949 0.16235687435348428 0.34157875295413326 0.09633073065719283
3 0.6443273634877009 0.9131170181909719 0.2973294655207441 0.07824480155071875
3 0.5219953683170294 0.09437184481451523 0.2699071011642781 0.060648485900180946
4 0.6232290719417145 0.9642972352159364 0.2280616598847349 0.04263250157312616
4 0.50611406066816 0.049083464178245606 0.22565781373088875 0.042562556793706685
5 0.5271304938962615 0.017194928436808785 0.19398778944624942 0.03438985687361757
0 0.4139815217288007 0.5550195216927769 0.32346804848240207 0.11500194165260602
0 0.4138307809387063 0.44907542897499747 0.3043772873465127 0.11684622957109607
1 0.4024630519868637 0.6673229536922695 0.28075885009269047 0.12335832023843943
1 0.36814697132041474 0.34686413322003473 0.299149570754181 0.10949480155071861
2 0.41830879682439803 0.7740143284207452 0.38088033998495024 0.11187292405098176
2 0.29729278113417845 0.24658918072589994 0.28953418613879645 0.10921502243304057
3 0.38276371981444457 0.8665495435170308 0.2212464371669457 0.09042964553237126
3 0.29699017797875926 0.1587089065516763 0.1772771659233161 0.07715140873358929
4 0.4084585699505733 0.9356315789637937 0.18364865581557602 0.06293816614877092
4 0.3103168986836881 0.0981231392495859 0.15664631574374924 0.05255338895977168
5 0.4276656306404524 0.9760073501232417 0.16019393519752365 0.031058663133995388
5 0.31657208902195827 0.04015105243960017 0.15295868819509495 0.0716442686317019