0 0.39329735398059934 0.4203505982442384 0.4190313971615164 0.29078777899883224
0 0.315866166129332 0.6001044291891127 0.365587223541545 0.2694021268199451
1 0.42449590667343373 0.25796650125675885 0.38836667905045535 0.22711238829985886
2 0.455777265972479 0.13409291734327503 0.4220205252043015 0.2284836774486611
3 0.5022418460320888 0.06739536261957696 0.3416701540896685 0.10756084071293723
1 0.6278343541023568 0.3829766730609399 0.39056069086604295 0.2199987990632348
2 0.6852082971966121 0.27219976139074575 0.46762365734795874 0.2279408665681895
3 0.7683600725786899 0.18533682965614903 0.2593541029699604 0.16663261784093153
4 0.7718352009867468 0.10726080426860624 0.2240215821100461 0.10756902099982159
0 0.6670817600549657 0.5229609129555539 0.17431020545289128 0.13195439496892575
1 0.19571244391739856 0.7179500456269158 0.18173157825268843 0.13945978110520776
2 0.1574993252744929 0.8319143972502716 0.15204608705350048 0.10943823656008024