0 0.565643469964282 0.6003708820731654 0.3735938782302809 0.22954153987397527
0 0.5662564980616017 0.4136803566650592 0.3492056927947218 0.21556006667959776
1 0.5850306036713462 0.7621888937290814 0.34292916011921987 0.16468684896379918
1 0.6232678554319683 0.27617036692345887 0.24112828430464717 0.1275992769320292
2 0.586201167449224 0.8875813422141108 0.39327003979114994 0.16399986574891492
2 0.6624031180341189 0.17334449979194816 0.1684533414539063 0.10248178042581994
3 0.5652696129494683 0.9656708643439385 0.3077365288181444 0.06865827131212317
3 0.6259699781757462 0.10049337345017496 0.12399504943454404 0.05808435944517122
1 0.3439557892286626 0.683476014465869 0.3428592153398003 0.162283002809953
2 0.33204508871922567 0.8029815373093753 0.4221161936373038 0.16635455665909077
3 0.28569828765553645 0.9052187317133421 0.21674009886908807 0.11361780373765165
4 0.30406760897035323 0.9610965602606378 0.21667015408966853 0.0778068794787244
0 0.2909976159739633 0.5574705139975434 0.20549026067347198 0.1390789902173861