0 0.5314580794621311 0.6075934547516257 0.38254281966646914 0.2096977698734492
0 0.5476144446118361 0.42620101936115556 0.3749669760659675 0.20459622989101334
1 0.5477177746387633 0.7589602554535266 0.3417491605522559 0.14572853149973225
1 0.5742596750654715 0.2814049970154072 0.33843455155100177 0.13361135150558712
2 0.5582962968191578 0.8739265415605344 0.390954861796654 0.13095854214601269
2 0.5469632374681876 0.18022511786953233 0.3684094835646307 0.11805776835255187
3 0.5240945735485902 0.9562246625324283 0.30186626428545055 0.08755067493514336
3 0.5345811209682704 0.1049712679134432 0.27174504245292563 0.07577621011934993
4 0.4977060599821611 0.9911294063756547 0.2479245962345312 0.017741187248690473
4 0.5259317127344487 0.060010367942717115 0.23867351675810988 0.05046440865700056
5 0.5568726211296405 0.03354152787245973 0.19875475774071888 0.02966645182760015
0 0.34521521607320926 0.5674525175189185 0.3315873182284265 0.13812519613853608
0 0.3571089272153901 0.4582244413562902 0.3334447066738279 0.13101160690191202
1 0.32057366388387126 0.6858062321723591 0.2986620823525067 0.1463692916051184
1 0.3388634851497533 0.34897392295915436 0.3088597874269218 0.12282057619122902
2 0.31811318478759343 0.7978299513884916 0.3859650169194801 0.12835879754233742
2 0.28326735141476034 0.23940711465276762 0.2996087079505002 0.1272364715992636
3 0.2571959249704958 0.8857703245971471 0.22567179764029982 0.10025953331336869
3 0.2852903804626271 0.14906698543370792 0.18371349760802586 0.08417131956674609
4 0.27586088570925094 0.9575194489321753 0.21015580530033345 0.08496110213564925
4 0.3234980408535127 0.09034212073635638 0.16524720140576848 0.06185105960772957
5 0.30151936958947717 0.9922752238663091 0.15584983211045114 0.015449552267381907
5 0.3370297057127512 0.039051225328321844 0.15286366549757455 0.05655362117546504