0 0.45552884615384615 0.6372339868788992 0.3798076923076923 0.25884012216388924
0 0.41586538461538464 0.457868702655021 0.3870192307692308 0.26141181873856867
1 0.4567307692307692 0.7982637041164526 0.3629807692307692 0.21037154810502165
1 0.3641826923076923 0.314840861440224 0.33413461538461536 0.1808539925755344
2 0.4855769230769231 0.9057653793561963 0.3894230769230769 0.1749293073403848
2 0.36658653846153844 0.21262144976148473 0.3557692307692308 0.16693446691495759
3 0.5360576923076923 0.9574750417949781 0.28846153846153844 0.06681017067948748
3 0.38822115384615385 0.13519482157590781 0.25961538461538464 0.10700415361153869
4 0.4026442307692308 0.08678219765731804 0.2091346153846154 0.08179073912724376
0 0.6177884615384616 0.568553506256303 0.34615384615384615 0.18594143558461573
1 0.6574519230769231 0.6878226366340272 0.36778846153846156 0.21529114069326957
2 0.6923076923076923 0.8072036672923072 0.4519230769230769 0.21003785714145343
3 0.7872596153846154 0.8855224829051809 0.2403846153846154 0.14021039864316265