0 0.7238161550985757 0.5019096074349438 0.4031924313170518 0.25656628427626527
0 0.7019744730293104 0.30837365878049994 0.38640746753082145 0.2581864038920483
1 0.759445441438348 0.662377847875415 0.36355603271611403 0.18746721702442862
1 0.7060296278733459 0.14485613985195703 0.3490909965023444 0.1843916052665284
2 0.7633151329976291 0.7846940993865463 0.41618889235657264 0.17550728064954987
2 0.6418120267237541 0.05924319113169589 0.38945286962941483 0.11848638226339178
3 0.7412460283529163 0.8793957673256229 0.33602278346579284 0.12373564675032939
3 0.5983059365635353 0.004010710060238864 0.3033881268729294 0.008021420120477728
4 0.686404222658907 0.9251841191100565 0.26327800949001556 0.08431912642236702
0 0.22850405282636688 0.6006387332199495 0.3346679195792674 0.18371983966247435
0 0.21744380245089384 0.47745644143392213 0.32248085164726525 0.17354465037704478
1 0.23106692308199273 0.7290205805827008 0.3732972952035772 0.19512659922200315
1 0.19067463349403513 0.3598095880266457 0.351368964784112 0.1772920277389989
2 0.18485048139417426 0.24012110453737853 0.3697009627883485 0.1832193293867814
3 0.163929173951337 0.14737875294345965 0.327858347902674 0.15716557103615764
3 0.2433351798265663 0.9206005268193345 0.43023433566341396 0.1545444308689886
4 0.1451450605650199 0.07850692148698876 0.2809021590901025 0.1307759298835069
4 0.2774776411155574 0.9598424778915884 0.3014038736260115 0.06687973213574185
5 0.14084087974564155 0.04988468950885295 0.21494933066893562 0.0676568308191097