0 0.43721392425880856 0.46413714337224204 0.3505324896491342 0.24882146434841454
0 0.36910946404201267 0.6261271983810034 0.24768124760767826 0.20452235385510611
1 0.4398425164381411 0.3087701524635581 0.3523166562289587 0.1915216051411362
2 0.4453107747969917 0.18475127367613145 0.40254546498240545 0.19083462192625197
3 0.47525331471997584 0.09384652519259415 0.32538064920129056 0.13427090117752802
4 0.508030410012836 0.05702831517059532 0.2612531277179796 0.05244221819158434
1 0.6582571226029199 0.4115706485089021 0.37167340569838897 0.19549524523509978
2 0.6881417832162154 0.2967255506081607 0.4360733308975907 0.1911779151676112
3 0.7456655637890998 0.206875457836619 0.22467107121707441 0.13083717529960423
4 0.73676351372492 0.12835800935158967 0.2207554621992943 0.10179479721093564
5 0.7070406090177801 0.08643796902420942 0.14118680026433322 0.045034852219697004
2 0.2860575627089268 0.8682782286804167 0.10208513899020467 0.0753528862507939
0 0.7068754027056077 0.5400045727529089 0.2250490119330579 0.1380487137611427