0 0.7193508967390787 0.42427884615384615 0.39152385450317995 0.22355769230769232
0 0.7046979629808734 0.6033653846153846 0.37684881710278073 0.21875
1 0.740386275788241 0.27524038461538464 0.34257529137491305 0.16105769230769232
1 0.6992875839317113 0.7524038461538461 0.3086694847437443 0.15625
2 0.7369950309636739 0.16466346153846154 0.3823068538423469 0.13942307692307693
2 0.6552999078016336 0.8533653846153846 0.36788377691927 0.13942307692307693
3 0.7145568764566872 0.08052884615384616 0.3179171502624297 0.10336538461538461
3 0.6172639677464831 0.9302884615384616 0.29312280729200124 0.0889423076923077
4 0.6664271848797179 0.03365384615384615 0.2558053125976973 0.06490384615384616
4 0.5856258054112154 0.96875 0.24606394774365165 0.0625
0 0.26377439289482835 0.3545673076923077 0.31335119681277557 0.15384615384615385
0 0.25660029050440997 0.4699519230769231 0.30803958355043864 0.14423076923076922
1 0.2662037930968849 0.2403846153846154 0.3397935045050833 0.15384615384615385
1 0.23443620011693955 0.5745192307692307 0.3370117176352536 0.1466346153846154
2 0.21960962842966872 0.6814903846153846 0.3759771770514367 0.15625
3 0.20377521483310862 0.7692307692307693 0.3193029328877024 0.12980769230769232
4 0.20597475820003674 0.8341346153846154 0.24617970636302863 0.11057692307692307
4 0.3040814276518964 0.02283653846153846 0.252393624534562 0.04567307692307692
5 0.2005797115798009 0.9146634615384616 0.21518166684035095 0.11538461538461539
6 0.27332499738849125 0.9266826923076923 0.1640709964162759 0.10336538461538461
7 0.34929300090232535 0.9543269230769231 0.06514558501188429 0.05048076923076923