0 0.43803773218912784 0.5455709903290007 0.38525241912226715 0.2332172842074646
0 0.45945214080764213 0.37908081532995236 0.3728407398680069 0.22777969070646661
1 0.3950378634296682 0.6842228533911844 0.3492930373019151 0.1738872334125618
1 0.46639431725940944 0.242318655847686 0.31765058881688574 0.16744179800227463
2 0.37794078487864236 0.7853052612817419 0.3863810060658508 0.1590759941542173
2 0.5053222354375653 0.1425062719630242 0.3671502368350816 0.15806815224492812
3 0.39373723313323905 0.8605224941732511 0.29670295664715457 0.11607916710087753
3 0.5294835850852022 0.06881613436437514 0.28129875851150443 0.10330405489967955
4 0.4109809839509436 0.909108449014461 0.25289420839404997 0.07787981073594516
4 0.5548958146873493 0.03316442742631503 0.2436712722636947 0.06632885485263006
5 0.40112021984937424 0.9361806579000744 0.2330747664357367 0.06966043036511739
5 0.5475372072269663 0.011309346624042621 0.21526672214624026 0.022618693248085242
6 0.38196298511802734 0.9528764899286942 0.15698574172638852 0.04652427373585237
0 0.8418358218050674 0.5750760498226873 0.3163283563898652 0.16503795184842845
0 0.8465333115466679 0.4671600441865748 0.3069333769066642 0.1626341056945823
1 0.8319000354584539 0.6830550455781305 0.31784681305940027 0.16984564415612077
1 0.8527761167895919 0.3670905890149486 0.2944477664208162 0.1611121212113643
2 0.8071023455852249 0.785339376545611 0.38579530882955027 0.16704341404772277
2 0.8534631000044761 0.26467516699916477 0.2930737999910477 0.1582043541028735
3 0.7956455238099984 0.8599794767438609 0.3357040125925669 0.154026562988487
3 0.8688429188843743 0.19281685367074455 0.26231416223125154 0.14429541975372534
4 0.7733239252104988 0.9118460285999029 0.26564918088966916 0.11684527015212828
4 0.8854123720302779 0.13063691507703953 0.22917525593944424 0.12051914031187029
5 0.7298093149550832 0.9406819608267725 0.1844091706312696 0.05992928713035594
5 0.8949417349692398 0.06535512820720991 0.20432652634475745 0.1279928608700152
6 0.6149398377985895 0.938252560624716 0.07760966340579528 0.07108709946752693
6 0.8096543517513713 0.04961257958544188 0.17229162937469875 0.09922515917088376
7 0.565832638265423 0.9577250687135233 0.0460163701644361 0.035921490449747094
7 0.7438920741280443 0.026141029120955544 0.08442875338230439 0.05228205824191109