0 0.4625610974758722 0.30515763063920975 0.25450337646279475 0.3928380453581199
0 0.6492507723522357 0.34314761266458393 0.24704009645985783 0.3710355795526711
1 0.31173331593055786 0.2511799776410793 0.18688800004894873 0.36482913373803433
1 0.8043827631224455 0.35396793517403913 0.17207332517258542 0.33083958674252156
2 0.19387492618615235 0.24242880538285275 0.17034078979580178 0.38847594429455146
2 0.904925574413634 0.4235975583032593 0.16539324107622158 0.3763448132447652
3 0.10511443182929912 0.25598365019257485 0.12391248824852948 0.3225090454754274
3 0.9633426092518173 0.4731012099572657 0.07331478149636549 0.283040404488889
4 0.05875690055328485 0.299363776303312 0.09909083080349493 0.2546418517649573
0 0.37423752625712814 0.7693217290145302 0.17444920004405395 0.32849169072895307
0 0.4922217867722329 0.7888902089650645 0.1670978051706274 0.316304609538889
1 0.2610469724085268 0.7486632262676285 0.1674614318415363 0.347554609538889
1 0.6020023703667082 0.8262917095784729 0.1697813641482496 0.3403990212176282
2 0.711461284213841 0.8268451813469553 0.18208030774125644 0.3463096373060894
2 0.1438590513758698 0.6942669521564638 0.1481747200460119 0.3422993161089745
3 0.7983354011408339 0.8568662881389426 0.15256284311803997 0.28626742372211483
3 0.0739656995788769 0.6770193980884082 0.13579186260587223 0.3107695654075856
4 0.03560206060566007 0.6845376573824252 0.05872892927090724 0.2969599301494658
4 0.8646509549894351 0.8817999519218487 0.13022894567398452 0.23640009615630275
5 0.9176614411447498 0.8945745095848294 0.1058828000293693 0.2108509808303411
6 0.9417969601062188 0.8041605775047015 0.07116604514517413 0.12662255406805548