0 0.6082833555552964 0.44407172682949536 0.37644047228492405 0.27820713567844224
0 0.7094258998432779 0.627892026367138 0.20299993484481613 0.2015789902173861
1 0.583993962351318 0.27854983382155285 0.37850867441121505 0.22071105222864923
2 0.5679292309203013 0.14616664873933477 0.41697021287275354 0.22385064010888403
3 0.5382587535282239 0.07880999955405527 0.3417517237127829 0.09757538089862157
1 0.34297302183112943 0.3683024095700859 0.32551217768408125 0.19716334966255727
2 0.30884448132672954 0.2404571580536232 0.4458163667189074 0.22620533101906004
3 0.25053762760572024 0.1346881256504753 0.2579527523557227 0.14839984010291582
4 0.2533050881227511 0.07238434989298996 0.21916955503444385 0.08997179068421955
1 0.8202607471696252 0.7992760690286855 0.07256290998545832 0.08280980419851694
2 0.810037007754297 0.9030584797509346 0.11583214075468909 0.08634184056378111
0 0.3253839071082999 0.49793845525709857 0.25082512490107306 0.16223424429844874