0 0.4173306218153406 0.5549260673176538 0.2619229373048261 0.4087263962575886
0 0.6034259138051029 0.5811048641627246 0.25462748783639894 0.39396743653248467
1 0.2539110388572465 0.555327872368728 0.2016449762770799 0.37467737290736325
1 0.743701284609733 0.6346513033693513 0.17981456854305725 0.3400158783474362
2 0.1326496671822563 0.5381453610746447 0.192183428507658 0.4006718368636349
2 0.8507493568788682 0.6164478879597964 0.16077959166169528 0.3727740370292102
3 0.056706353361364537 0.49130332219916834 0.11341270672272907 0.3154702786785864
3 0.9252895653998212 0.6093713297747478 0.11460304869728552 0.2841083177445774
4 0.018279777819363068 0.4498254663740818 0.036559555638726135 0.24938752879029805
4 0.9662598387738168 0.5894391477427485 0.06141075962074483 0.22876056181176369
0 0.4905788050237237 0.35685570083584495 0.17735478171795194 0.33028853279804243
0 0.6021898291637923 0.38049567125057976 0.1773407965501373 0.3278846866441963
1 0.37427196991848116 0.3142088830583589 0.19176387347321408 0.32855645224825025
1 0.7139197272302867 0.38370294935762234 0.17499289106755028 0.337388110325572
2 0.25422650648822886 0.2945665451434249 0.19711698732568345 0.4225303741162684
2 0.8331408671146154 0.3384974215857147 0.16525163994183245 0.31530565120492055
3 0.1583803340263082 0.24616036711917 0.14090550471144533 0.2613014264802149
3 0.9183165761462836 0.3621670391976256 0.10927790518044571 0.19494208818425166
4 0.0802763117780304 0.24619332824369364 0.10697195520130326 0.21165705032716572
4 0.9651216503072099 0.3720030317536806 0.06612055575373323 0.21215756060285867
5 0.9914450840730916 0.39120415378727375 0.012970222180636771 0.16402134313158356