6 0.6512729416204285 0.0047019727021986955 0.0643610352733744 0.009403945404397391
7 0.5904586362700338 0.9473772582033941 0.07971871997658078 0.015626419408276658
6 0.6620087677704393 0.9263787574036878 0.165126675285084 0.05325175934013187
5 0.7769361439603221 0.012732488022265944 0.201967961392092 0.02546497604453189
5 0.7476881285191782 0.9114988796486302 0.22590847370563913 0.07463249665409431
4 0.7947956240422891 0.041988485149753334 0.2640230997365347 0.08397697029950667
4 0.774299802283365 0.8759324315152276 0.2589215597540991 0.12026971082658541
3 0.8150365080435946 0.08202566675281125 0.33961977197982446 0.15993459177332361
3 0.7745405852022091 0.8112107379308628 0.3173974612457225 0.1438721417249127
2 0.8006930282543667 0.16938381485393988 0.3860764427022171 0.18262625982424277
2 0.7756629111452831 0.7248544289618829 0.34442746428751675 0.16029889691228652
1 0.8177240300680031 0.28072521095937497 0.33520387657178985 0.16918567124974507
1 0.7954997278166045 0.6203050526448681 0.33260413196811484 0.16419582637257116
0 0.8118695188076437 0.39499897955180796 0.31847490271978146 0.17031444941722013
0 0.7941427006154254 0.5065777417608798 0.3180831058201238 0.1606990648018355
0 0.3886415817499068 0.37195152281158533 0.3958346610115312 0.24567271753268743
0 0.37283295373040437 0.5540794414201554 0.386317225621061 0.24734795340860727
1 0.37077392138105547 0.22233074081409337 0.3597320842348238 0.18302642771379155
1 0.3390668964040206 0.7064145805845782 0.3474190057908496 0.1749041264048453
2 0.3765304834165004 0.11046081837550645 0.40231567042965327 0.16947825088753682
2 0.36581123205795596 0.8146235202582408 0.3877946442816621 0.1659814893168012
3 0.40264832091267294 0.044477990421385366 0.30690053360610775 0.08895598084277073
3 0.3708944199493263 0.8957167554958244 0.29689335209106543 0.11116492116906002
4 0.43431256004683827 0.0077551573534299836 0.26599026452170804 0.015510314706859967
4 0.38711120544225514 0.9388217650708666 0.25475462755179296 0.07681832748787307