0 0.2831153839627581 0.5743209055966454 0.39641943888110137 0.19194743389803962
0 0.3037882811906403 0.380741362006086 0.3675732850349475 0.19161177850950833
1 0.24825677591543563 0.7332404789330789 0.3578474733512526 0.12665198979090692
1 0.302315968076048 0.2258471271360859 0.3219719336130419 0.12863626670908893
2 0.25745122244942537 0.8496172327767852 0.39743778998026624 0.11030057851440325
2 0.3543285221803944 0.10995902866867359 0.38246825534874457 0.10292121235859904
3 0.2808507305864248 0.9370079763624498 0.3322055014380426 0.0735156328648931
3 0.39288255633495023 0.0310044092138819 0.2980051975757517 0.0620088184277638
4 0.33340690358266273 0.972422329175457 0.2654801295893806 0.048721946702235966
0 0.770367542915601 0.5782581198893758 0.3171642413053496 0.12858032414433368
0 0.7856669393437767 0.4555920378372778 0.32124332333511557 0.1190208820937043
1 0.8079046453792684 0.33644781116881634 0.340838397704848 0.12405234466041758
2 0.805557432167854 0.22479483578566947 0.3593405566576908 0.11466073030405378
2 0.7481642802224182 0.8078813701464387 0.38855101564280786 0.11980407800027738
3 0.738929712713013 0.8980535721980469 0.320150407918226 0.10459780517062765
3 0.8330940746853278 0.1308070798854598 0.320150407918226 0.10459780517062739
4 0.7418606657917344 0.9544600429662988 0.29392611554598574 0.07547193850069735
4 0.8466078081692735 0.06340148808944587 0.2665371822556843 0.09436705234293544
5 0.8402711698045573 0.025754485078114193 0.21368842962165474 0.051508970156228386
6 0.7316247800824834 0.016460770210072063 0.10405813214272541 0.03292154042014413