0 0.6027945550891037 0.3788531301378929 0.3498351958094973 0.2392088434716517
0 0.5820985585811893 0.5544989866593316 0.3425537125685393 0.23617406945583988
1 0.6537263522954352 0.23532902211203835 0.3193803120366947 0.181396670485327
1 0.5781117061542772 0.6915182174285625 0.28757075380133873 0.15943188051937277
2 0.6714368338512291 0.12108639715733747 0.3600358623138209 0.17776038990826143
2 0.5358602877772939 0.783930628361682 0.3278765801813673 0.1437763691730762
3 0.6524251476948453 0.0471032900744307 0.27931004364850764 0.0942065801488614
3 0.4981239207635333 0.8447775753638187 0.2474305406337321 0.09837462422991414
4 0.6323992622368787 0.01203721155633953 0.22558609091085804 0.02407442311267906
4 0.48385359522608684 0.8819919687517815 0.2299041697626138 0.07286399768019901
5 0.5059557135037204 0.9052344151376078 0.17426598432705484 0.05600765330256398
0 0.2441190028832988 0.3862559070540603 0.3046774559959398 0.17051943014601084
0 0.2301192077274034 0.496577298847009 0.2876406985807582 0.16183572667321877
1 0.24857335820322907 0.2743719062565532 0.3143627853907439 0.17376451344914473
1 0.1972033948481266 0.5977638572462255 0.3115392705603807 0.15913112723874584
2 0.27452243934893567 0.165402814180841 0.39382959802650597 0.1855124122384608
2 0.18245631768153497 0.692565403682835 0.36442388594499603 0.1637579315598282
3 0.28662086363371286 0.07965818770384628 0.3235585013296115 0.15931637540769256
3 0.18756951276048817 0.7640498604362539 0.2749220200173323 0.13674571869814783
4 0.3134699781757462 0.04086647466096885 0.24806004364850764 0.0817329493219377
4 0.18129298008498612 0.8149512482416671 0.22161773595619988 0.11769583745398812
5 0.35761351868772084 0.007348294497080032 0.1741960395476353 0.014696588994160063
5 0.1712008438404564 0.8733796384396015 0.17813867084871055 0.10669873182065495