0 0.3689108945903843 0.6168069404593032 0.21048136367276463 0.38928490464181703
0 0.5519460245698926 0.6062676614601435 0.2098936683232779 0.3748618277187401
1 0.21619524697418877 0.6498191312490924 0.14209622989101348 0.3620594010429362
1 0.6966440976907265 0.6226042450301444 0.14131263609169764 0.342828631812167
2 0.10657537391190267 0.6571014399818889 0.13606008212844836 0.3908216410419571
2 0.8087392337538234 0.5840579506561591 0.12654264673797838 0.39311360206629303
3 0.03344982097155731 0.636431833839301 0.06689964194311462 0.3109352923174822
3 0.8893884713670916 0.5506829752607749 0.07636390546883667 0.2820052246241953
4 0.0021753336653287003 0.6068312974342658 0.004350667330657401 0.24787586666992992
4 0.9378571913436725 0.5405081649978383 0.05816569324311106 0.24815557949370598
5 0.9653544982755318 0.5437922644812649 0.03383338402990651 0.2406643282083916
0 0.408323294296972 0.18025712199482774 0.13994134694289564 0.30917478565832085
0 0.5249588073709678 0.17769859172259073 0.13753750078904936 0.3091468143759432
1 0.2914918827731475 0.1876233445747571 0.13802724691362164 0.32116604514517405
1 0.6336216304186169 0.16442065324636765 0.1309136576769976 0.32348597745188734
2 0.18187200971086137 0.1963461743500004 0.13144828827058497 0.3926923487000008
2 0.7379930396610958 0.16908402251751964 0.13159930225139888 0.3381680450350393
3 0.09584982667492178 0.21272555690888179 0.1238000684403736 0.32580590975860074
3 0.8283331688801554 0.16215497937378143 0.10839749926815209 0.3015996205258735
4 0.04604447665994827 0.22777798768545485 0.09208895331989654 0.2582744471918875
4 0.8896312458032323 0.16144171167315247 0.09353774097640237 0.23174822565244704
5 0.011068315969757065 0.2582176625618183 0.02213663193951413 0.18777971282377606
5 0.9496294504244717 0.1631462757675584 0.09486414565618954 0.20533388924251691
6 0.009652142351939728 0.39041521538216795 0.019304284703879456 0.07728670359398584
6 0.9528250706645178 0.2616200542281179 0.07906977958431036 0.17151221539440517
7 0.9667624916064645 0.33233771678993623 0.041400015208971845 0.07256292513342626