0 0.5596413870857815 0.40941804542572824 0.22262604991907414 0.36986968059967096
0 0.37656396574097634 0.40691862982565874 0.21254852892069265 0.36221029840209656
1 0.7118843626941526 0.38516560380129145 0.14508679115200132 0.35667154609599794
1 0.22957467731493214 0.3868118785379507 0.14502590992986425 0.31832196856846867
2 0.818269775307379 0.38047650028230334 0.1374739975296032 0.38747370235996204
2 0.12180285555271499 0.4131355974415542 0.13205012337791502 0.37763439587655934
3 0.8989992490416552 0.39990817203860973 0.08958340293040369 0.3133430209324152
3 0.04228591918675602 0.4371410978554921 0.08457183837351204 0.2843849061522523
4 0.9409286527813261 0.44164291085623797 0.05146223840758779 0.24206402939475055
4 0.00988057822926385 0.4492689756313843 0.0197611564585277 0.23988410510892244
5 0.962948381818439 0.4366409438777037 0.03867278033336255 0.2294849939554748
0 0.5183069366073182 0.8454015128511091 0.1423139728540202 0.3091969742977819
0 0.40292232122270283 0.8421300585331691 0.14471781900786637 0.3135142762607762
1 0.6312877058380875 0.8468026814898955 0.14502590992986425 0.306394637020209
1 0.29134410264928656 0.8450030217273823 0.13827650785132264 0.30999395654523537
2 0.741155282832153 0.8248223305956864 0.13593354291961374 0.3503553388086271
2 0.1861140309935521 0.8359572944896094 0.1364888435414723 0.3280854110207812
3 0.8247811797143405 0.8244076261331263 0.12471682247210225 0.3005993580194736
3 0.09919045580259318 0.8412441346941875 0.11479334693471976 0.2953438219757449
4 0.8868494839424123 0.8152433991811254 0.10705879086804734 0.24944682318464992
4 0.047436749041655096 0.8420508805747315 0.09487349808331019 0.2520745912065141
5 0.9205642113183955 0.7782373528617039 0.06684187111338329 0.18286356302066872
5 0.01407577350427257 0.8286584714002166 0.02815154700854514 0.2102015581850486
6 0.929237339253768 0.6617067948671701 0.062159626061277444 0.07239860087775495
6 0.00564617045744869 0.7283950318125607 0.01129234091489738 0.15871314054819846
7 0.9543379775108598 0.6086279048117127 0.01959974137490433 0.04405295730729391