0 0.6358206284995588 0.561075490130709 0.225123884075298 0.3545700374611218
0 0.45945288678851937 0.5640010976494013 0.22309797863743533 0.3617396166319675
1 0.7881447978624945 0.5805458485212804 0.16376792784253252 0.32948259365533955
1 0.32185652332602915 0.5964232280199864 0.15377460251116468 0.3221032180310298
2 0.900490555090316 0.5933142632308047 0.146426862191681 0.3652046116374893
2 0.21811830880430316 0.5645918812424642 0.1311219235979758 0.34812593281640924
3 0.9637703301668678 0.5635118587597074 0.07245933966626449 0.2828864123370204
3 0.1442340900380203 0.5524948151840251 0.09431857147760073 0.28744234890055564
4 0.9988150697556287 0.5436875761670611 0.002369860488742531 0.22638113136846683
4 0.09919602511789122 0.5409012606139001 0.06472675781876412 0.22688464285678067
5 0.07186163413567126 0.56924390297174 0.053599610339445616 0.19787065184785554
0 0.5863255975358849 0.39569872065046935 0.15756423129028363 0.34858748501403036
0 0.4809343074826376 0.4010640503215232 0.14604892147569737 0.3579930731759508
1 0.6971647027094144 0.35680542269764776 0.15960035834743033 0.2957867882108006
1 0.36853067094512776 0.3642781537188838 0.15352264203384236 0.31729552572333747
2 0.8050858191551691 0.35388589847113283 0.14730872386230887 0.38203153471441237
2 0.25600616497859885 0.30227285214620614 0.1378397627241538 0.29300530844071904
3 0.8889786956817463 0.3049156637053055 0.11292966113434844 0.23012767482448354
3 0.17345141338689002 0.30803679507884196 0.09408705423884675 0.19137242132809526
4 0.9594895574572095 0.33263772976374456 0.08102088508558089 0.19369234890055578
4 0.11834681139677808 0.3334930594398682 0.07372246286012711 0.1694021316179373
5 0.05944746981790523 0.3552806156340858 0.08966752426642209 0.1528689235758639