0 0.4633878544665064 0.6005060483582614 0.22979242005375783 0.3854544416735039
0 0.6387954787878277 0.5991368578995003 0.22942811491479467 0.38064674936581144
1 0.3212339084094824 0.631051567244515 0.16419582637257116 0.3391210155877491
1 0.7831173243033376 0.6129573382157394 0.1521765956033404 0.3380694691511393
2 0.21413581552800207 0.651530571594444 0.15618395213193506 0.3909540845357547
2 0.8734975017679284 0.5766882465751408 0.14252534823736995 0.36826792271452974
3 0.12512036292624645 0.6270273595302704 0.1111649211690599 0.3010506744001425
3 0.9437002844037565 0.5577571405794142 0.08956616853503017 0.26811820010156684
4 0.07096067955526003 0.6055736321322649 0.06887817874840832 0.24720495657222216
4 0.975855369618058 0.5459177077512091 0.048289260763884116 0.23758957195683741
5 0.9953414363277567 0.5701811892273485 0.009317127344486446 0.2028841793663817
0 0.4611991848161742 0.4140575947948709 0.15643783020258795 0.3312785492642449
0 0.5663308815922196 0.4148977418985744 0.1519944430338588 0.33566562299729313
1 0.3419355713465673 0.4000415158416661 0.1610992326913845 0.29825563097236435
1 0.6668729013806397 0.38668142586880216 0.14296137887750449 0.3109962335968658
2 0.23512863869460213 0.40860644406602525 0.15323364826964422 0.38353223678689435
2 0.7587640935269616 0.32308356738995586 0.14704046090727074 0.3018014675561251
3 0.13680689308226993 0.3558280733706551 0.11291188254615105 0.22956621764672336
3 0.8478154088793028 0.31654708874145143 0.09280621321855985 0.18482482186623914
4 0.07427103033168425 0.3813997226129629 0.09703158506722155 0.20907359269202258
4 0.9124101634283411 0.34965936098105244 0.06971437727809178 0.16370126904957255
5 0.041783244504175504 0.40960023794679484 0.033292379831436195 0.1557389374320512
5 0.964335639006625 0.35852286239486997 0.07132872198674998 0.15576835873276343