0 0.4473065080389012 0.6940526328140056 0.2408372353628886 0.3958276258562276
0 0.6340500881981661 0.6930617837372682 0.2456449276705809 0.39607958633354995
1 0.2934938608590476 0.7207196865317997 0.17872396194144125 0.3638319660435447
1 0.7922837011071594 0.6953668641042892 0.1765387490682065 0.3325819660435447
2 0.17777305887854997 0.7098649427683719 0.16374606514187057 0.3893924120652245
2 0.8954727557496379 0.646886446263172 0.15379449393060357 0.38408079880288754
3 0.09109177403348248 0.6861618750651316 0.1092310567605142 0.32905451936103236
3 0.956679669281659 0.6101154194042752 0.08664066143668182 0.3053939985385543
4 0.0595813974116057 0.6294246407820666 0.049067889581759866 0.25644543541028714
4 0.9887113591137293 0.5775272944694068 0.02257728177254137 0.2574532773195766
0 0.35789510701839017 0.20317431809402983 0.1588713595015777 0.3196808736036859
0 0.47554074525024576 0.19017957067698785 0.1698314905004915 0.33941556378909976
1 0.24396455465760955 0.20079602598839413 0.17050386369225598 0.3490309484044844
1 0.5892191576641147 0.18895209355185433 0.1640152384051524 0.3247405263887006
2 0.12939513577136463 0.22353213825948184 0.1682175708536806 0.3848366802348544
2 0.7063099760194765 0.2022736735884589 0.16261995203895305 0.3390376230731163
3 0.06038124049292586 0.21273016299610042 0.11504730885585329 0.34372955676143163
3 0.7887636584246805 0.18264452040313786 0.14483500915705333 0.2902048185642263
4 0.860568126435518 0.16485230229768774 0.12979009902488223 0.24630568660168972
4 0.02449164148317469 0.21324430557002924 0.039233871685763796 0.28706553421698155
5 0.9246315060996585 0.1562345379723082 0.13291685835316314 0.2225191855405505
6 0.954675464685253 0.26921019639343535 0.0906490706294941 0.11498623143006352
7 0.978566704596406 0.32322863392600115 0.04286659080718799 0.05515225968051619