0 0.36550161856200564 0.6187927718102896 0.2636284187770856 0.3894222834587454
0 0.5362105582356682 0.6641709172713459 0.26493934951404235 0.375195430778183
1 0.21839369037839346 0.5971095962802528 0.20079997638870822 0.34845898508818635
1 0.6617376651605436 0.7312574109825226 0.18786998277206954 0.3354586331063821
2 0.1051467893347849 0.561248524947241 0.2102935786695698 0.38270150396957636
2 0.7576003510848744 0.7269890377926214 0.17526843154380847 0.3583197491897558
3 0.04625255856555412 0.5169248368320976 0.09250511713110823 0.30308044289496433
3 0.8298068119849998 0.7316738419911384 0.11211154676705348 0.28149498275401896
4 0.013327322689634269 0.46249500512919983 0.026654645379268538 0.23268231795070735
4 0.871765112017274 0.7205865771908109 0.08315496585258914 0.21462889417502604
5 0.9076958652896399 0.6932856396629392 0.0365324245149657 0.07226245361422912
0 0.4383484522718698 0.4554291471039256 0.17956552889364155 0.3204468834557612
0 0.5431158439089518 0.47728416762072495 0.177343835309277 0.32265450536709284
1 0.3362222728922705 0.398718357356357 0.19526367380308957 0.33845115198777237
1 0.644641771454228 0.49403715946606 0.179929834032605 0.32525457576345357
2 0.2271025703712 0.37046127296991305 0.21052578807240308 0.4137552797270617
2 0.7611013708804398 0.4733097340624299 0.179929834032605 0.32525457576345357
3 0.14189439035326462 0.3139221298430241 0.15519862496680265 0.282623172965437
3 0.8456913676887592 0.4741679671658279 0.11680881200643557 0.21737603357023152
4 0.07169160771743655 0.28279501795219936 0.11957696329924482 0.22237995012043849
4 0.8882678509306494 0.5187616123889912 0.08282652346421206 0.17876742610984855
5 0.028461788219482954 0.2886821419598053 0.05692357643896591 0.14133616410455352
5 0.9283314803586596 0.5486378443253057 0.08395530163168712 0.16213672727544
6 0.9527701097866702 0.5772386186852747 0.026699024579513682 0.10012748624780972