0 0.46471408095009303 0.49325305596033286 0.4016433476901092 0.24072671842947718
0 0.45420712989589257 0.6848004289198015 0.3472458926240236 0.21477516970953905
1 0.4336327342144741 0.3222121081740617 0.3679224882036626 0.16866048905776274
2 0.4182939407941261 0.18830808602931345 0.4203028236944545 0.165765883931547
3 0.4337343741462547 0.08440298556397205 0.35444095773563195 0.11258713054924249
1 0.6819935445763281 0.40462886878930066 0.3722259006175314 0.1618413990812536
2 0.6887936464344188 0.2797024032887229 0.4537885765503594 0.16610917717290624
3 0.7339459701137421 0.17344241354712256 0.2402329954366045 0.11999528998546137
4 0.7151777374355311 0.09303625713636882 0.21881701333260067 0.08717549604534407
1 0.37216488409413634 0.8274861801983714 0.16811761082121976 0.11410856271002136
2 0.3698362879478558 0.9479974018762861 0.1497778480628265 0.09110037762780338
0 0.7534024893672081 0.5371345452485282 0.20261192346477175 0.1288749328744576