0 0.598778094305457 0.3942307692307692 0.2107866051755223 0.3485576923076923
0 0.42946078251238 0.38100961538461536 0.20323941132545256 0.31971153846153844
1 0.7454686522548275 0.3894230769230769 0.1502988533760818 0.31490384615384615
1 0.2963969620036385 0.35096153846153844 0.13802788106545272 0.2932692307692308
2 0.8546618389193732 0.4050480769230769 0.14361876927971798 0.3605769230769231
2 0.1999634030260163 0.375 0.11440898876265534 0.3293269230769231
3 0.9407667455809817 0.4423076923076923 0.10166250465160687 0.2668269230769231
3 0.1361216235372052 0.3870192307692308 0.07270446567594248 0.25721153846153844
4 0.9788506717304226 0.47475961538461536 0.033907271825872644 0.2283653846153846
4 0.09384453122706547 0.4050480769230769 0.053026155927131495 0.21875
0 0.5523489506928706 0.5625 0.13570794875873943 0.3004807692307692
0 0.4503113599251083 0.5516826923076923 0.12841249645006797 0.2932692307692308
1 0.660130429662661 0.5961538461538461 0.152422986706152 0.29086538461538464
1 0.35057971582287056 0.5492788461538461 0.13059257234489344 0.27403846153846156
2 0.7705115537629409 0.6129807692307693 0.15127784825929835 0.39903846153846156
2 0.25931747582384956 0.5420673076923077 0.10652613952405428 0.27163461538461536
3 0.8576225845248293 0.6670673076923077 0.10602265644125726 0.2283653846153846
3 0.1732816553028709 0.6021634615384616 0.08824470976349559 0.1466346153846154
4 0.9285220604221022 0.6682692307692307 0.08396847182097772 0.19230769230769232
4 0.1146951086397938 0.5757211538461539 0.06412233437790123 0.13942307692307693
5 0.061908392743500046 0.5673076923076923 0.0662464677079713 0.11538461538461539
6 0.045515024543429886 0.5300480769230769 0.04645627282964993 0.0673076923076923