0 0.5248259195653986 0.554643038237352 0.3967672787621254 0.2796349604203093
0 0.4891714210167674 0.37841408584081265 0.39662738920328633 0.274827268112617
1 0.5830592880208086 0.696907227875498 0.35882107741010627 0.2122097147973463
1 0.47918983758682937 0.2267784148592287 0.33917063950282006 0.19644189149074018
2 0.6243479544033748 0.803172501863587 0.3969328919745472 0.2028799767951736
2 0.42910301337899437 0.13432262126008743 0.38930168483649175 0.18795261997827323
3 0.6217599975648528 0.8921148095558947 0.3209448208375069 0.14718831532822918
3 0.3974076210488945 0.06936823512357096 0.30136432770964 0.13382433817546946
4 0.372224319386138 0.03946214155744013 0.2572557595873751 0.07892428311488026
5 0.3910925028930182 0.0150707400899462 0.20339191729088668 0.0301414801798924
0 0.3394849589912765 0.5759996837172806 0.3658227815333863 0.20550245622963104
0 0.3234366772240949 0.4679694301008096 0.35812162961591115 0.18817125325888476
1 0.3322770336204025 0.7000499005872692 0.3176759136770437 0.19973674411696235
1 0.26984900095461994 0.37216000721781073 0.33436294719512777 0.19610570489485796
2 0.36147652445431844 0.80955948721891 0.4114259136770437 0.20629238273666645
2 0.16917649034688645 0.2868399421062025 0.32199399252879946 0.18324600763592155
3 0.33693920072379335 0.9108319422849955 0.23688015023231096 0.14370889605413595
3 0.1562093919648278 0.19658639469666597 0.19538526260215075 0.11921669460452122
4 0.37431659510432946 0.9454020649025529 0.21548109283953687 0.06784491890137627
4 0.16898515348088178 0.12852228254823858 0.17799878128987157 0.09880927228816407
5 0.17310264673050593 0.06945995848106667 0.16350575958737515 0.09539686634667116