0 0.5760823641438902 0.5509512286393042 0.3908215937045566 0.24491596312978772
0 0.5783681377264601 0.36463916607503855 0.335393280487947 0.2202341620966412
1 0.613634866697467 0.7067536881212626 0.35195448537638907 0.1747568841502075
2 0.6321314146179594 0.8327318409391649 0.4024492397749731 0.17774812723398353
3 0.6219286529543534 0.9338052645302136 0.33722373476138645 0.12170444107132666
1 0.3770238425573984 0.6806627055893031 0.3591380535022978 0.1700331056896482
2 0.37512965367364287 0.7996670758458765 0.4337132249427879 0.1805156000587386
3 0.33721972798563943 0.9118794768765757 0.23146848915997062 0.1228775508005581
4 0.35852569192660716 0.9681181199505619 0.2094562742443556 0.057721963105313225
1 0.6489607417603308 0.21238569119378028 0.16171499519498767 0.11485484515006893
2 0.6448243375077488 0.09705701837392011 0.14476220560773137 0.09302443078881027
0 0.30316191467546305 0.5685490461122397 0.19546673752353746 0.13207336618027854