0 0.4691404648242003 0.6207079556748172 0.20211811096909407 0.3668605039611555
0 0.6406230163391711 0.6269145138285503 0.20172566248406498 0.3620528116534632
1 0.32655302403297076 0.6462439745151497 0.14207111236661055 0.33431725905102694
1 0.7835537503717599 0.6348782956810651 0.14010886994146377 0.3102787975125654
2 0.22436498487267414 0.6540430966152715 0.12637237950110528 0.37635412613226593
2 0.882970072515016 0.6077713816196745 0.11837594406950831 0.36627660513388444
3 0.14285501750625465 0.6368633429025756 0.08683180607181903 0.30208210506289607
3 0.9535156631902832 0.5931619762188739 0.07603907600134636 0.28704284629582316
4 0.09563672426489545 0.6003596557202489 0.04925347506767949 0.2518485455319875
4 0.9845460515224308 0.5659637403242777 0.03090789695513835 0.23773355953090844
5 0.07007742566390375 0.6094824633415681 0.04449493800365731 0.22284834622483465
6 0.0548448741489331 0.6132888601527672 0.019819045226147438 0.12561618184399587
0 0.43929000070621843 0.21108325463554645 0.13652767833252957 0.2957016751284893
0 0.5492782510555975 0.21095780737995995 0.1293161398709911 0.2952395387454925
1 0.3280998272799162 0.21113167916063347 0.13530117763377147 0.30997070659056736
1 0.6511719538521221 0.19955291604906883 0.13088593381110852 0.31447030797626174
2 0.22532311539207564 0.2117192627992168 0.12715727647116398 0.38596951074765057
2 0.7510296813579949 0.20714772575744858 0.12225167040829742 0.3258733569014967
3 0.14756598625526993 0.22586653181702054 0.11867047879936307 0.3112962345174208
3 0.8302584923136606 0.21102930289349106 0.11852340980051843 0.2802002799784198
4 0.09043777366867117 0.24372703340716148 0.09693794965957325 0.2501217624442743
4 0.8915565692367374 0.21495746214896444 0.09355298229315369 0.23794848621404455
5 0.048934561082072434 0.26258883049379567 0.06779765781573029 0.1860813078342847
5 0.949421019464932 0.21558794309566645 0.10115796107013608 0.20358529397734074
6 0.0668403207606604 0.39406058226140794 0.07520581725194922 0.07177501067666206
6 0.9686515903296183 0.3092143382457361 0.06269681934076324 0.15156407013658188
7 0.05013588906074683 0.43842427276599377 0.03178951748387389 0.03790623783967981
7 0.9862387335717236 0.37977312674276875 0.027522532856552793 0.0753503392963626