0 0.5714500687170735 0.3017827880897786 0.38116447922519076 0.2657954564241823
0 0.5846876140510129 0.4803052314456082 0.3954755952142588 0.26456895572542405
1 0.5954424915705732 0.1465630645460221 0.3414120760952012 0.1835251697095391
1 0.6069280727906351 0.6197774636123553 0.3221813068644319 0.18195537576942164
2 0.59779698511211 0.06860842178716287 0.39178088439196135 0.13721684357432573
2 0.5826590615294603 0.7295203344755493 0.3724381542271831 0.1812683925545374
3 0.5691780670613219 0.020089994164581786 0.3039515581850486 0.04017998832916357
3 0.5631714093061495 0.8137284843595871 0.2884681663162336 0.1265198452321156
4 0.5557326350492454 0.8706113174600011 0.24178744098707566 0.10115696923972149
5 0.564870528731418 0.9057860006763774 0.2096417535150035 0.07937528485626161
0 0.15923004231167687 0.40615248297699136 0.31846008462335373 0.19377838229613786
0 0.16750834542469628 0.5167539836757495 0.3219573849964139 0.17714768346172932
1 0.1552225571043095 0.2908414020917982 0.310445114208619 0.1845554461657826
1 0.16046649440232127 0.6267176564032936 0.32093298880464255 0.17552873427794188
2 0.17623153464430868 0.18610244777881094 0.35246306928861737 0.1854874121346858
2 0.1707634973293266 0.7276056603654096 0.3415269946586532 0.1819062205257516
3 0.16359983266537595 0.10405276456243466 0.3271996653307519 0.170524817727735
3 0.17050809315150645 0.8122554139781468 0.2994270821397264 0.15615089604832816
4 0.1877469412104989 0.056515557335468376 0.23742759241541936 0.11037990537007682
4 0.18677189763103688 0.8743875431149526 0.23625531653567228 0.13662598881986993
5 0.19272221862130018 0.9265853736507665 0.20936516510732858 0.12485213753682373
6 0.2884282210391103 0.9283517885655643 0.17000793917371804 0.10248178042581994
7 0.3554000305447756 0.9300690482366922 0.08760540433889474 0.08138707925724403