0 0.3732407848807223 0.42900137187968806 0.4244293941975719 0.29987428943872535
0 0.41926307438402277 0.6103571698634318 0.3884075646404653 0.2662709832675495
1 0.3037996364568531 0.269919055806024 0.39529066071362623 0.23088566415162176
1 0.34037644017206403 0.7841740394311597 0.12303502330284156 0.10903001676271273
2 0.28128870156713887 0.14639838882119394 0.42672281328310785 0.2354747231787026
3 0.2732381257593639 0.07171106475402203 0.32699764124080144 0.11851025478001655
0 0.5690811015097359 0.42595809923393774 0.34521005937240573 0.2010814905004915
0 0.5993679639447262 0.5416536312231002 0.3330086760336934 0.19783717785693966
1 0.5491561653433495 0.3050093717008949 0.3731095876205661 0.22216128600861312
1 0.704574225038496 0.6362858410540712 0.21711346569121906 0.1514752543921679
2 0.5229483849381252 0.18003464169223007 0.473124500484111 0.24828388045496871
3 0.5684558212587368 0.08637692501616574 0.2474885655943968 0.11055932979411306