0 0.22601375834352855 0.5276941794772324 0.41327585188078736 0.2703577692456899
0 0.2708793154767601 0.33043172586300334 0.40863625287103617 0.2723691669145065
1 0.18419363231099012 0.693804745212719 0.36838726462198024 0.20010671330027754
1 0.29184099770317107 0.16738721350832925 0.3550122509620557 0.18911775898729005
2 0.19055646760785785 0.8164008990588728 0.3811129352157157 0.19402336505015683
2 0.36087136633154 0.0718581130504481 0.4072244931549066 0.1437162261008962
3 0.18975558600447467 0.9094886918319065 0.34667459939759965 0.13824454127149147
3 0.408174836251358 0.013442352442669373 0.30384263518959176 0.026884704885338746
4 0.2355632495591925 0.9380161300585362 0.2665577498136412 0.08629228858794519
0 0.728014404568892 0.5608100950758679 0.33388191547126367 0.19456327926619657
0 0.7512623796338782 0.4334308265438569 0.34522877304872995 0.1859290158633852
1 0.7098262617585097 0.6841911458920804 0.36960342118307377 0.19269895059622427
1 0.7941025805168511 0.3164028827197018 0.36703148173128664 0.19009888019986343
2 0.6479233849427086 0.8003850375025068 0.3737387402990016 0.183476014465869
2 0.7988174295341679 0.19770683446808918 0.37647877304872995 0.188479931016076
3 0.6374005205050179 0.8825082552183053 0.31850081874321035 0.14550523497670026
3 0.8315632358992681 0.10540413703119705 0.32275369117440916 0.17214376691152244
4 0.6503360277379598 0.9196943361034984 0.3011026024398634 0.0676010368410498
4 0.8584087435200585 0.050702761291616355 0.27780352742576697 0.10140552258323271
5 0.8632499424940511 0.018974489496247207 0.22602855179413914 0.037948978992494414
6 0.7555558754734621 0.0020002990543966756 0.1158383552957683 0.004000598108793351