0 0.6113982495014427 0.5656142772368594 0.23234186433130374 0.38260720919967967
0 0.4327023570827996 0.5266181976255345 0.22731037146250033 0.37287992430373956
1 0.7614717886350433 0.6135543397802355 0.16425087005972253 0.3473867591180557
1 0.2846699931302889 0.5147638024599895 0.15659173047596175 0.3279881394664532
2 0.8692542195152249 0.6508998902533661 0.15558663782906024 0.3880283431723291
2 0.18513317336773544 0.47040253901629286 0.1455236520914533 0.3685737733804488
3 0.9507676386770835 0.6409787897445521 0.09846472264583311 0.30299852554326934
3 0.11463833294230805 0.4351261387943911 0.09314057809123956 0.28566805120384625
4 0.9887960660209938 0.6214412996813043 0.022407867958012417 0.2315525327331198
4 0.07223532440833368 0.419723934416453 0.06815096416805577 0.24424316518568384
5 0.03774323108937002 0.4345376573824252 0.06015612374262838 0.21042146861100428
0 0.6059161406932696 0.38169207139748984 0.16184702390587638 0.3473308089777779
0 0.49377361862761787 0.3634653898745731 0.1597788785936968 0.361697935760577
1 0.726890745410417 0.3664887073276715 0.17051125613653867 0.30668922492350437
1 0.3890934057157054 0.3045691492272439 0.15167213788771397 0.3230685468782053
2 0.837999194819979 0.3918989522419879 0.15575448824989352 0.3952398816338676
2 0.2922671529394767 0.22183027253242543 0.14680849543974384 0.3205528004438035
3 0.9333977140800751 0.361685034776176 0.11354429038974373 0.23328698708173087
3 0.20304509454578007 0.20774088657291684 0.0981141109416668 0.18968205547083342
4 0.9779487733804489 0.39768778188263976 0.04410245323910216 0.2030980298689102
4 0.1385328993738784 0.22305715586233987 0.07318044715876083 0.15066101560651715
5 0.07600492430373951 0.2204005291381945 0.0973867591180557 0.15843205547083342