0 0.4097742622893287 0.5939485630473337 0.21369217738194024 0.37634744828122446
0 0.5805452353871092 0.6058094067854716 0.2208617603400342 0.3693457441579445
1 0.2644674364919696 0.6198148375868294 0.15576212183678098 0.33380338895977163
1 0.7213240722330719 0.628159944881738 0.14364499489284663 0.316626741985751
2 0.15985118071231008 0.6144439739531165 0.14154882243092598 0.3694414125909468
2 0.8293363197262787 0.5973681990386293 0.13911700594145032 0.36456377550383523
3 0.0828022372789 0.5950475915099254 0.09783206629162175 0.29125932963831885
3 0.9085163985411465 0.5698196367024008 0.0881187855015336 0.27415262744371777
4 0.039337214160262084 0.5626527513856304 0.061508655795448286 0.24453708102394928
4 0.9529386042999485 0.5601121967446784 0.06626040743188136 0.23506158596740365
5 0.018918507020384577 0.5656511281645424 0.032578590942405665 0.22927466674783828
5 0.9773880255786478 0.5653524195556792 0.045223948842704524 0.20812966481915943
0 0.4614623444706296 0.18011519012577934 0.1483827613614649 0.3047474007753592
0 0.5708932851418888 0.18654808727757627 0.14115723773211178 0.3021337202832546
1 0.3496695131489686 0.18096377621494036 0.14363100972503184 0.31422289583190494
1 0.6754396150824742 0.17989972014205838 0.14371492073192071 0.32864597275498186
2 0.24509521287275354 0.18742080648445356 0.14884427189935323 0.3748416129689071
2 0.7752411859705339 0.1842085502576872 0.13911700594145004 0.3645637755038351
3 0.16700517579229052 0.1910872717585154 0.13170967513050458 0.3307000950117305
3 0.8581808708621337 0.18299737844463723 0.12680408664810863 0.3137332823759683
4 0.10579100987610238 0.2072939405567898 0.10961354920800095 0.2507436689200318
4 0.9183679282990838 0.19687375895914944 0.10477788656467897 0.24579608705350042
5 0.0625847123620382 0.21937025427864862 0.08530936948105827 0.20437114420275976
5 0.9607281231603527 0.20763398369882904 0.0785437536792945 0.20423125464392078
6 0.05013973532960557 0.3531684121039175 0.07489683030023027 0.067072134315851
6 0.9646905141703994 0.3000771434527767 0.07061897165920127 0.14392526645950837
7 0.025165068902702075 0.3995759092108993 0.03390557917451249 0.04424845768110385
7 0.9794142722014942 0.36696516708395194 0.041171455597011485 0.07097054449108967