0 0.2738927811021973 0.42001193392149216 0.3950148727364964 0.27360810853143336
0 0.29802994986016484 0.5925782620405562 0.37558787926321247 0.26974704182173465
1 0.24009127085125787 0.27804014043394976 0.34865520933070093 0.20320382254255437
1 0.3014890468242553 0.7404327318773875 0.3346245808926534 0.20691859943335716
2 0.23690213099518725 0.17077782635828076 0.3843204531533639 0.20112841877708565
2 0.3609477694313608 0.8314863060857497 0.3763240177217668 0.1909665764532562
3 0.24747386083522724 0.08516805904251991 0.3275113529184552 0.14904413917156797
4 0.2968751983660829 0.04873096903712482 0.26564918088966927 0.09746193807424965
3 0.4023284906409501 0.8952420232885511 0.28605729557552656 0.13873600702884276
4 0.434437120476514 0.9262546571849145 0.2436712722636947 0.08774464284021431
0 0.7272381862343812 0.28054447779816993 0.3238318508221809 0.19176691223235393
0 0.7409502974189875 0.3905928745419412 0.3264319212185416 0.19435291095568166
1 0.6865932067511805 0.1785093747033115 0.26834716504120454 0.18517355698043156
1 0.7731818153637267 0.49326551162998516 0.34826276084567154 0.19839613023486208
2 0.7115388582706275 0.08382952153848566 0.4255782862537781 0.16765904307697133
2 0.7770577400685986 0.5921143641671927 0.35326667739587864 0.2011642815276714
3 0.6886040093217486 0.04024152377266214 0.34875351981804126 0.08048304754532427
3 0.7942283531190467 0.6744274538569923 0.30361996037883815 0.17829046090727074
4 0.6722184916074421 0.004839296833448175 0.27575532447742346 0.00967859366689635
4 0.8130668722308696 0.7363078512390995 0.25377701911928313 0.15301279413302366
5 0.8232957055617162 0.8012296287682386 0.22350814033185637 0.16266404149899408
6 0.7242966078914073 0.8433715007782708 0.12882617436295318 0.1148768592433095
7 0.6765631764219263 0.8720727842138054 0.07260574685558843 0.07000411809933027