0 0.6485327505814259 0.5312620116216752 0.423025814980502 0.24990800542644245
0 0.6227663413692027 0.33857126778835733 0.39342377970238146 0.23397316563943157
1 0.6812638485875072 0.6958675938504483 0.37116948474374456 0.17527301603783457
1 0.7237006653789053 0.17178147462158241 0.1521777458857063 0.11345402532756133
2 0.6858519056793552 0.829407035627571 0.4143127352743139 0.17513681417988936
2 0.7333416040425003 0.05677991076259259 0.11498623143006352 0.08992970636302859
3 0.6787459042179097 0.9237869368208768 0.3530929808994939 0.10480559614432941
0 0.42902686914945887 0.5283031364167635 0.38939241206522435 0.15705008871635465
0 0.427598539643424 0.4090607913240566 0.36813573739659244 0.16312780502994265
1 0.4285552734562924 0.6572868463635163 0.3935599815603268 0.19082991510886196
1 0.32805344866501074 0.30339709755491867 0.2154336273176733 0.13115258845582828
2 0.431689446993895 0.7860815859522773 0.4573300055662225 0.17259676616809771
3 0.37384560501471564 0.9011989084306441 0.24870953275553595 0.12570477333554592
4 0.40337442855422173 0.958707356574602 0.21633593222686967 0.056885318163919917