0 0.4124541576229538 0.40248702045489776 0.2393926036506721 0.3872446851588798
0 0.5916933171935143 0.43043725119965415 0.2443681842732287 0.3921083200313272
1 0.26796011825285654 0.3428951917568549 0.1737332600799373 0.36485484515006894
1 0.7461957570932826 0.44425810348629846 0.17048997235177027 0.3407884123292298
2 0.16303032905794665 0.3200874666430081 0.16314107998705202 0.40558037335356545
2 0.8464285030108061 0.4983577855237117 0.15268625379734638 0.38143002668559345
3 0.07727406980924777 0.3330996779366439 0.10921860030156724 0.3064352841159434
3 0.9198564597334199 0.5287406757700059 0.10141945273800428 0.28952444719188747
4 0.032049358790310206 0.3553077046100003 0.06409871758062041 0.2531590707780416
4 0.9548648500732109 0.5583691834574187 0.05870729665911348 0.23616432000685295
5 0.013936568479031967 0.3543575230744756 0.027873136958063933 0.24080418462027955
0 0.34114762922080594 0.8274231917446178 0.16109588579699755 0.27820449848209705
0 0.45324698479853825 0.8513489260882547 0.15413617980775549 0.2853321230965025
1 0.22535856025487233 0.8059432604783932 0.1543880122800516 0.29254366155804096
1 0.5621602919326618 0.8632973865862275 0.14608519977189602 0.26120974771090827
2 0.12247013571120637 0.7590830881848961 0.15805102079537908 0.3286293251481108
2 0.6666856275462535 0.8632825588797246 0.1484051017683101 0.2588338728394396
3 0.05926049086124377 0.7419493230671332 0.11852098172248754 0.2900279302746846
3 0.7526784520614065 0.8779005927141308 0.1425061354140005 0.22752793027468463
4 0.024278805394326412 0.737575185636294 0.048557610788652825 0.2652342441120275
4 0.8156668498001569 0.8975920460388165 0.11463677704534748 0.18635486155314632
5 0.871653569470949 0.9113577978260197 0.11603329331000858 0.15753667898936996
6 0.9002784252564908 0.848550113719866 0.0855387907268975 0.17880766770307643
7 0.9266673232030508 0.7809627085883976 0.03916362613267939 0.08936187692797185