0 0.44017077955136824 0.5948607596858673 0.4616384215709223 0.30737147451347585
0 0.38800963730762766 0.4016367909144638 0.4317837079371216 0.2909312780151053
1 0.4760598185946795 0.7626509805526098 0.40851869955576536 0.23189422393926845
1 0.21667298383419117 0.2831753962177978 0.1401119234647716 0.12222590061753144
2 0.517950236347641 0.8780861359198956 0.45010699734558474 0.2108814417637472
3 0.5596643241276964 0.939182612878731 0.35706343717008937 0.07759433018196168
0 0.6387572605069577 0.5157530298559956 0.400130508008639 0.21456302096852214
0 0.606061994124528 0.3936358859123299 0.39034703009531324 0.21148680162291128
1 0.7035682633704283 0.6307932219697635 0.3886155571332317 0.2209340929403549
1 0.6614685689447003 0.25328005917561175 0.25371452590463517 0.17322742309205424
2 0.7457108210703016 0.7498341465678184 0.4785664246131861 0.24157662188725373
3 0.8448145366130826 0.8371125545970849 0.2645571035882777 0.15724096650483688
4 0.846360882960853 0.8937710325104108 0.23223153046803063 0.07125732484286883
2 0.17400087624915936 0.17383390288409808 0.11629209520692149 0.08946306093606128