0 0.6961104676530219 0.6270238425573985 0.380928426572044 0.20411874826999984
0 0.6915098420299797 0.4323192966797673 0.37127108266596637 0.20165896144489454
1 0.7205773351594034 0.7891575914316806 0.3484616071419517 0.1342254026268693
1 0.6982929745235981 0.27000374062389276 0.33648433566341396 0.1365593229416414
2 0.7154847408778529 0.9105937777043558 0.39877453920994965 0.12490370653559534
2 0.644554276971957 0.15251596019344935 0.38650355269656206 0.11041070377344434
3 0.6818248114318293 0.9793061780222856 0.33231819930046885 0.03558379931228801
3 0.6118566814430545 0.06976507506734939 0.30173954795155417 0.07386353059223418
4 0.5724930182316201 0.020354972529561508 0.26517834415554786 0.040709945059123016
0 0.18571275286764252 0.6540341522565042 0.33176056193710723 0.14133904491370414
0 0.19070044892246096 0.5265883505992137 0.31712768856056617 0.12923590313758437
1 0.17297748438781943 0.4064869464977022 0.33387069305610356 0.1245261070045957
2 0.1769730538191789 0.2910673681935497 0.3458899238253344 0.12459603284366977
2 0.21746899412477072 0.8894502459035571 0.39392488761156463 0.12247189004611961
3 0.21516396290547923 0.96399045442451 0.3401591271223998 0.07168344712342481
3 0.15964870254611926 0.19380250255357667 0.3144301273718702 0.11239499489284664
4 0.1464755912828357 0.12776665916188146 0.2685052947046363 0.09770619978128857
5 0.14643971528432023 0.05684620503951251 0.21823432192733125 0.10943174202640861
6 0.26161453421547143 0.044155686215171505 0.11444934440501833 0.08479191827191081
7 0.3164624232016583 0.01859364274004657 0.05827973776200734 0.03398949018140127