0 0.5538968287812972 0.4037630730787697 0.3984344056152062 0.25066256240986134
0 0.5199614053830341 0.5896609821122978 0.383717481017386 0.24235810853143336
1 0.6081445530278305 0.2486777139968305 0.3570343904062342 0.1756327366827715
1 0.5149925272903471 0.7410122135198647 0.3328979796428584 0.17140736483410962
2 0.64524906428819 0.13203596200113693 0.39760592734687566 0.17151779190241984
2 0.46510763369594876 0.8478384969553994 0.37759156431679075 0.15082980211579794
3 0.62883229020199 0.049092435359534774 0.3070964320559366 0.09818487071906955
3 0.4357268492562077 0.9219575598350811 0.3039089921027749 0.10690368656981246
4 0.6190658916057915 0.008327092716537365 0.2545587291019641 0.01665418543307473
4 0.40936004855430685 0.9515143925838685 0.2463676983912811 0.04742571593327446
0 0.35393682649995145 0.4296990440380481 0.32809028733516593 0.17104305969514647
0 0.3384669306242074 0.5447014229084075 0.32509874583183307 0.15643783020258795
1 0.35302057081088734 0.30515442546175203 0.3043456734714478 0.1764330724618692
1 0.2897839601067323 0.6514366300592014 0.3300043873644399 0.15920598149539728
2 0.3792587997664818 0.19053428310564868 0.4045236181336706 0.16485271114932615
2 0.21100393805372303 0.7616506674054377 0.33491002889704663 0.1619741327882066
3 0.33885253875427757 0.09414449025644242 0.2521997674171329 0.1317424838873715
3 0.1892040467406706 0.8555648885996265 0.2055471982449115 0.10424312352876004
4 0.3850602462709418 0.03312319070827936 0.20996309365294602 0.06624638141655873
4 0.20944493074197618 0.9175363622664747 0.1686079629129892 0.07987621960192115
5 0.41292281772450895 0.0005615502671843605 0.15973128762790514 0.001123100534368721
5 0.21638915390672098 0.9529565205809815 0.14540615992974265 0.03977530801504842