0 0.4179894258059284 0.6186741959691935 0.22185227131429316 0.3729274350510845
0 0.6006085885887882 0.58791260132693 0.22593135334405928 0.36367635557466305
1 0.2678953310094397 0.6638947302851197 0.16751043537382518 0.3496893092917207
1 0.7494469661824752 0.5899313721499669 0.1536696789097789 0.3247400849058512
2 0.14779409960187276 0.6742042818361216 0.15414441111705207 0.3940873182284265
2 0.8474029872475678 0.5426175026932792 0.12941320205124968 0.35158256048770775
3 0.07340180786796845 0.649620781997492 0.06975307884523053 0.28970074369732374
3 0.9093013160049679 0.49803592177881517 0.07459663390350849 0.25899720140576865
4 0.9449215582642492 0.47357794156723537 0.06079174019004741 0.20298012958938075
0 0.41951553304639916 0.41547605105974567 0.15239461092340767 0.30791316182892814
0 0.5323141497076868 0.4045110341402654 0.1420506160300967 0.2975691669356172
1 0.29600861635283743 0.4127466013340752 0.16146353783034753 0.301430233645316
1 0.6369904650600281 0.3820732441599992 0.1400110750152136 0.3021947066738279
2 0.18135261124614832 0.43110530928457536 0.16503486371880774 0.4116428515832759
2 0.7329980213949784 0.34095114265740845 0.13079585828937795 0.27520594127307557
3 0.07711232653394151 0.3954864864335708 0.11160095180919437 0.24268087328670448
3 0.8172595758149203 0.3043455732329948 0.10023576700016544 0.1557781066092798
4 0.8814348116908401 0.28981206924160763 0.07026083498653654 0.1702370462829424
5 0.9376340360767095 0.29764179091276216 0.07841899904606847 0.1517348873300995
6 0.9706199026537393 0.33623026840962716 0.05876019469252141 0.08573812575936383