0 0.42321815746831304 0.3980339489107757 0.2716499335398573 0.4254413584005027
0 0.5989202247596942 0.3272488397941089 0.23944601339641997 0.32794398103854844
1 0.26116840247727785 0.41160092734099946 0.21535414211221068 0.3940201030721415
2 0.13871343207311435 0.45582845390400195 0.20898204522499306 0.41772268180857614
3 0.06686514713586814 0.5013105700835845 0.11022593019075225 0.33872501367898494
1 0.3787699299056223 0.6420836279205125 0.20257941392609113 0.37182568301748103
2 0.2673840996660627 0.6930188687420128 0.20244206002291126 0.43661756823731845
3 0.17697659875750396 0.7586274416244367 0.14052201004731493 0.24413862060126482
4 0.09893554291493606 0.7646700181335758 0.10379276448016596 0.22322843736036055
1 0.7170253661832314 0.1929330629288801 0.10996643864083512 0.1251185887887042
2 0.8334859884086219 0.18389718839867383 0.09621491497721489 0.14367759241541936
0 0.5119048540989137 0.6623680842423246 0.12442004997559628 0.1953899319202879