0 0.5430373906957262 0.43272755993627415 0.3829988601816242 0.24697222402338972
0 0.5702030304554483 0.6087537999460502 0.3780792675933763 0.2420806131343119
1 0.5538856882753204 0.2766034378083526 0.3528099029688035 0.18877640484276817
1 0.6030156146270292 0.7488062662295196 0.33083958674252156 0.17397569430345564
2 0.5589751411624999 0.16126078171443006 0.3861839984212608 0.17734460414323705
2 0.5921962970566232 0.8520247933274792 0.3593500397470087 0.16005612886869286
3 0.5139464957916666 0.08111565246899681 0.31065766512702997 0.13277463536252848
3 0.5784705870089202 0.9251323045663228 0.2885754486201924 0.11316623251552362
4 0.4836196731062499 0.04090672015152847 0.2539144999413463 0.06930957167659338
4 0.5858489709522428 0.9633934833899377 0.2422869201540599 0.07321303322012468
5 0.49127881269001067 0.02180182879283773 0.21936545154305562 0.030260603145355287
5 0.6166513698300206 0.9844240955900029 0.166760586859829 0.03115180881999426
0 0.3674996663856299 0.4837720498225824 0.34045497135790614 0.17414353146622708
0 0.3878184485346683 0.5923437400072412 0.33083958674252156 0.17397569430345577
1 0.31830675532029884 0.3758987712265327 0.28287456394615396 0.1779442007972915
1 0.3695637919416127 0.705051773848507 0.31624865939861135 0.1665124000977601
2 0.3161287196056622 0.26283408341437775 0.38126440583301296 0.17245299325415908
2 0.3224629815024031 0.8172562962014589 0.3065213745026711 0.1615368706272968
3 0.25793487052895286 0.18005433191628778 0.2482136152673078 0.13408753995836104
3 0.33487185337548 0.9040465134840775 0.19488139876047023 0.11393366633234937
4 0.2728065535133012 0.1093716464766368 0.20181318652061972 0.10204031343519725
4 0.36237520385496713 0.960544658153321 0.1725194315522436 0.07891068369335787
5 0.28477083908130335 0.0602816171309084 0.15552465805448726 0.07480077921972578
5 0.3942396504589735 0.9837273607630753 0.15714520224444437 0.032545278473849276