0 0.6344871140396031 0.6195397492787044 0.25949112081535036 0.40080894792215627
0 0.4503761131692431 0.6632210927068743 0.24976385485744734 0.38124240206165866
1 0.7955867618507398 0.606703952269216 0.20165896144489454 0.37475582660532464
1 0.3142441392011025 0.7220504760633256 0.17739673722139643 0.3354548465694653
2 0.9087353530952866 0.5739124230237542 0.17771839608113665 0.39074330810792696
2 0.20981668318694272 0.7016635853731598 0.15599986968963256 0.37556473376796123
3 0.9642755476544145 0.5287124766335854 0.06661003662725143 0.2955357230198971
3 0.13650636807854244 0.7030219590979153 0.11706283552239095 0.2924908580182786
4 0.08848538567287854 0.6950854576311725 0.07583383654382161 0.22856380734193302
5 0.06784291584796429 0.7318566752770373 0.061117071096634 0.17757937316657127
0 0.5381320856627413 0.24437569050265057 0.18459429051511997 0.33330283288791546
0 0.42140569552305485 0.27248544367656824 0.17499289106755028 0.33537090241203327
1 0.653698508228949 0.20909637094591046 0.1870680625080402 0.3454060078145783
1 0.3119607696839809 0.2883241336089589 0.17750861856391473 0.3546856158002345
2 0.7680070670469745 0.19862632849976247 0.19956278898297397 0.39725265699952494
2 0.2049266825826605 0.30287695630699446 0.18990544886414498 0.42000918274124116
3 0.8606250698091255 0.17274109549779507 0.1727009262562224 0.34548219099559013
3 0.1326434759534983 0.3342414348761109 0.1556782108298922 0.32027627222949956
4 0.9195123079944488 0.1673686184727419 0.10727962889322876 0.26330892754239643
4 0.0820718031319329 0.35162926218218465 0.12164676514504655 0.2541972078716043
5 0.04244410586815777 0.3770947743969917 0.08488821173631554 0.19292583582140127