0 0.6491147119801943 0.5783118831607175 0.2712575218808345 0.4148962482155048
0 0.46383225453261095 0.5402204852794021 0.27139752997571437 0.41730009436935095
1 0.7967756795355179 0.6321694644840231 0.1946381696884073 0.37623628702741796
1 0.31084985779662583 0.5190666595053158 0.20058963529602786 0.3548535041150988
2 0.9042250074433059 0.6573220754031651 0.18684289030645965 0.4071505103976896
2 0.20546621007592963 0.46734582465771796 0.18924673646030588 0.4072344545551217
3 0.9575685746495869 0.648584274902007 0.08486285070082616 0.31893316571058633
3 0.13062066761038957 0.4229891493806805 0.12257020215480288 0.2921550813885503
4 0.08354750973851496 0.4005456268334286 0.0965716272880246 0.2576617936603833
5 0.05370944495775769 0.4052006980320989 0.07381694714437109 0.23767552701272526
0 0.691500963399288 0.15243051536214025 0.18619026691384105 0.3048610307242805
0 0.5735843480363918 0.1406020737165369 0.18082254222662966 0.2812041474330738
1 0.807153740703218 0.1693298685053642 0.1816625907959082 0.31820820270538175
1 0.455947748863255 0.12454591526234478 0.1715108823418946 0.24909183052468956
2 0.9091670222392002 0.21255329765706843 0.18166595552159956 0.3761523428699858
2 0.3525823642478704 0.12626677048970253 0.16189549772651 0.25253354097940506
3 0.955575141660396 0.22032191080894717 0.08884971667920802 0.3422161298321591
3 0.27072344119266645 0.10481531062579348 0.1568314977699483 0.20963062125158696
4 0.9924610282669218 0.24795087437233576 0.015077943466156266 0.25805098003585936
4 0.2068933642913087 0.08290215789600798 0.13494057473646356 0.16580431579201596
5 0.13768370843229444 0.07222603364569058 0.1503674168645889 0.14445206729138116
6 0.10923387032988982 0.11782660407836712 0.12135754638266522 0.18895758508802982
7 0.08571987835961219 0.18970542342729765 0.07489183797208988 0.09137668825783815