0 0.6078760101968559 0.4029998588825823 0.3850925805464321 0.2698574409320369
0 0.5661147024800738 0.58559845398656 0.380256916956362 0.26717357858843127
1 0.6564992153454564 0.2500293164170422 0.35317126976936947 0.2103450280062922
1 0.5559949927165782 0.7327230977032546 0.3239614892523067 0.1774149308677351
2 0.674710716900071 0.1300588751374992 0.3818216246388801 0.1951982020679264
2 0.5008735168070683 0.8248155875303571 0.36720274873915987 0.17753123042172475
3 0.6698199528105598 0.053814692557462296 0.2923758338637755 0.10762938511492459
3 0.4628446911570687 0.8930914822317627 0.2775891302697897 0.11465862321886561
4 0.6427351476888814 0.010049506320929808 0.24337585846839113 0.020099012641859617
4 0.44319435269063534 0.930269239298493 0.23404018667678272 0.08810001597256828
0 0.40371691481419847 0.40047747002428563 0.3168338646379011 0.18420644504463424
0 0.3843734183886047 0.5145082999666531 0.30719050874013887 0.181242566511269
1 0.4015236953434984 0.27929325139737454 0.30252267284433454 0.19298178109074016
1 0.33869949940021377 0.6204638343373134 0.31443001848405494 0.18406643694975436
2 0.42687680715370746 0.1649124012178076 0.42042301951230654 0.20945756235523347
2 0.267869109643571 0.7206779152426729 0.3143461046369221 0.1768548984882159
3 0.393321702553497 0.06600781187006236 0.24681464207020895 0.1320156237401247
3 0.2536969321965785 0.8031787289952808 0.15493703385888052 0.10271051807230527
4 0.43715035897028 0.020317514328933063 0.2074300512902093 0.040635028657866126
4 0.24577212603441106 0.864896830202997 0.17651570667874075 0.09916289861853099
5 0.22714189730944637 0.9176295832222876 0.1258671097537058 0.08179965170297866