0 0.6419623785619092 0.46715133336877923 0.41353894159581617 0.2685745341265544
0 0.6109705148573918 0.6434829818409011 0.4102243325945621 0.25647135919989156
1 0.69584599426212 0.32398513331175327 0.3845823606813521 0.2028312463983874
1 0.6112645139034603 0.789739848517072 0.3544611388488273 0.18499699343227916
2 0.7223227452967367 0.21462540051759543 0.40974960038728897 0.1869277090532172
2 0.5609493852751564 0.8850809579694712 0.38221437727809165 0.17158124639838726
3 0.7192799457414285 0.12701093213835896 0.314942547720985 0.13806475414772107
3 0.533779886713199 0.9478270206588519 0.3012839438264201 0.10434595868229615
4 0.6982635135664291 0.07113486149787282 0.25619318736237334 0.09046096160370615
4 0.5156241015240265 0.9731723354710267 0.24530273476061792 0.05365532905794678
0 0.464368923406809 0.44896220702829015 0.38181420938854277 0.197939609933263
0 0.45018463199564535 0.5623474298403777 0.3759136016639611 0.18334864469532192
1 0.4418579885170948 0.32590436031625986 0.3135957542334427 0.1835699427559338
1 0.37694188862106215 0.655689146720249 0.3544611388488272 0.18499699343227916
2 0.46472897032094235 0.21641871128595389 0.4195471375721549 0.1896673318367918
2 0.29492137856905437 0.7439293667414155 0.32932976189347624 0.16973447493488164
3 0.43451525279540004 0.11826547255957985 0.23801947079790808 0.1353785411098943
3 0.28723794671679576 0.8323680094891308 0.203454861796654 0.12218409213661428
4 0.46980705266630374 0.06195824346490159 0.23288333610183828 0.09923690464476993
4 0.30805429494702063 0.9014232618970547 0.17668411171596896 0.08528695825460111
5 0.493881376955351 0.03163162919665453 0.16564736929531734 0.034554356551535687
5 0.3115151937671706 0.9470963388201318 0.17373380785367806 0.07799147563563043