0 0.39184214207305945 0.39423936452497543 0.2297158053319413 0.354582094215272
0 0.5612551461422185 0.41686692682444143 0.23169962720114812 0.3473845409215483
1 0.2547992027629385 0.35256284017633266 0.1723272223702832 0.3182027430478393
1 0.6994062959409324 0.4188729970507153 0.15253642075999488 0.3084754770899363
2 0.1400446238052821 0.3410742444289147 0.16763582961658058 0.3614300183136257
2 0.7862484822100435 0.45544814056755506 0.14261731141396056 0.3444632435585546
3 0.05294981387206316 0.36096850777573736 0.10589962774412633 0.2722359776006516
3 0.8426925713188784 0.49785808487132527 0.09472781351369755 0.26488458746096527
4 0.014926081100831582 0.38595016678654825 0.029852162201663163 0.2286311028038657
4 0.8789021259918955 0.5161037011263008 0.06590536820843394 0.22386536599961787
0 0.3938507940583867 0.5661842903640495 0.16355188632417714 0.3325698792996569
0 0.49411229204552637 0.5787908981815016 0.15634034786263867 0.3325279237962127
1 0.2728884418442403 0.5787061858194634 0.18294637219071633 0.2942342073484517
1 0.5888779115210199 0.6238284513241548 0.1528164369497545 0.31328316939762857
2 0.15834387502890357 0.5636118208412764 0.16464824254232527 0.392652047977996
2 0.6755919439656963 0.6832471258864404 0.15013257460614873 0.30846149192212163
3 0.06200628768315913 0.6135471685272684 0.12401257536631825 0.2434317792579421
3 0.7519668427796993 0.7137497207634982 0.09944291480829019 0.18080591274760904
4 0.02191687472483576 0.5867482390556835 0.04383374944967152 0.20234263195752078
4 0.8044195796092303 0.7008292480253625 0.06368894723124786 0.14455242809050944