0 0.5121470468513349 0.6417723645744857 0.3652767348602566 0.22082011272225033
0 0.5223529227567838 0.461798853632677 0.3723763730412396 0.21639036113054153
1 0.5397602877332793 0.7996601076770806 0.33726782324017096 0.1521266377892855
1 0.5509503157888352 0.31889087690784995 0.32038495002297024 0.1488409299648112
2 0.5491778369795933 0.9120688550242325 0.3779094072944446 0.1446529172311404
2 0.5281437622755341 0.21300077670960008 0.3654425754029915 0.12479224680706541
3 0.5244389937486104 0.9744616576205143 0.292543888823718 0.051076684758971425
3 0.5093895741761751 0.13981456006559562 0.2876242962354701 0.08229934070836996
4 0.49485560191159184 0.0921206885142981 0.24865920651143178 0.05864904150517607
5 0.5231992094342949 0.06352138433582448 0.19320289455213668 0.048539957554431
0 0.3421733466817303 0.6027796907064666 0.36119438449807706 0.14857874786820455
0 0.3567662839037389 0.49283266882284926 0.35879053834423086 0.14845276762954354
1 0.30471589592804427 0.7127318233997259 0.3060737733804488 0.15289274084053625
1 0.31375083864385656 0.376256351980595 0.31065766512702997 0.14352931670247424
2 0.30200231412457196 0.8293183618612644 0.4043517149867522 0.1460386998564129
2 0.25144867401292714 0.26107603938289764 0.30322232610438044 0.13353599137110614
3 0.2626725435496787 0.9163079758543241 0.21360861672873932 0.10002856869448952
3 0.2654541347620191 0.17636940211466492 0.17738307400021375 0.09092732665303369
4 0.28766014759476416 0.9718577892875795 0.200973934416453 0.05628442142484092
4 0.29329519596127124 0.11765903089378381 0.16005259966079066 0.06841084959779019
5 0.30316336114695513 0.05559996172909786 0.1580404044888889 0.08511179243605212