0 0.477100825460545 0.43422985557849086 0.27989284983206086 0.4119261706665237
0 0.6625932950504481 0.46632327281894703 0.28271672027054634 0.41934801841538416
1 0.3242821453603298 0.3823651852386046 0.21557274459862386 0.3752081291961535
1 0.8145256310748349 0.4614872492561269 0.20044962720114812 0.36192704270299114
2 0.2110450684806911 0.34636633553233653 0.20565363525258953 0.4102142750672361
2 0.9096672224788788 0.5157851870505715 0.1806655550422424 0.38689718538404516
3 0.1176450887178905 0.36057801312250726 0.15239641266511514 0.3170657816284897
3 0.9585023358071957 0.5423484500824804 0.08299532838560872 0.3125588426014243
4 0.061434720292265425 0.37032797368226505 0.09346774065977963 0.2497286680200853
0 0.47678412488421995 0.615464708909901 0.21428896320381588 0.39422858913960057
0 0.5901030600817434 0.6321276347417389 0.20268975671922446 0.40038858116452947
1 0.3497302989675732 0.632620716522579 0.20866493086773497 0.3387298183138173
1 0.6937829021229924 0.690707491625571 0.2025734571652348 0.35732965968262076
2 0.23634135972260967 0.614755867613818 0.20649368382186822 0.42463735199031305
2 0.7930632218707433 0.7774573524969388 0.18420644504463424 0.32941518697905947
3 0.13430605200858287 0.6466357054301997 0.14903621838800069 0.259373473936182
3 0.8808617562631227 0.7915208335379647 0.12261761923658308 0.2164049964475783
4 0.07607742047764622 0.6009920498078348 0.09391147348530902 0.21628513115356102
4 0.9464074931143729 0.7761219435212268 0.09703906865444403 0.18785959588205123
5 0.043287331433968776 0.5772837628507123 0.029451360156992276 0.1771632435293447