0 0.41160378090127037 0.44882789352815206 0.4366938048669684 0.2597912745486114
0 0.44466820101087706 0.6464188543358979 0.41382682579436125 0.2400569540553422
1 0.36026330493795683 0.2844152026818913 0.38670745503592063 0.19142052957564132
1 0.32866371897095364 0.8213381122857909 0.11193104920918902 0.0986156523260686
2 0.3490018447766707 0.14613809869545968 0.43207244103699965 0.18767588993322684
3 0.3526864791435955 0.05381382233349388 0.35441141982565255 0.0994589241864319
0 0.6411531046795597 0.5849849218183232 0.3318202486583189 0.15893962648953022
0 0.6330657179771145 0.45878299874140005 0.3396479689638531 0.16872286152574828
1 0.6163338015447094 0.32877948094273557 0.3860912731919247 0.1818051449602567
1 0.7474596521566307 0.6894703141783125 0.2386255492801775 0.12796736731282066
2 0.6210824550359206 0.19687566825272487 0.4609185948831535 0.18834729161656022
3 0.6568034582162026 0.08009430923926336 0.251106916432405 0.1354586564757481
4 0.6320109108811086 0.030311911822917197 0.22556028330067882 0.03645336304583353