0 0.5368480922288538 0.5912114679138459 0.38250695691588343 0.2365931449333039
0 0.5789003073624218 0.4160932844069656 0.3773349594692281 0.23164556306677261
1 0.526392250858956 0.7450226493702901 0.349653446541135 0.18286919219565442
1 0.6312592352304385 0.2790519430748165 0.32157176572349316 0.1604651842374244
2 0.499711157654735 0.8597299275236285 0.3774066849703993 0.16928545262561173
2 0.6159820284023854 0.17995680309468648 0.3611620823525067 0.144827322410633
3 0.4446034292774784 0.9380868724248054 0.28595010405593524 0.1018635944126629
3 0.6082254516406789 0.10822611476610915 0.26617287711672144 0.09409249771576854
4 0.40238983176627485 0.9728948074390735 0.23998444749506653 0.0333668408548391
4 0.5946772748144242 0.06544649745281496 0.21368842962165474 0.06618134965565116
0 0.36185998658065077 0.5423358155190608 0.2683228451999146 0.1541187067825029
0 0.40473046886860925 0.43555238544824715 0.2411519272296806 0.14373392959350376
1 0.3078078914614213 0.6542416894049546 0.3082416042173056 0.1744685924839842
1 0.42208733768696083 0.3331091447921076 0.2407876220907174 0.1389262372858113
2 0.2930549527416903 0.7698011667381188 0.3995877580634595 0.17712649410192574
2 0.4300289058347022 0.2441318647100902 0.26613701436613557 0.12527255293634904
3 0.21798784485573824 0.8583330544900364 0.23765516565894493 0.129240907891007
3 0.3949744720674352 0.1528078214268547 0.1304287143338616 0.10693256836577959
4 0.2146538850709148 0.9339842635567707 0.2062588758400491 0.09474772438412689
4 0.4284655164353692 0.09067040715074366 0.12973596680652094 0.06613712852981447
5 0.44208825757934844 0.03750601264845023 0.11826319374573493 0.0729989430942554
6 0.47645278263582813 0.01880546490878975 0.07594058857449763 0.0376109298175795