0 0.38092603521617296 0.59073967405411 0.39382261175734273 0.2528564661321194
0 0.41491043322689314 0.4074925464853086 0.3770936379053341 0.25408365920037757
1 0.33629369558502414 0.7394924889793597 0.35531618882678917 0.1902389128168484
1 0.4054072597840462 0.2561595554333066 0.3450151596370036 0.172739616548161
2 0.32158495127408826 0.863820115787595 0.3890679842055499 0.19499606514187043
2 0.4524475357124832 0.16663715787317004 0.3732736181336707 0.1603336592003776
3 0.32458467306430544 0.9496617740926168 0.309990024334355 0.10067645181476638
3 0.480577422462844 0.09748867596309038 0.29399975981264687 0.09726236597395375
4 0.361332100089841 0.9942084579295561 0.24165795530850323 0.01158308414088766
4 0.5097398662182487 0.06216213350479798 0.22571257525581026 0.06851729209314056
5 0.5501379469435687 0.0469068267669805 0.07280102918978575 0.021869722015157
0 0.5710257798198479 0.599211352283767 0.32799233811025164 0.16675527115488092
0 0.5972640087754424 0.4877434227344679 0.32799233811025164 0.16675527115488065
1 0.5792515231953649 0.7227320192685972 0.3454069565366613 0.1823550011635455
1 0.6256122362101396 0.3836551249446485 0.33530182579670453 0.16966339720255028
2 0.5588759857870141 0.8382259512935181 0.4273336242172594 0.1928778656012365
2 0.6984316174909909 0.28267655316673995 0.3328979796428584 0.16949530390460915
3 0.5761518606629366 0.9371462201213077 0.2887472058493975 0.12570755975738462
3 0.7354647119043854 0.20209716703022348 0.22497386592550966 0.10921458341058408
4 0.5747581292796268 0.985113826557925 0.2262023213803824 0.029772346884149998
4 0.7114221602224817 0.14135390998364025 0.18273719216132278 0.07270315119173866
5 0.7013619139515399 0.09243652041701152 0.16360437215546797 0.07376225096205577