0 0.3748327325542663 0.39653252879053913 0.3778323472356347 0.20690095675381806
0 0.36849256531277685 0.5815656925173625 0.348594396489823 0.19577380927449978
1 0.37168199678323527 0.23838260359133762 0.33231028429337156 0.1493448509194558
1 0.26906151026773883 0.7259019987482245 0.1768969428485866 0.10282057718360321
2 0.38268702263848753 0.11547149914853089 0.3893169474112781 0.13554145357040046
2 0.23244674513195165 0.8297661935086117 0.089476938285895 0.07665067320718649
3 0.3998751200936765 0.032162526528480624 0.325249759812647 0.06432505305696125
0 0.5673628556897371 0.4104295811167776 0.3556631012574321 0.13377773022914427
0 0.551843985201536 0.5263811075753682 0.3360405351270049 0.1231545037044705
1 0.5987026246277674 0.28885149079919714 0.341435922784184 0.1378295411048696
1 0.6363785777726935 0.6298929156679823 0.19642155975409908 0.11103995755443098
2 0.6165763666573574 0.17397590717886846 0.4155633566537571 0.13211954388798092
3 0.679584464872995 0.06992785287013167 0.205645147469826 0.101928493893691
4 0.6633901216145737 0.01663629231530582 0.21648898754008336 0.03327258463061164