0 0.5804295838411722 0.3812133811326421 0.41936816389346876 0.2619221534552095
0 0.5485156387099368 0.5737892353596489 0.3902701775750187 0.25303051785511393
1 0.6198336047791162 0.2145898062658638 0.3765720636571463 0.2042535543037919
1 0.5430172963981351 0.731241158436572 0.3399267622474294 0.18532650980367238
2 0.6411515402786561 0.08857674919990154 0.4046627200864115 0.17715349839980307
2 0.5011979916393132 0.8296351341084945 0.38484434175361737 0.16635204822177266
3 0.6367941031698083 0.027074587269727488 0.33218102442961406 0.054149174539454975
3 0.4710354361471199 0.9033606118149964 0.30805861873372026 0.09710795112665348
4 0.44337593817204696 0.9397564700894431 0.23543956917374326 0.07848463135718366
5 0.3920976994456729 0.9655331785434564 0.06549145525587076 0.020607141638676624
0 0.37597674452810104 0.39671983842819153 0.358653866533606 0.17202349763963362
0 0.3682157395044436 0.5159202351858958 0.35135838391463553 0.16919962720114812
1 0.37445814156610224 0.2684640894346218 0.378640133181264 0.19477817778328704
1 0.3041742102589816 0.6324012067886593 0.34140722266952256 0.1590242102062443
2 0.37388962920873026 0.14734987485515055 0.44105618902383203 0.1960145420963149
2 0.23802263941068588 0.7406087249478409 0.3638812796284588 0.18432274459862386
3 0.3655219692877952 0.05846347378937684 0.29780221527056344 0.11692694757875367
3 0.21336603435851545 0.8284072593402205 0.23437882953881045 0.11680616172384252
4 0.3708066216672062 0.009616506190615036 0.24877137205020305 0.019233012381230073
4 0.22792646518477222 0.8923310488299081 0.19946582102348304 0.07878835608783309
5 0.24187258203613046 0.9394979192901128 0.16556014239734063 0.06961670429797806