0 0.747912935630029 0.5650923644595456 0.4121566254319303 0.27331272950085395
0 0.7662279272572665 0.3645668092503576 0.39077384251961106 0.2786314843764951
1 0.7486455577128542 0.7241668291880357 0.3763202311848499 0.20786839947834707
1 0.7869620322441923 0.19879186862827783 0.33511906993973695 0.19467775697848935
2 0.7263165137347188 0.8442686928870382 0.4119582027053819 0.1990038080189452
2 0.749278866533606 0.08895293315423841 0.39462761468386603 0.17790586630847682
3 0.6876756492912844 0.9115458738484343 0.3387210096316958 0.09194330022507066
3 0.7268582193204176 0.029713272130520493 0.31113401814702313 0.059426544261040985
4 0.6308227831732977 0.9406317582826222 0.2601190495599771 0.0371364799538457
0 0.2533616467854936 0.5577249991297726 0.3302274334746126 0.19185329224999942
0 0.2696391033002976 0.4369469855721515 0.3302274334746127 0.1918532922499993
1 0.2323604421204293 0.6813274774158836 0.3541819508556421 0.19155253896937252
1 0.2568605455753676 0.31268306807777824 0.36379733547102666 0.19239377611866032
2 0.28107077591690344 0.7988309863696585 0.3297237685300201 0.17743021532692238
2 0.247813673317355 0.19170945588319135 0.4313568602510153 0.20549397462521285
3 0.2518087308223997 0.8930163155946584 0.3123931805085045 0.16153497339259212
3 0.2589629281005806 0.09669760015925975 0.3535943417536175 0.17472561589244948
4 0.22554957865079833 0.9350983339373222 0.29313187686605097 0.09035126991979982
4 0.26755571562093794 0.04950495613710838 0.270688354318799 0.09900991227421677
5 0.26758242049381187 0.014904718190313538 0.22747253329531603 0.029809436380627077
6 0.3563988119499714 0.00604121677649599 0.16472070082301976 0.01208243355299198