0 0.546875 0.5607237519814031 0.23076923076923078 0.3900828005163851
0 0.36538461538461536 0.6069281940541852 0.18509615384615385 0.23998728631161972
1 0.7019230769230769 0.5621960650959954 0.17307692307692307 0.3544611388488273
2 0.828125 0.573065747505905 0.16346153846153846 0.384982528570901
3 0.9290865384615384 0.5642134165107557 0.1201923076923077 0.3360307053971556
4 0.9771634615384616 0.5221088266595858 0.04567307692307692 0.26307628343553446
1 0.6682692307692307 0.34599620106873746 0.16105769230769232 0.3679734529244963
2 0.7872596153846154 0.3285661873409379 0.17548076923076922 0.4483932914183089
3 0.8978365384615384 0.28533139991401624 0.125 0.2642796259207342
4 0.9615384615384616 0.3033408952842929 0.07692307692307693 0.21015580530033345
5 0.9939903846153846 0.32972798944244547 0.01201923076923077 0.1331223013089464
2 0.10096153846153846 0.6425899766971584 0.07211538461538461 0.11844534631521651
0 0.5649038461538461 0.28652106924875287 0.13701923076923078 0.22192115799891135