0 0.37429339910494824 0.6047772190352876 0.24482013361370064 0.40013739466269954
0 0.5520521366174852 0.6182006251468004 0.22985158591161697 0.368383729718107
1 0.2251080800490618 0.6079861428129598 0.18185858141607952 0.37151253887715757
1 0.6872400549494004 0.6590011623494055 0.17405961288484142 0.33760686025101533
2 0.1207925281009111 0.5899114950415871 0.16043376248492824 0.3827762722294997
2 0.800598457796405 0.6413119223640982 0.15562607017723587 0.38260838391463553
3 0.054146747628763495 0.5609088905476008 0.10829349525752699 0.3093177810952017
3 0.876424509869291 0.6379465479385935 0.11329211038760215 0.29704671785367454
4 0.020555840410956587 0.5188682877281671 0.041111680821913174 0.23965965237941098
4 0.9283799375664867 0.6241263473233835 0.07863124125712827 0.2381791919573179
5 0.00482594218422451 0.5207264968587046 0.00965188436844902 0.2193376091020246
5 0.9581972383907531 0.6383968031374383 0.0662343768716619 0.21612485578554194
0 0.46322018668953796 0.19537170500336315 0.1714040109868382 0.3230998391705062
0 0.5722595123639953 0.21842193339729227 0.16419247252529987 0.32284800669820996
1 0.3529159990021183 0.17588527376148716 0.16659631867914604 0.3229319508556421
1 0.6780916820692653 0.2185097070935348 0.1620823414063034 0.33959098561770096
2 0.2433102229033077 0.18528696844448111 0.17203340034723075 0.35915753147819857
2 0.7787175462052611 0.24126613093645163 0.15997221028730707 0.356333964537192
3 0.1654369786474647 0.16813570640486136 0.15470296578199366 0.3297237685300201
3 0.8604483154360304 0.24412023228914256 0.15461904720060787 0.32491607622232777
4 0.10525690621992519 0.17084479477675157 0.12961552197621137 0.2687881731095454
4 0.9165191071444867 0.27013138152725813 0.11945466658181986 0.23720239647981708
5 0.06270706668464994 0.19702000279092083 0.07298436313557925 0.18993438056553053
5 0.9572586138877928 0.27876997066514203 0.08053157592266029 0.209416982268596
6 0.04369826049169966 0.32143239368889626 0.061354932566938775 0.07421398855118679
6 0.9616737762260806 0.3703259849048761 0.06800883366511566 0.18015110763528172
7 0.01668950237503876 0.35296093103406634 0.02023779220739717 0.058363860951764386
7 0.9748800337190654 0.4405411883110071 0.03756822677263417 0.08779762389994285