0 0.3478418958753427 0.43802222641772304 0.3851526112090683 0.2355035543037919
0 0.3786458326727148 0.621764594821629 0.3729652871418964 0.23239966767554693
1 0.3120956801386374 0.28631175680610094 0.33220098249185254 0.16299185394465812
1 0.39035358687095856 0.7720749834844536 0.3225855978764678 0.16243182156513897
2 0.3078010643661735 0.17354099971765133 0.37720168622316486 0.1560366231319891
2 0.4479783212642259 0.8771786150153903 0.3693177745698619 0.146001214231965
3 0.3163408758613109 0.09024643290231456 0.3187194520238219 0.1071433600266775
3 0.49165075196193936 0.9518750990536815 0.2847294192740935 0.09624980189263692
4 0.36645195182989754 0.053663149451207905 0.247326980582872 0.0790446637367027
4 0.5260945246228208 0.9846301860736391 0.24151072848753288 0.03073962785272199
0 0.8032784587052532 0.41187915715514334 0.30095098249185254 0.16117174871122109
0 0.825854060578475 0.5293057441859604 0.3076582410595675 0.15438023453432195
1 0.8446442848601985 0.6388088980103951 0.3107114302796029 0.15351647742415345
2 0.8441356066456728 0.7462000761411882 0.31172878670865434 0.15774042881143657
1 0.797613826557925 0.2966345498654077 0.338403961165744 0.14898880130622055
3 0.8691320879891108 0.836402456687414 0.26173582402177853 0.14079720618052358
3 0.7445869478331436 0.10321864706912233 0.3040777418201334 0.1374133033625191
4 0.7471253806186307 0.07104674018195879 0.2875199920064922 0.07180941673427414
4 0.891569264876429 0.9016563230784596 0.21686147024714203 0.11764621029312093
5 0.9073244531873674 0.949865886280739 0.18535109362526525 0.10026822743852211
6 0.8166742626249935 0.9643417466332033 0.11970450114841433 0.07131650673359338
7 0.7642686571428663 0.9863382365254633 0.06619805255470478 0.02732352694907356