0 0.604681510382142 0.4269790123322933 0.42114646247388055 0.28115049931616237
0 0.6340541145349987 0.6151168403035073 0.32131543024230014 0.24185530537306094
1 0.6450428869253313 0.263296870372488 0.37533055185687414 0.21511846295089837
2 0.655378628779951 0.13221372048845034 0.41138824416456615 0.21806182658861836
3 0.6488119405672408 0.053940163743984054 0.3465374627666196 0.10788032748796811
4 0.6093484676220503 0.009518065958458876 0.27158155062871603 0.01903613191691775
1 0.40688866147924063 0.3080615671180823 0.4115841426143953 0.22286951889631068
2 0.39828748177783446 0.18575974963570044 0.49061721801657493 0.22213338043775632
3 0.35166553512700494 0.07741482772586099 0.2479797704589273 0.1472224946478278
4 0.37911795758984906 0.03127497435400085 0.22938976133354425 0.0625499487080017
1 0.7239412018116169 0.7790201808598282 0.07005027060529684 0.07280197109810324
2 0.6753173777107802 0.8879044218874588 0.13774975981264687 0.08791163450389824
0 0.32129906966853167 0.4271988223662285 0.1876877181629446 0.1375091962772687