0 0.6343304018711755 0.5253096378137448 0.40913623342845373 0.29249465767924576
0 0.59652770316866 0.3436846665667193 0.389555740300587 0.27913068052648593
1 0.6892876369847935 0.6756258324031349 0.36638233976874257 0.22473322546040025
1 0.664948876301602 0.170288590210284 0.16950251314519896 0.136598437557938
2 0.7122254795247966 0.8016849321734519 0.409651570537973 0.22775890482334085
2 0.6630382566943569 0.06323338971515959 0.11083097854101819 0.09891035225350474
3 0.7159803870505317 0.889341270139866 0.3329640516067377 0.14802878181793488
0 0.4292212243938464 0.5541046917107884 0.35387349554357495 0.20706583589377175
0 0.4115457152277623 0.44333440534458907 0.3341531128568692 0.1888941664333195
1 0.4412018696827029 0.6761125190141483 0.36150470268163065 0.2219931927106719
1 0.31499792405098187 0.35373619781044696 0.22026306149364644 0.14974378143008635
2 0.45555138873569584 0.7967503299426439 0.4408316257585536 0.22754027154272932
3 0.4286508268864969 0.907024573089985 0.23454624885788425 0.14594464891004086
4 0.4539832668442193 0.9498147939567274 0.22234290740397794 0.05632996802596871