0 0.3186190926616855 0.5840801864809435 0.35927790518044583 0.20867490171435854
0 0.3160901813526556 0.39917300299278136 0.34966252056506125 0.20817098075971388
1 0.304509880659292 0.7374173085628107 0.32765030564944636 0.14213331245791713
1 0.3037570856627413 0.24722166353618696 0.3156310748802156 0.14150341126461152
2 0.31345397721956647 0.8522980029927815 0.37326744190126415 0.1349115523770949
2 0.34769061190317496 0.13077132693259383 0.36358213144680546 0.12238840065321929
3 0.35142603480758705 0.9344169345588182 0.31293354020225866 0.09089666179518119
3 0.3757893606263866 0.05119755418799051 0.28404543085266043 0.0821733604697088
4 0.39934912103854736 0.9583396374779029 0.25744928631438996 0.054345270152128276
4 0.4061381186574816 0.011860925269091561 0.2502237626850367 0.023721850538183122
0 0.8029661223260558 0.5635028606984126 0.3108653380759678 0.14846298924882773
0 0.7928480730244881 0.44387746408008016 0.2963723353138168 0.13568787704762997
1 0.810339291572614 0.3288129101017598 0.3227866726704949 0.13226596736521032
2 0.8145883785228638 0.21804701666684498 0.3636520572858795 0.13440763142245002
2 0.7980597324885106 0.7872495233640967 0.3949020572858795 0.1360453745250451
3 0.789135812324809 0.8754308388147953 0.32029891550975975 0.11771691020347237
3 0.8259371225921337 0.12613395174671593 0.33715380892231267 0.12340646418179269
4 0.8008683471538364 0.9240797837753357 0.286421306670877 0.07749164840067763
4 0.8166923449238411 0.06293594962443748 0.2529352825308083 0.1045740789055753
5 0.8134431974723493 0.02582607852430265 0.20484437428607058 0.0516521570486053
6 0.702915222482778 0.01905036008843615 0.10859263195752078 0.0381007201768723