0 0.508551453398798 0.575602210328184 0.2390328184244462 0.4035951145920541
0 0.3222482656660789 0.5669735722862084 0.2387808579471239 0.39878742228436176
1 0.6534274562517992 0.6208902119204518 0.17539899627649574 0.3772245324009179
1 0.16511129318580872 0.5728949502026363 0.1690795411048696 0.3480140734158009
2 0.7678042297271254 0.6313776578161053 0.16096569773413477 0.4216225413376237
2 0.06851645139726575 0.5354187389062303 0.1370329027945315 0.4068351592755836
3 0.8557335847005016 0.6211233197992586 0.11050537174193391 0.32681548867132004
3 0.014841904116197098 0.4993803973821074 0.029683808232394197 0.30412382062040066
4 0.9124708189835666 0.5892895799319516 0.06902030755252753 0.266208739867307
5 0.9396741189174832 0.5956082869213751 0.05827110078919272 0.24384551420476525
0 0.5670915074978645 0.14331574815853154 0.1681976794342416 0.2866314963170631
0 0.4474031207602015 0.1404758713645509 0.15807837386421233 0.2809517427291018
1 0.6837461468883756 0.15258404930610756 0.16401988831985484 0.3051680986122151
1 0.3348002922454158 0.13754491828582946 0.15732249243224536 0.2750898365716589
2 0.7938872499396268 0.1789069642424586 0.16236170197869162 0.3578139284849172
2 0.2242233691684927 0.14155227481442412 0.14770710781686075 0.28310454962884823
3 0.8820106860806369 0.1700829497185252 0.15718629057430014 0.3401658994370504
3 0.1361629231468131 0.1279130217034286 0.13632799986021993 0.2558260434068572
4 0.9335725089593102 0.18664534916272085 0.12025695821526373 0.28445702074949697
4 0.07473375517543294 0.10939293137529284 0.11014787426451872 0.21878586275058567
5 0.9620458328991227 0.2144165189672781 0.05701129840258108 0.21980705266630376
5 0.04272276293382392 0.10125269869105366 0.0587852433631214 0.20250539738210732
6 0.9510072295873452 0.3565166708984236 0.056915983021772615 0.08093043345167153
7 0.9623437906632237 0.4143179862507648 0.02643208607302337 0.047494602617892775