0 0.4767026048852232 0.4215397284655605 0.37536913329574256 0.222030178451388
0 0.47611483830886914 0.6014784661069245 0.37967254570961156 0.21495852954868838
1 0.511330944193976 0.26939797297905765 0.35143175172262164 0.15416292790833958
1 0.4938415644995733 0.7425010242205232 0.327225196886219 0.15105963396029848
2 0.5239549748559309 0.1574792372663725 0.37736977952110595 0.14772078202041572
2 0.4587171819719621 0.8502765430300012 0.373957373579613 0.13322776031791944
3 0.504765948966427 0.07167519591181579 0.3048006549945683 0.10482699880186531
3 0.4416551522644975 0.9227416515424836 0.28182129322642385 0.08496672655632054
4 0.48048358415601883 0.027188578425604994 0.24648651409316644 0.05437715685120999
4 0.4352758436176995 0.9625100302500743 0.23636684958395848 0.0524577205267692
5 0.4977895171354301 0.008652632620967396 0.2063440426522167 0.017305265241934792
0 0.30188597217125346 0.46860808788636305 0.3438840266652009 0.1491454012623887
0 0.3051390814562102 0.5764664133020522 0.343884026665201 0.1491454012623887
1 0.2702909889339662 0.3543775613621696 0.30095098249185254 0.15269408754052982
1 0.2562892651886219 0.6918381668598763 0.31453359292522365 0.14109452544781603
2 0.2779392339902876 0.24500256136216958 0.3840770380888211 0.14071907789713572
2 0.19816025090153122 0.8026820072276858 0.3045820217139569 0.136007054022446
3 0.23848560909103253 0.15738920447883256 0.22614610510940975 0.11213420569640614
3 0.19683253783437227 0.8902825022842313 0.17432058949511148 0.09143459609782721
4 0.25898531473132536 0.08722302495106728 0.20763824905307532 0.08760613070200803
4 0.21683676022224668 0.9472753621823441 0.1681681508038901 0.07206393730821886
5 0.2857720456944804 0.030593762054242617 0.16028423915058715 0.061187524108485235
5 0.2423798247672133 0.9765190741420966 0.15826711957529357 0.03339256450842198