0 0.5511982718517653 0.5794270188590094 0.24059126280124368 0.3928564060688349
0 0.3537684298105163 0.6625307626891327 0.20334462326230393 0.24627094592788978
1 0.721859494504397 0.5451605174540328 0.18474276888326321 0.3787278638756128
2 0.8557629843749377 0.5258566104560072 0.16817215345520964 0.4228311468585726
3 0.9376219074301417 0.4964465598702273 0.07715343288059547 0.3388439972049675
1 0.6471980124898257 0.3072285067347679 0.1768074814064357 0.4067891207517081
2 0.7758619314975899 0.2751940064968751 0.17069229916304515 0.4661003776278033
3 0.886263283668298 0.2075677969357415 0.12217388641105377 0.24921470629777553
4 0.9520190326618677 0.20818124565120344 0.06646540058795289 0.23749001025839966
2 0.07228583070253701 0.7716350121167813 0.07304802419776278 0.10405197109810324
0 0.5215442675219767 0.28758031466496853 0.13575691476485202 0.2359689748297866