0 0.5871954751087676 0.4456634511839622 0.26787982369032903 0.38715189414674084
0 0.42208715191474877 0.48887921209122936 0.25816648985003 0.38446826887521657
1 0.719166230651462 0.3846765126776086 0.1990049437840056 0.3467319018614561
1 0.2835945926283591 0.5076589533464363 0.1886059653693053 0.32722135351300874
2 0.8183646830645404 0.34434496264399717 0.19566648985003 0.3826497046103094
2 0.19300550020357116 0.5530430024157083 0.17805597297379128 0.3629293219236036
3 0.9098577607480659 0.35060863349270777 0.1489690362087937 0.2972560831961428
3 0.12966884164835618 0.58961603183292 0.12434287932084526 0.2821335584788708
4 0.9592866251240776 0.3605958525681083 0.08142674975184477 0.2403588917310325
4 0.08963602544474437 0.6088596628904807 0.08853415021888121 0.22826971618238232
5 0.9737097020471546 0.35026815833173713 0.05258059590569093 0.21802482855222202
5 0.059196151622009675 0.5983699685323521 0.07784132412943769 0.2015476293723965
0 0.6150723085099579 0.6289502895013358 0.18880186381913427 0.3320290458207013
0 0.5090316723004913 0.648674285278706 0.18649596689020242 0.3343629471951279
1 0.7277592300659838 0.6250261556725143 0.1900303192740069 0.30325283675396675
1 0.409833219887413 0.6890058353123174 0.1912057099729803 0.3320989906001206
2 0.8272025555413484 0.5907042210235183 0.19365444059584183 0.39219514444627446
2 0.33216734349059335 0.7863873281966695 0.17079955004323766 0.3026932785186105
3 0.9255867916337193 0.618777369205393 0.13391337946721485 0.22238712852981463
3 0.2513670918965113 0.8068457441579446 0.11291952418798551 0.17855833952522787
4 0.9658890217602701 0.5831264837474263 0.06822195647945971 0.21405647359756394
4 0.1873223465323877 0.796578745964866 0.08770567195055055 0.14901273788487865
5 0.9922333802276634 0.5562516455518102 0.015533239544673175 0.16684461152725769
5 0.12727516729869107 0.7960320495563014 0.11002593190956714 0.16646916397657727