0 0.520804145598988 0.4100977354575491 0.26375777595703787 0.399515657469509
0 0.3278067185734524 0.36576475389265517 0.2043105625031543 0.23784259694950932
1 0.6842391516825768 0.3831396431718837 0.2022903329620816 0.3651625292562226
2 0.808967746242341 0.36174362575279206 0.19713572822374667 0.415559384639859
3 0.9133391554848197 0.3677680688439103 0.1459244299495611 0.3380768820692299
4 0.9611977378774065 0.4031972493634205 0.05664339011349503 0.2697622235959439
1 0.6432432038035891 0.6219587088086672 0.1909567467672521 0.3818495959212576
2 0.7680473053537603 0.6282209077999951 0.21601958502387328 0.46623595284727143
3 0.8820606315895734 0.6632173755079663 0.1433777501017857 0.2755768820692299
4 0.9384265346020939 0.6374184073103435 0.08200825633174375 0.24362760000978986
2 0.05492120549945675 0.3637919364197198 0.09702720889119186 0.14048598565342593
1 0.15438288306588663 0.3132420810483207 0.08044924901999707 0.08743354257454496