0 0.535183835833477 0.556330053479342 0.23424913471325157 0.38272286248375187
0 0.36071039649189274 0.5336118231257304 0.2292735540906951 0.3777472818611955
1 0.673962064369971 0.6043039356541804 0.16833795867022053 0.3516102163869317
1 0.21544559249906464 0.5338827523426793 0.15779918832308282 0.32483213206489575
2 0.7823717065595021 0.6281287072602513 0.164537596251713 0.38028848191822134
2 0.12208860841335117 0.49152546963816973 0.1423153717650731 0.36270606142440964
3 0.872683825643597 0.6201731090488557 0.11111878151082084 0.2943910392275323
3 0.05458632291792083 0.4650717242788304 0.10108367610827582 0.2820360318285732
4 0.9285598962840832 0.6014154703509946 0.06549911433349163 0.22557235208606238
4 0.023054006983339922 0.4449061316492765 0.046108013966679844 0.2303800443937547
5 0.9532546438761593 0.6161590566979578 0.05048842830838997 0.2082417640645468
5 0.003067740335681916 0.46961614644719474 0.006135480671363832 0.19057539941330284
0 0.5406974453511209 0.3640643332503657 0.15813496495281115 0.3344475166802802
0 0.43161624990213304 0.3594703308750641 0.15531139801180457 0.32234434175361754
1 0.6549640818162452 0.3576731396184955 0.1612637741118617 0.28653848191822145
1 0.3285599370436029 0.31985267095412906 0.15455590059491578 0.3007097263690021
2 0.7632478077696281 0.3851036804553356 0.1577457785773351 0.39205588021515586
2 0.23513427600629955 0.24508543725141252 0.13996493535697468 0.29539836911671724
3 0.8619886555980266 0.3420404805408746 0.11597988356426087 0.22733517939213607
3 0.15266327656448372 0.23476035683666563 0.09747407733869612 0.17867064721318854
4 0.9206997308465511 0.379605338143534 0.11075247046940827 0.2151480603080413
4 0.08870952101526439 0.24419641547015436 0.07799147563563064 0.17078755549219332
5 0.960683701808899 0.4034186720825731 0.05395301409716889 0.1699481139178725
5 0.0365651358416956 0.25922236870109805 0.06306473376796119 0.15586081362452392