0 0.5892361631927197 0.41383387446438896 0.4198718288380613 0.27154916586938715
0 0.6088790450824281 0.5983438903706694 0.41000461175038044 0.2638897836718125
1 0.5827877302762912 0.2635375093819999 0.3472222448663998 0.18416768339851036
1 0.6417278136124481 0.7486699026502345 0.3352030140971692 0.1836078787284652
2 0.5764804808018531 0.1516467022941447 0.4097222448663998 0.1870786676827447
2 0.6348139092407324 0.8599449246010402 0.4023428180899973 0.18193509257302545
3 0.5450740301540207 0.07698586339372888 0.32091729107727207 0.11814422790457411
3 0.6256487798241926 0.9399879059288291 0.3066621024690592 0.12002418814234189
4 0.5042773224902259 0.04268658490565712 0.25374695267275954 0.050217436532484665
4 0.6212341034307869 0.9698268845824759 0.2600656398142294 0.06034623083504825
5 0.6208716219281847 0.9943691703239781 0.21271367974251076 0.011261659352043716
0 0.16553348847386642 0.4792973471393279 0.3040369582546011 0.18455623274019436
0 0.1803381436441982 0.5939838636500607 0.32052810470179594 0.17572457466287275
1 0.15416671421943967 0.3599710797219163 0.28952993717409214 0.1814806209822941
1 0.19617683357658885 0.7039186683201059 0.3059371394638548 0.17024511675112647
2 0.16949408012961695 0.2490879210401422 0.3280754197930627 0.18567584208028443
2 0.22253902665027495 0.8059438356547298 0.31546857992180727 0.16828911433331611
3 0.15097300669820998 0.16542748266139135 0.2960699223761739 0.1625857345535519
3 0.22813275078654036 0.8974019504348927 0.28603481697362887 0.15011866004828534
4 0.13677122783574497 0.10236767799134629 0.27102413094852734 0.13261997136730796
4 0.22774356441106425 0.9474809146145877 0.2585851793921362 0.10503817077082463
5 0.15375077202169005 0.07315930807333694 0.20642552701272526 0.06961283323691982
5 0.23476050968486467 0.9768308926637821 0.22532051961376615 0.04633821467243575
6 0.2864507082219789 0.05894044760314478 0.07362637944916219 0.04662805878950111
6 0.34065565669024356 0.9836275485138082 0.16256868714146988 0.03274490297238367