0 0.4276887442145905 0.5902405242336355 0.3415572278463394 0.189429953158442
0 0.421085003304164 0.4183515390658207 0.3368755157773083 0.19180582897665843
1 0.39900089586857584 0.7310753017508576 0.3290442977417483 0.13408555094872115
1 0.40397379448844045 0.2753786335832337 0.29691243607112017 0.11707682069020581
2 0.4024551308124735 0.8428681330725184 0.36737985596462547 0.13190546747991158
2 0.4353072278463395 0.18502462529678101 0.33904784469240046 0.09569393832625671
3 0.4240693029585205 0.9341163907439687 0.28578528859180163 0.08817472617279275
3 0.4610038757259644 0.12476064943684963 0.2604870246667286 0.0639964129561832
4 0.46024275388558983 0.9819975214714846 0.24202235848721038 0.0326485167814797
4 0.483089643565178 0.08736118237408627 0.20393876074165554 0.03963629255798139
0 0.5938112001169394 0.571239708916661 0.294508589917274 0.11706283552239095
0 0.5955425981967176 0.4666304457209089 0.2971643965484425 0.12188451299789804
1 0.6176981273685295 0.6829136663118962 0.2905827592802099 0.13386178826368458
1 0.62985189959208 0.36423622891350327 0.29438260967861285 0.1146589893685448
2 0.6174206128429968 0.7923236292314331 0.3812990119330579 0.12237399387141597
2 0.6263925538385403 0.2752869286372881 0.2236632293077851 0.0950226502711465
3 0.6704737553470355 0.8869958489520602 0.2043064798383547 0.09250692277478177
4 0.6526185471222549 0.9592371000777781 0.19861692586003427 0.0756520293622294