0 0.6778846153846154 0.3220686097647093 0.36538461538461536 0.2557876233237683
0 0.6947115384615384 0.5057911939132604 0.3605769230769231 0.25299132868489266
1 0.6766826923076923 0.16591672188596662 0.34134615384615385 0.18651768859092924
1 0.734375 0.6491881092963838 0.31971153846153844 0.18234782425445098
2 0.6490384615384616 0.0737596057022973 0.37740384615384615 0.1475192114045946
2 0.6959134615384616 0.7641065433304646 0.3605769230769231 0.1664528671464314
3 0.6105769230769231 0.02391656525970074 0.3317307692307692 0.04783313051940148
3 0.6778846153846154 0.848510917457017 0.29086538461538464 0.11749313334427515
4 0.6574519230769231 0.9054672850568533 0.24278846153846154 0.08953018695552008
0 0.2247596153846154 0.39992226409410914 0.31009615384615385 0.1815629272843924
0 0.23076923076923078 0.517220165026284 0.30528846153846156 0.17636278649167075
1 0.19831730769230768 0.2866961153771551 0.3269230769230769 0.18534034313584116
1 0.23197115384615385 0.6301028221357959 0.3389423076923077 0.17670607973302993
2 0.22956730769230768 0.7432798156090799 0.40865384615384615 0.19201196738134002
3 0.23677884615384615 0.8280276813430743 0.3389423076923077 0.162283002809953
3 0.19471153846153846 0.08146160558708099 0.3004807692307692 0.13270110723741063
4 0.1778846153846154 0.05381677971960152 0.28365384615384615 0.10763355943920304
4 0.24519230769230768 0.893446665725042 0.25 0.13338809045229502
5 0.2536057692307692 0.9372310347223947 0.21875 0.10199102145345051
6 0.3401442307692308 0.9397823466072511 0.15625 0.0776584219172997
7 0.41586538461538464 0.9516301291218853 0.0673076923076923 0.034340432636564784