0 0.42096902322396573 0.3685863118161743 0.24286186990272293 0.35975536338504976
0 0.5877200410070226 0.40290877685229154 0.23265878993785177 0.34516444929920137
1 0.28451095542627197 0.3277297402617813 0.18399417151144198 0.3299021865622679
1 0.7233904248619585 0.4041438461589158 0.16358801158169947 0.3007203583905715
2 0.17341775384682695 0.3128539242020748 0.18055776835255186 0.3634721141347284
2 0.8056640049731995 0.44834834790774364 0.14823032687849283 0.33648433566341396
3 0.08033095618672056 0.3276905107399027 0.12645287779994804 0.27364866133787125
3 0.8630400227562564 0.4845799606703847 0.10192467013691424 0.26120983766171213
4 0.03246010336380741 0.34910924637887647 0.06492020672761482 0.22966612262686242
4 0.8969652743503382 0.5068080894168772 0.06871568563862514 0.2125874438057823
5 0.9238973281672181 0.4943273064500252 0.05993695957845556 0.1740000274721653
0 0.38169127692442306 0.6250994386891038 0.17997007300306522 0.34904903721165137
0 0.488025760808633 0.6388572502532727 0.17516238069537293 0.34896511863026586
1 0.2682697361815389 0.6378888330439744 0.1770764807246468 0.3369878471517278
1 0.5781251071088488 0.6973379714077524 0.151666730037383 0.3029144080909533
2 0.16213115074715787 0.6193233291721131 0.19262188359079774 0.4237361051436537
2 0.6670939471791062 0.7246106518529252 0.17452162058998674 0.39219239010880386
3 0.07132371763803347 0.6076966283722868 0.13425211161097322 0.2881976161330267
3 0.7461270225812858 0.7304375337216004 0.1182618470892649 0.2494843219273313
4 0.03256623287560619 0.5966214816436447 0.06513246575121238 0.26348780594347987
4 0.7919470233417345 0.7260345379676671 0.10737312254999246 0.21806648476455975
5 0.0025181559525292697 0.549069049700382 0.005036311905058539 0.16628497752231297
5 0.8506453556611364 0.7298142276533852 0.09261131348315715 0.1505489960034034