0 0.4242475066102124 0.38586073093289275 0.2471519815893683 0.39197742309205424
0 0.5968209466043386 0.41702724425036214 0.24477610671789976 0.3942131759479591
1 0.2868095486706315 0.3282184032568155 0.1795366051755223 0.36082850305739483
1 0.7444896573716113 0.4211125833500595 0.181828566199858 0.35138121173995146
2 0.186281565085946 0.2980187063857276 0.17031281851342417 0.39380997601947654
2 0.8399582071072061 0.47328308220164506 0.16776911594768998 0.3816226519523045
3 0.10568279072615584 0.3096594472513709 0.12134081440041768 0.3135250331375769
3 0.910340214280493 0.5139974068354586 0.11384956311510308 0.28898229170529205
4 0.05500622251874335 0.33001632958505767 0.08220796516181662 0.25314323267821115
4 0.9545456409440596 0.5337242192850862 0.07960832003132733 0.23614821630334695
5 0.03120720101111955 0.3220818779490843 0.0624144020222391 0.2253561786023744
0 0.3400815516819632 0.8072731943803348 0.17184955491356446 0.319458838548187
0 0.4516366275767885 0.8186876252568414 0.1669299774763618 0.3095072673369199
1 0.22979832707000505 0.7897651014702421 0.1670978051706274 0.32393034425999684
1 0.5559801650100754 0.8306063360271714 0.15927089849678155 0.27054144898155824
2 0.13177208912748728 0.7509838497627516 0.17492471184447325 0.37731923953843566
2 0.6581156552661593 0.8258662170185195 0.15200341747048787 0.26522947678004244
3 0.06512509021692489 0.7295843410086778 0.13025018043384978 0.31486977952110595
3 0.7347869906478378 0.8421218468690186 0.13707685746461407 0.220951686223165
4 0.03141530149832353 0.7103030317952382 0.06283060299664706 0.24766316717875425
4 0.7970212634652505 0.8605879595840877 0.1221223261763625 0.17427004951244113
5 0.003813027652659167 0.6569476431830996 0.007626055305318334 0.14764317517226233
5 0.8593953926945512 0.8670348415299259 0.13148596925034867 0.15330780731959018
6 0.016251827657554046 0.5491360228472402 0.03250365531510809 0.07961256969013501
6 0.888814957829446 0.8157388758007863 0.10543525951132765 0.18511262719608396
7 0.0020385353523091785 0.4984618903271947 0.004077070704618357 0.046345450114841376
7 0.9219521773246205 0.7545753855093502 0.04927968821916004 0.10672725057420743