0 0.3879298693874914 0.5517977890200967 0.3833583222223517 0.21491717312281736
0 0.3832052867315384 0.35965803811341784 0.36892126013146004 0.21184156136491722
1 0.37684764486185196 0.713415285997834 0.3517027523557227 0.14375014251916177
1 0.36069659835849827 0.21042530190411435 0.32521848915997065 0.1353070337835242
2 0.37517102743437525 0.838527246931843 0.38778841499904454 0.15023724883698938
2 0.3889483825725233 0.10691830915754467 0.36358213144680546 0.12027148565074533
3 0.4034096278357349 0.9394031577292009 0.33462409625813333 0.09969718521186785
3 0.40534176544718764 0.03372953203598394 0.30081641325832437 0.06745906407196788
4 0.4327832112831039 0.008067636954391732 0.2165279610277462 0.016135273908783464
0 0.5860723624821141 0.5125129350412763 0.32998422596421845 0.12831941719000378
0 0.5817813200284199 0.39489241490382826 0.31557513420895644 0.13005149773979596
1 0.6228153280127314 0.6286219825696027 0.33965555125086244 0.13838264554142435
1 0.595540101480294 0.2800379569920819 0.3516468116844634 0.1341347579037772
2 0.6295242017880867 0.7485343879268878 0.42140030564944636 0.14459316345157694
2 0.6609675900720455 0.1603724928452956 0.3396415660830475 0.13597879938757834
3 0.6457435714202155 0.8499701033942907 0.2818373770482213 0.11406096774059303
3 0.6400803798103725 0.0831991607843722 0.31304542154477705 0.10830492142117149
4 0.6618370745420112 0.9297712034770783 0.25046151053788834 0.09097086021386037
4 0.6325052269856493 0.027123836929452264 0.18783564402755515 0.05424767385890453