0 0.4234789062769497 0.6021634615384616 0.3600303741162684 0.19471153846153846
0 0.43207670070421034 0.4254807692307692 0.3648380664239606 0.19471153846153846
1 0.3808617356966397 0.7451923076923077 0.34269631290895713 0.13221153846153846
1 0.4251911032626562 0.2776442307692308 0.32335358274417886 0.12980769230769232
2 0.3712529789359502 0.8485576923076923 0.3730506254368851 0.11298076923076923
2 0.4686216475782053 0.1778846153846154 0.3559997804919441 0.10817307692307693
3 0.38822482407140596 0.9290865384615384 0.2994797486793833 0.08173076923076923
3 0.4927391089261522 0.10216346153846154 0.2775092504927409 0.07451923076923077
4 0.41931019659774005 0.9771634615384616 0.2449157192846328 0.04567307692307692
4 0.5085847168668226 0.055288461538461536 0.23312041038342007 0.05048076923076923
5 0.5092531685435291 0.018028846153846152 0.20600633708705823 0.036057692307692304
0 0.8501352653148135 0.6274038461538461 0.29691127505187115 0.12980769230769232
0 0.8513814810385484 0.5168269230769231 0.2972370379229031 0.1201923076923077
1 0.8462873476156145 0.7403846153846154 0.30742530476877106 0.12740384615384615
1 0.8591346866441962 0.4098557692307692 0.2817306267116075 0.11778846153846154
2 0.8107649618207649 0.8401442307692307 0.3563356632939709 0.11538461538461539
2 0.8508858525794006 0.3112980769230769 0.2982282948411988 0.11298076923076923
3 0.795340864346302 0.921875 0.2981955118656271 0.10576923076923077
3 0.8682692663990211 0.22596153846153846 0.26346146720195773 0.10096153846153846
4 0.7889986800870072 0.9663461538461539 0.2459233676907141 0.0673076923076923
4 0.8819497736524516 0.1622596153846154 0.23610045269509675 0.0889423076923077
5 0.7589802503611064 0.9927884615384616 0.18096022714251567 0.014423076923076924
5 0.8819382639812111 0.09735576923076923 0.20204166571178098 0.10576923076923077
6 0.6324424444821563 0.9855769230769231 0.07345891582349286 0.028846153846153848
6 0.7867887523060985 0.0673076923076923 0.18085489406320165 0.11538461538461539
7 0.7219112394220808 0.042067307692307696 0.08967336769071384 0.0673076923076923