0 0.580942979523146 0.4373999042179137 0.3840875399583611 0.27619573800962544
0 0.678799530473415 0.6235259377881452 0.2244686301185797 0.20795647646519583
1 0.5622245348416823 0.268566578342974 0.40239520479388796 0.2248809165651275
2 0.5393128908597499 0.13309276225810837 0.4309896028958849 0.2128125305522266
3 0.5151424681570325 0.06973433078862744 0.35913814060901206 0.08452587367314733
1 0.31999371066658244 0.3547133848607377 0.3684896028958849 0.2077107002468452
2 0.2800453471542627 0.2298852298475003 0.4672151323663485 0.22537127880533128
3 0.22295536588482368 0.12171235129050623 0.24016265234679646 0.14442620000895234
4 0.22756815809222083 0.06431437996197055 0.2196731043952423 0.07074102145345032
0 0.2960513342938614 0.4851589051396442 0.2380105619371073 0.15865305268951452
2 0.775187506249435 0.8937865867429922 0.10702800949001556 0.0807492512860301
1 0.777012735394573 0.7892192790506845 0.07088639860093775 0.07299819534061779