7 0.3808596948774714 0.9976249255369327 0.04373136715222765 0.004750148926134465
6 0.3328132124116169 0.9782263342923861 0.06302301760513397 0.04354733141522779
7 0.2483054999290115 0.027896765145046527 0.07846353153306648 0.024485986908535026
6 0.178486498125905 0.047930880170017134 0.16506287429366517 0.06343700624359136
5 0.20765916695061792 0.9800637811497329 0.202138003606213 0.03987243770053412
5 0.10154727969446571 0.065498215785975 0.20309455938893142 0.09253489311041155
4 0.18403625967572232 0.9546695596883855 0.2606614198256526 0.09066088062322891
4 0.1021025803163244 0.12200258556917441 0.2042051606326488 0.09015901729219497
3 0.16249897440156635 0.9002831414739785 0.3249979488031327 0.1269159679906272
3 0.1219656728994518 0.18583037515643067 0.2439313457989036 0.1072376733897844
2 0.17380078833375828 0.8173084936628416 0.34760157666751657 0.14161874826999984
2 0.13400104517704492 0.26764505539408867 0.26800209035408984 0.12182857232663889
1 0.1453388269372738 0.7077237161456197 0.2906776538745476 0.13408555094872115
1 0.12948714468864428 0.37340729357941205 0.25897428937728856 0.1266222794665164
0 0.13457432971292208 0.5946380581562396 0.26914865942584415 0.13636353059223424
0 0.1356365064315524 0.4828382342506713 0.2712730128631048 0.129138006962881
0 0.5389042886674035 0.5778686784608745 0.3903436648777584 0.20411874826999998
0 0.5263422139733641 0.3986422883211881 0.3834402173382179 0.20888448507424792
1 0.5788633844308129 0.7235880667087702 0.3578004199676297 0.14625861856391473
1 0.5384509241701445 0.24721396579669522 0.34531905281540204 0.13897715426330232
2 0.591162107916629 0.8318730249743654 0.39983728704886884 0.12727958235381193
2 0.49459410976233037 0.14355489265719987 0.38766401081863905 0.1248058103608917
3 0.576155132166281 0.9159516996877216 0.3061804512877306 0.09069045366915719
3 0.477965971860181 0.0653040261468667 0.2933909932135051 0.07860129706085249
4 0.5500836390237644 0.9662996098242503 0.26525418545020873 0.05200515252258187
4 0.45294051392793244 0.024277812101611927 0.25277281829798126 0.0447236882219696
5 0.5547068452593892 0.9858224648688315 0.2423872063776019 0.02835507026233695