0 0.7026181486559469 0.4196295889450586 0.39238803285510326 0.2752164909707997
0 0.6644066676051789 0.6066154463711299 0.37066950362335516 0.26687113036131077
1 0.7572229979067852 0.2690214852329747 0.3627586831023766 0.20639703579917354
1 0.6517712265583266 0.7634323574451051 0.33136882669048834 0.1927400619273478
2 0.7670210379229382 0.14959016978227602 0.38662931694657243 0.19323376126270816
2 0.5821008029550405 0.8667824096315633 0.37455414361258643 0.18779616776171
3 0.7536328984478329 0.06614071469645108 0.32116604514517416 0.13228142939290216
3 0.5309207516648311 0.9295241484896015 0.2822289948832163 0.09887430330797067
4 0.7096931989668535 0.03517417023343869 0.2534667548841952 0.07034834046687738
4 0.4993350962762999 0.9600080454383504 0.2527115302599998 0.039670232751729026
0 0.2398646204646875 0.3417803134682003 0.32658910566517374 0.1948919476038715
0 0.21926325839741553 0.46057661691595114 0.31686183592027867 0.18477264203384236
1 0.2603960543260155 0.2289936254050649 0.3457079897664326 0.18628440489777617
1 0.18071696402343018 0.573106233692122 0.33852442258727167 0.18831031033563883
2 0.17560411380552635 0.681720241450513 0.3512082276110527 0.20386720940666636
2 0.31582521434167915 0.11077445465057348 0.34308037335356545 0.16692765542834578
3 0.14496863995251966 0.7698334559722391 0.2899372799050393 0.17187154959398343
3 0.33219145332468575 0.05904065424646028 0.311578631812167 0.11808130849292056
4 0.325427455381189 0.020579115784921817 0.2962604738530067 0.041158231569843634
4 0.12109059225507236 0.8345432209584513 0.24218118451014473 0.14493554256631513
5 0.10689086455835926 0.8905875639288798 0.21378172911671853 0.12431899071027339
6 0.2007835034642715 0.9131925851516643 0.1283268984723072 0.08600387572596446
7 0.25686830448518083 0.9450878187738964 0.05551223179748236 0.022128314719975714