0 0.5374503757449982 0.606066267257292 0.36369576418559946 0.2197600673822311
0 0.5235584342284019 0.43392975845472503 0.36369576418559946 0.2197600673822311
1 0.5722108295949587 0.7481851397478506 0.3362558362032868 0.15331576661839547
1 0.5344710573015181 0.2947377497231465 0.3119654141875029 0.1469676197007135
2 0.5895672276747368 0.8542158793196483 0.3670019152486421 0.14570297299599735
2 0.502250651463349 0.1961961989238165 0.3519489371322594 0.1327594694607727
3 0.5792112940563116 0.9367634579748434 0.2907189611381551 0.10727371755118344
3 0.4793987805728843 0.12599208346821264 0.2802217148521423 0.08983061263026451
4 0.5582219122939283 0.9790924945409893 0.23594464217362238 0.04181501091802121
4 0.4768587325610928 0.08241476177698394 0.22607729708091545 0.062403150949825945
5 0.5760039087800942 0.997560186018117 0.20874645304934758 0.004879627963765971
5 0.4989291679713802 0.052474148195475065 0.17737047281068655 0.047303010960616065
0 0.3625995077075347 0.5828017178351375 0.3262625108719187 0.1454880463128611
0 0.3607421293890954 0.48017611991367903 0.31892499217171905 0.14262206377601808
1 0.3326399749519988 0.6942420324559172 0.28096737466482513 0.14977272101541944
1 0.3144765873438328 0.3734987578868169 0.3019720888561348 0.13913989939517918
2 0.349996373031777 0.8002727720277149 0.37927310649519524 0.15128089260868413
2 0.24626147931730202 0.27144460209557947 0.30677978116382704 0.1394479903171772
3 0.31149228768947623 0.8906642124968064 0.22378920954644627 0.11017198310475115
3 0.24459818216649654 0.1881267961353898 0.1820419632604335 0.09072628719084583
4 0.3394668014842862 0.9538387320257266 0.2110140973452485 0.09232253594854684
4 0.26577653428687154 0.12918598324672811 0.16420719827422126 0.07041719973308387
5 0.35895975281166187 0.9814748920407761 0.178504294958637 0.03705021591844771
5 0.2797433479457082 0.06978303397506959 0.1772342709527412 0.09041819626884788