0 0.37118735094871746 0.5836365634339298 0.3507417576566241 0.20315752247515234
0 0.3943905801392091 0.41329916083639556 0.3362067804529917 0.19809807442330296
1 0.3305707271474353 0.7272169636589602 0.32547239303205144 0.1498533141836086
1 0.3807807901282583 0.2747842919553919 0.2938866921903847 0.13488476648152478
2 0.31477586684850356 0.8375631106370727 0.35163495002297024 0.13829563561199892
2 0.4237163299339208 0.18655529220486233 0.32944083323557705 0.11387954045730193
3 0.33311042889577913 0.9280639953771925 0.2786803133034189 0.10097916458352184
3 0.44803554711282045 0.12325198238952115 0.2540823503621796 0.07652111013813184
4 0.35832183350197566 0.9770883560180674 0.22954033756121803 0.04582328796386511
4 0.47774892813327985 0.08649587849321973 0.20773787175576922 0.04687772976881421
0 0.5577372035030445 0.5760711007703165 0.28661920358856846 0.1323550424556001
0 0.5649787269128201 0.47158771165939445 0.28427130757500024 0.1347169293187535
1 0.5658968795321575 0.6904426098861265 0.28214721212254285 0.14669420079729123
1 0.5901371961958864 0.372226709536361 0.2937188417695513 0.12767322801998632
2 0.553735763534134 0.7996497727233552 0.3709776195342949 0.14343900224523382
2 0.6583970458273503 0.2808325131073369 0.27437617225822647 0.12252986138675144
3 0.5719024751605761 0.8973621959250135 0.2283114443532053 0.1049057117866644
3 0.6578675293728096 0.20026170766279794 0.1653638432309831 0.08458400099788174
4 0.5534529980155974 0.963362013921918 0.18448271218119672 0.07327597215616394
4 0.6651919730539528 0.1438762212741454 0.18655085749337602 0.06573086538334796
5 0.6592393127486644 0.08966380494052845 0.15306486176036344 0.07235497377518679