0 0.6769328627826235 0.5668379508036285 0.43150737744793644 0.21407364510201476
0 0.6724231282390323 0.36601189873074264 0.3881121664400445 0.2109145317156974
1 0.6929000278311125 0.7337793806238577 0.3802809484044843 0.15313830544200394
1 0.8023925764528804 0.20614731643898176 0.12713144243795574 0.08867838536379594
2 0.6892635937424907 0.8709874282012062 0.44240300768850105 0.14701770853847926
3 0.6662806318037227 0.9604122677364816 0.34917737188171405 0.06373444555207514
0 0.4709052064837749 0.537952567435596 0.36269814389559446 0.13842151348407747
0 0.47251573513453393 0.4079980176104788 0.37421345371018044 0.1290159253221569
1 0.4344389086022466 0.6685155269757593 0.399007796680609 0.14385859515216218
1 0.3725927034401373 0.2918459684090377 0.2274528580869039 0.12405256243604813
2 0.4263778337315581 0.7901615134891471 0.4754269526490414 0.13558590783894814
3 0.35417390494863243 0.9045059596674334 0.2484575722782136 0.11241096528305296
4 0.37098549559662924 0.9727847989532381 0.24252627944185517 0.04506131368466763
2 0.8168412074241679 0.0916079701604004 0.09955531259769729 0.06658221778155937