0 0.3959879076286743 0.47809367342638925 0.23502086569062705 0.37075582885128217
0 0.5693445435293734 0.45808362198792785 0.23012925953580188 0.36343239010918826
1 0.248207311731891 0.4698450474916135 0.17461702773831952 0.34291476765203
1 0.705595406098534 0.423985189529007 0.16469395901678124 0.31624865939861135
2 0.13647042250161126 0.4636375967379275 0.17020093338391376 0.3764567135253205
2 0.8088768768667858 0.43360258402249 0.1508582790236342 0.36639372778771384
3 0.056831348693882226 0.5001968304300214 0.11366269738776445 0.29114714519487184
3 0.8819704143000725 0.4545398325317315 0.10426214978209622 0.286003752045513
4 0.024064748690211066 0.5282596823122864 0.04812949738042213 0.23921167231688045
4 0.9276295055819609 0.45680480827393244 0.07477265644125726 0.230043888823718
5 0.9567553722518907 0.43343774841880417 0.06733734772069784 0.2106452691721155
0 0.44697047581161237 0.6427861149740388 0.1698093354306272 0.34280286737147436
0 0.5517615537629409 0.625989176845353 0.16013800825048735 0.3377713745026711
1 0.3382659445233609 0.6859414355846157 0.16695794875873943 0.3042853787696582
1 0.6633166296577662 0.647821627599039 0.16469395901678124 0.31624865939861135
2 0.22882101631741686 0.689405319586592 0.16550512620573185 0.3859601978601498
2 0.7769119250355287 0.7009600284930028 0.14761529439845972 0.29422239303205144
3 0.14763484502769694 0.7440213745026711 0.11779014566908962 0.20941637596410262
3 0.8588384932429413 0.6860354101855243 0.10308735592223674 0.18504221358397452
4 0.0780072204132913 0.7351872819730769 0.09604364515496383 0.1992974400862179
4 0.9167685568354587 0.6669455212444986 0.0812289702786004 0.16530789309070515
5 0.03252994246685762 0.7172973062308762 0.04992302771384516 0.15977284895940175
5 0.9603874286344094 0.6379045468464217 0.066694008226013 0.15535680763365398