0 0.6517849964979822 0.5529219823696006 0.38138840109320893 0.2425383312280941
0 0.606352232930709 0.37722444303770203 0.36662944136810494 0.23524288175966676
1 0.7029178259176722 0.6962095541280205 0.35192314818265796 0.17748064822828516
1 0.6007245390330824 0.2305968202369941 0.33190865241382556 0.1605418438088437
2 0.7324423732225753 0.8141378673446299 0.39094449131424125 0.18972364168255276
2 0.5475270601889208 0.14617550891217537 0.36053088439196135 0.15590197351492893
3 0.7333150413521665 0.910270735746754 0.3139621199968123 0.1364054860956786
3 0.5085583835969942 0.08346573139495342 0.2709694776352566 0.09049466131975012
4 0.7108176996200027 0.9667245547323028 0.248439174778569 0.06655089053539434
4 0.47957062161965525 0.05445874811892941 0.22222078895427935 0.07579188104037725
0 0.4790999366900906 0.5603285118253969 0.3488475364247575 0.1630435861373933
0 0.4607285798795223 0.4496746703254924 0.3458838856008664 0.15101037020034788
1 0.4654112336927675 0.6792070150982631 0.33213257428184345 0.16534953611653608
1 0.40090570051369573 0.3519972422349828 0.3488475364247577 0.16304358613739345
2 0.4967238420144672 0.7839281596365335 0.44852483807254007 0.1876554395562615
2 0.3195601666972629 0.25659779378798625 0.3491834192267846 0.1702551245989319
3 0.48831700833070085 0.8872166258289368 0.30261465483163563 0.15075863717968147
3 0.3172353203529021 0.1808836325257398 0.28008435197494824 0.13140200143857908
4 0.5155463564884192 0.9541529098343875 0.2399433995032746 0.09169418033122494
4 0.2988112970026768 0.12069657508878978 0.1789515581850486 0.0755401480197109
5 0.5326828290975408 0.9867656623411809 0.1575935312081081 0.026468675317638295
5 0.2973261576633836 0.06301125998038949 0.1650882859320167 0.08747546778205291
5 0.44468520519170995 0.027820648077214568 0.06921102818584537 0.041256969314198914
6 0.3229287583506238 0.0451362506725061 0.14211013933929315 0.0585034474255659