0 0.5790632340807339 0.5789153999211614 0.40603933384137225 0.23197825088753687
0 0.5916258780322241 0.38633447875924676 0.3743414901053362 0.21999488286889177
1 0.5738537367219674 0.7421947858132183 0.355275348348233 0.17064289180559747
1 0.7380465133308642 0.2255292451139308 0.11186778774537433 0.08752378870359401
2 0.5605963078239422 0.8725489358293553 0.41240785137049557 0.16299532270392475
3 0.528503286891527 0.9444463051246728 0.33765807087855176 0.04953982126588185
0 0.3677783416074665 0.5637859023202808 0.36388308455753643 0.1497368866989087
0 0.37807211968160037 0.4456331356428561 0.3567835070300071 0.1515942751443101
1 0.3439835073521563 0.6889501235144697 0.3496839295024775 0.1534516635897112
1 0.3017714557502682 0.3352397845436913 0.2232284373603604 0.11272972997666961
2 0.31789678787700887 0.8118926511242938 0.44824162181016997 0.16091991893845595
3 0.24806666062676624 0.9225800012695271 0.2280361296680527 0.11309403511563278