0 0.48895004205092474 0.6581387944916215 0.26024195229501335 0.39971767387553897
0 0.6779222070621783 0.6815133618482474 0.24392609178603936 0.37757939354633135
1 0.3302961958970786 0.6525984801011039 0.19197315754401642 0.3589896431633343
1 0.8264043840360386 0.7214477526036578 0.17021867686538392 0.32947193605772374
2 0.20972849162677942 0.6304143981543695 0.19230333212535541 0.39015569900590236
2 0.9230515869646363 0.7105923023714446 0.1538968260707273 0.3771291383474865
3 0.10755031943796181 0.5992864848517072 0.13812743971609626 0.31876527739572214
3 0.9736448661642445 0.7022513473233835 0.05271026767151099 0.29346765349577947
4 0.063936203437036 0.539049147563563 0.05468477488603943 0.2415598335886646
0 0.5195712942801273 0.46029844687103255 0.16604191241965738 0.3365155862043982
0 0.6363229200323354 0.4799527664277727 0.17388437874316162 0.3439789571382329
1 0.4002959570800562 0.4117979734681386 0.18371007264586828 0.34671857992180743
1 0.7477863022551987 0.4802504005175955 0.16667284028162316 0.34372712466593663
2 0.28286818146923004 0.3981112972172979 0.19043996984017014 0.4236416568448843
2 0.8621498825495006 0.43152102092586825 0.17409468803048364 0.34638280329207904
3 0.18063007663340389 0.3526022790702746 0.14720234046281996 0.28553115202903645
3 0.9437182896035611 0.43437512227855923 0.1125634207928779 0.22202382213985125
4 0.10176899412777712 0.3414606324152703 0.10871138070056936 0.22906747228652555
4 0.9822471160372859 0.4700016561320594 0.03550576792542815 0.17525947117015733
5 0.05474361748746371 0.35180098003585936 0.04522085695655246 0.1333867566655877