0 0.6497596969036549 0.6497256281808366 0.24221617059167883 0.4126034786890227
0 0.46172932708618847 0.6557610735232269 0.21725432332146433 0.38448023801730385
1 0.8143392142846844 0.6588361729359579 0.1785409523876296 0.3745792067887073
1 0.3224512631439123 0.7875023987236821 0.0927197947767516 0.1143925289468988
2 0.9285905325945669 0.6485143484960685 0.1428189348108661 0.4097964326066939
3 0.9899725536750759 0.625240543473307 0.020054892649848347 0.33648792155579127
0 0.6020948355362713 0.4521565036542988 0.1636981546773921 0.36155141623182974
0 0.478884367715219 0.4603266218872536 0.15648661621585377 0.3610471363380064
1 0.7207761483948014 0.41729193778212453 0.16884162361481275 0.37150298744309657
1 0.35484589598687755 0.3761167564950727 0.11888739466269954 0.24571306093606127
2 0.8361454965735747 0.39058869350150016 0.16613253524292249 0.4312629546933682
3 0.9339743963372521 0.34227610382759555 0.12369508697039186 0.24604924753194352