0 0.36710631139790295 0.5450776336381977 0.38988152849476154 0.2211021862382959
0 0.37191031889428305 0.35808191353202107 0.3802661438793769 0.22042981304653145
1 0.32681421131839544 0.7070345690932311 0.35749232904563183 0.163796605124541
1 0.3719997983218326 0.20731197903147794 0.32229802828179605 0.13740483741490353
2 0.3215928071527933 0.8258568604106744 0.3799903359741037 0.1414390765654906
2 0.4239887391458667 0.10556051406290415 0.35425737436465365 0.11331583589377166
3 0.3550174275207972 0.9204390902254151 0.296719112133345 0.11168544289703064
3 0.44528298059175947 0.0359489356338265 0.27758150714143753 0.071897871267653
4 0.3834175864923165 0.9627250311983342 0.25077022730499476 0.029500933755108222
4 0.48516136881335714 0.008914183061242307 0.21400318891444478 0.017828366122484614
0 0.5677808831246259 0.5130970437552377 0.30802899681971796 0.13880012378110293
0 0.5777329568674208 0.395140488918835 0.308491133202715 0.14601166224264125
1 0.5793864020359468 0.6307426819870933 0.30879922412471283 0.15081935455033382
1 0.6065306861884877 0.2818488030835187 0.29795147582133663 0.13091621212779986
2 0.5595108527557694 0.7541793023229528 0.41395227304994775 0.14860007504435876
2 0.6491353105886356 0.17716394207594022 0.3117583709004178 0.12230938730006208
3 0.6011948892012356 0.8505770517487456 0.26593124851634187 0.11671176848533421
3 0.6787194087230595 0.08894454755806737 0.18087236036573273 0.0964054261343179
4 0.6012271722179604 0.9247600959220942 0.21042786029474422 0.07214833131524483
4 0.6698885505153759 0.02649368762463789 0.1859272623732857 0.05298737524927578
5 0.6704115681205098 0.0014760546273472684 0.15902281829798126 0.002952109254694537