0 0.35935039697887855 0.42137454727206997 0.41874642670027823 0.2596966006857289
0 0.3400933405963598 0.6250719673342174 0.4043233497772013 0.2592769320092118
1 0.3682237005459425 0.25462199108715006 0.37461008617734165 0.18391836388694707
1 0.31073140215684825 0.7864223005863793 0.360159037971887 0.18109484905658382
2 0.3932814297605587 0.13640099904538003 0.4177114892523067 0.1707542929934213
2 0.3458117837119524 0.9099976813444062 0.400856594893006 0.16786083338363866
3 0.4392473630832864 0.05963992224406048 0.35926395693580354 0.10417177213350691
3 0.3718493498750988 0.9717226531253291 0.31322725334181784 0.056554693749341675
4 0.49424212615678303 0.036008267555324575 0.2865611753904892 0.05159265952015239
0 0.8507534379743344 0.4850270455966253 0.29849312405133116 0.17467842682224288
0 0.8436751841367467 0.61098416194558 0.31264963172650656 0.17509809549875988
1 0.8572377230940552 0.3578330337810377 0.2855245538118896 0.16945106583803346
1 0.836390513942583 0.7344325149715595 0.3119142872006982 0.1652728765451167
2 0.8433592441120275 0.23965987595576885 0.31328151177594504 0.16060507379626346
2 0.8149245683175472 0.8515565011055357 0.328769181559999 0.16816633615489926
3 0.863274467695734 0.14650440658083466 0.2734510646085319 0.14980062793074714
3 0.8220810062796446 0.9375719673342174 0.2925156902756635 0.12485606533156521
4 0.8775716738481119 0.10245292141119786 0.24485665230377626 0.10328821365463611
4 0.8309839652597142 0.9788570206261191 0.25072725334181784 0.042285958747761754