0 0.46054041071073787 0.5713976086713681 0.3852278816480681 0.2253490328850287
0 0.4685258612885833 0.39445961888474634 0.3759205879546815 0.2294281149147948
1 0.42019620129483115 0.7145548132688174 0.35749232904563166 0.16583519949790515
1 0.45792716509072395 0.24791607978487173 0.33810751435386344 0.1619741327882066
2 0.4066955547320918 0.8242761870324876 0.3854142101257919 0.15359795340860727
2 0.5006590791521146 0.1420184905720379 0.38254822758894874 0.14620426237758727
3 0.41899059340659583 0.903056652400966 0.3127758079052732 0.10264245197056464
3 0.5248838691682998 0.06771727512287436 0.29579483936735124 0.09896353783034756
4 0.44587889597353797 0.9457062805523042 0.2651001399892098 0.06793155315041478
4 0.5507261365249738 0.027840766193313677 0.2511391994491298 0.055681532386627354
5 0.5423288164948746 0.006624959777678256 0.2288884022205186 0.013249919555356511
0 0.8572970086108989 0.5593892122360472 0.28540598277820234 0.16051691223235404
0 0.8610810355652105 0.4466996032347932 0.27783792886957887 0.15053722247800613
1 0.8567873689056429 0.6730985917447427 0.2864252621887141 0.15552706735518002
1 0.8703892504614252 0.3411304564103368 0.25922149907714953 0.1463118506293444
2 0.8278014687011963 0.7824377289941571 0.3443970625976073 0.158223493146818
2 0.8623466034727549 0.2393313000108384 0.27530679305449013 0.14463661475342443
3 0.8353049565763704 0.861473491841565 0.3293900868472592 0.14292551612691895
3 0.8789585998665419 0.15373946407037045 0.24208280026691617 0.13691448133402695
4 0.8117722298605812 0.9071107060140562 0.25462136382996875 0.0910592518414684
4 0.8942450683334755 0.09236824223784557 0.211509863333049 0.11032588382282335
5 0.7892742229321091 0.9329706932473335 0.1986558392253741 0.038974972235950714
5 0.8989148566885312 0.04437298052003005 0.20217028662293757 0.0887459610400601
6 0.6603603627793421 0.9379081634069054 0.06225279030013935 0.038207660390885516
6 0.812082603330778 0.03305546296578633 0.16302800028395398 0.06611092593157265
7 0.743388501874095 0.013624609790242685 0.07883250367720152 0.02724921958048537