0 0.41394710513967203 0.5935138548574473 0.4078463263640009 0.19700510598316504
0 0.4080473663618023 0.40605581036089167 0.37145244746042627 0.1919876361582508
1 0.4204016637940355 0.7545435768295101 0.35349941128058554 0.14142295592059284
1 0.29811810645174847 0.26004273358888536 0.15559410015816566 0.09461708040451743
2 0.43395020759466657 0.8795715471651395 0.3909523899544772 0.12722364168255276
2 0.26257349067928454 0.14690113492824594 0.09655704608232892 0.07505066714619305
3 0.45459273654156535 0.9669824789817271 0.34124507388081315 0.06603504203654581
0 0.6250065567756453 0.5707130806705952 0.3494146321473281 0.11737050921431638
0 0.6073226938590864 0.45527252461472073 0.3351596485221923 0.11969044436127382
1 0.6441444827160391 0.6897663985411465 0.36775439490572137 0.1391030207736354
1 0.6814892646825048 0.3475749433973468 0.20674724258069935 0.10452615354401282
2 0.664820518329238 0.8136344013032973 0.4290777418201334 0.12263971205989704
3 0.7404740988763514 0.9161964401244806 0.23749296268687586 0.09749642226406671
4 0.7293876179207619 0.9787717558371631 0.2195399265070354 0.042456488325673655