0 0.3540053946135106 0.6623380744283727 0.42042690397256044 0.2689844730242407
0 0.3339645556925989 0.48145609952803403 0.4132153655110221 0.26885859515216215
1 0.3377431617405452 0.8174490902874888 0.3834864009396351 0.19872746378369535
1 0.30646699719004694 0.3331099662860042 0.3470362601469135 0.19329038211561064
2 0.33840576569967723 0.912254155846987 0.4073777934792521 0.16793901598131647
2 0.32559925756739305 0.21635559066169444 0.3995284270464995 0.18940579420316064
3 0.3653388323643545 0.9645933004525956 0.3122054652701451 0.06065925074714384
3 0.3457863720228177 0.1307882761013454 0.3008728209836327 0.12767322801998635
4 0.3573148438196788 0.07777778284465153 0.2722720466236637 0.10076936813005752
5 0.3485333130519402 0.04113979676656961 0.22321400233416724 0.08227959353313923
0 0.7951353447339492 0.5514200174882785 0.3324169589813217 0.19063478021760757
0 0.7863290379782923 0.4387539429377055 0.32942444009993194 0.18338128246537622
1 0.7952338535873723 0.6678387187870456 0.3129899655080379 0.1878952597382187
1 0.7896400741131239 0.32467614885674523 0.34163989511167725 0.18599492507268656
2 0.7688900547484876 0.7847189722834339 0.3472324843894282 0.19569422826945682
2 0.7642276461448939 0.22430204046490643 0.3580743697035707 0.18148094779984406
3 0.7816454239762728 0.8637102210348144 0.3064162550177137 0.16617672577221754
3 0.7663859144464724 0.1390494205847536 0.3282470946448436 0.1689582055422993
4 0.7796096470517038 0.9033527029279294 0.25186393193780643 0.08601061688143775
4 0.7586590393907292 0.07197250437587187 0.2633924037346675 0.13902111013813184
5 0.7487736976673247 0.038890568184007365 0.23322183543458136 0.07778113636801473
6 0.6361853769215848 0.03481716346343959 0.17474463077221494 0.06963432692687918
7 0.5688531069920575 0.020666821929866068 0.09787070909280807 0.041333643859732136