0 0.6079124021323739 0.6218430754593813 0.2112900882583192 0.40025055641956553
0 0.41700243187824787 0.6308830351556056 0.21117820312880872 0.3906351718041809
1 0.7763354749546815 0.6419206750495465 0.15563800004894873 0.3667477242465334
1 0.2646938564975484 0.6535094132196921 0.13847542158349443 0.33721592582597826
2 0.9072751621333529 0.6412492924227687 0.1464142133868505 0.40000977350072187
2 0.16104875905838775 0.6252591350099094 0.1174561744111864 0.3892189981863635
3 0.9759492369509778 0.608179051474967 0.04810152609804446 0.3170587291019641
3 0.0875496380306256 0.6066466836500186 0.06851214158055753 0.31274078291884394
4 0.04518863187335303 0.5796921875986312 0.04838629131370484 0.23503411219645146
0 0.5707210308230745 0.419701657851968 0.13623940312391405 0.3515410535241408
0 0.4507105364662212 0.43042919660624557 0.13394744209957826 0.36105848891461095
1 0.6940575815869209 0.3850825813966005 0.1456589887626552 0.33510592734687555
1 0.33401211287517235 0.4160632745825102 0.12656807594377406 0.34634156431679075
2 0.8118320574841935 0.3886801703404854 0.14183029133817918 0.4190446442816621
2 0.21412664722370425 0.33429171102616806 0.13629534568866916 0.35634874583183307
3 0.9159937815820259 0.3580851923934947 0.12153661337706094 0.32691489663619266
3 0.1351773364588789 0.36351130968091433 0.10437403491160656 0.2973830982156376
4 0.9759274164238806 0.3798626414720396 0.04814516715223887 0.2809030875693572
4 0.07161526979384383 0.3729348859899122 0.06470973130783099 0.19245052600162182
5 0.02729795800076684 0.3843439791751488 0.047659037971887044 0.17253411219645146
5 0.014651057508667981 0.5364005145948929 0.017582147701118475 0.06558949072824728
6 0.010750747747619832 0.4076967961392092 0.013725478994264816 0.14712436150918767