0 0.6186215283108987 0.5558896646054678 0.42728092873219314 0.2640459834192962
0 0.6572911959685904 0.35991805329001153 0.41045400565527007 0.26306592675513774
1 0.5963276538091895 0.7150335390913932 0.37812303791794843 0.19421814540376794
1 0.7057119142316244 0.20283985899117793 0.35324333923019896 0.1832026798395857
2 0.5596853456817681 0.8331601665966091 0.42316518697905947 0.18966676074494515
2 0.6882676838975074 0.08786341362075681 0.39765456042934433 0.17143975671922437
3 0.5060804484874661 0.9128134013698416 0.34098437787293423 0.12509034786263895
3 0.6748803527150997 0.03211007312540702 0.31108667759017056 0.06422014625081404
4 0.4488992033631073 0.9376682029366916 0.27950650300883184 0.07846092281629342
0 0.14880418117834862 0.5270508787288374 0.2925162575220795 0.17249093900605303
0 0.15952995483176718 0.4044547248826836 0.3189585652143872 0.17403102804973053
1 0.13493411868312022 0.6433336924597263 0.26986823736624044 0.1844864612343937
1 0.17202646668589766 0.2857443564570584 0.3440529333717953 0.1810788498754991
2 0.13830015732585535 0.7558244333584163 0.2766003146517107 0.1806588255908597
2 0.20036264800968698 0.1700915791531286 0.3746676453274925 0.18205890653965745
3 0.11747735778981555 0.8445448746379592 0.2349547155796311 0.17148717380100464
3 0.20396732719487198 0.0779268421281254 0.33954163416239286 0.1558536842562508
4 0.20796320365398868 0.038695259144748216 0.2811889773074073 0.07739051828949643
5 0.22041776364821938 0.0051932753562268785 0.22262601116509967 0.010386550712453757
5 0.09848740919266463 0.9043491580239085 0.19697481838532926 0.13360937625987537