0 0.5905044891788834 0.3856728674957006 0.38003314669734134 0.22815720980846152
0 0.5726697578710526 0.5754858100587505 0.3727936369534252 0.22571140815117102
1 0.6404275168927287 0.22729872469815035 0.36491078771482405 0.16797714495541888
1 0.5721374614405639 0.7245312641811196 0.3286013538657333 0.1461327520535815
2 0.655047234857763 0.10718333542882406 0.3887814215590201 0.1536939197104899
2 0.5205378409146904 0.820391421810855 0.37410660309454463 0.13197539331898595
3 0.6294580512779723 0.033712190890553606 0.29396851282867087 0.06180234431955903
3 0.4896785968026629 0.8899281456747085 0.28941256206237714 0.08340898936854466
4 0.4675964409000058 0.9282638176259137 0.23378844513538427 0.054241176662650596
5 0.4864635834598661 0.959625698968432 0.2048863487244752 0.049265662341180856
0 0.20738472610538686 0.35820184861385596 0.3287412102776214 0.1581519828228123
0 0.19157707070461832 0.4771083222223517 0.3286572964304886 0.15094044436127382
1 0.20637944407042108 0.23799555575373343 0.3455961046369221 0.16065372515136206
1 0.16826712560594567 0.5899422471910657 0.33653425121189134 0.14621666306047024
2 0.23655423382951124 0.12398068545981869 0.410444008226013 0.15622363237466927
2 0.1754362861112607 0.6981572796175869 0.3508725722225214 0.14150686692748154
3 0.2374493148655947 0.04705760853674178 0.3568321394995798 0.09341595868274373
3 0.15212423584930293 0.7725646290442995 0.30424847169860586 0.12677611631247906
4 0.14782980193902615 0.827839105414946 0.248798918988391 0.10480585690030882
5 0.1507223034691664 0.8891581600897452 0.1864667466826566 0.11886531946020103