0 0.2496919502153802 0.6119849279580156 0.39026405211656834 0.2127824076435005
0 0.25869442647001084 0.41723141741776104 0.3736890895169675 0.21700249084916806
1 0.22195751487498294 0.7735729900831743 0.3651019900494405 0.14471921791891929
1 0.25018219914472417 0.2579899621618903 0.3239846449567336 0.1384844749348815
2 0.2386840117614553 0.8909569980403176 0.4004038009251659 0.1315553033573238
2 0.29943549125035984 0.14531826468797557 0.3734575722782135 0.12101653301018608
3 0.25344248251975343 0.9688225064904005 0.3280466774517432 0.062354987019199046
3 0.3387635589536001 0.06119891650920235 0.3013524092821132 0.07290907552157866
4 0.36962539661833244 0.02374470793684892 0.2630270726785201 0.028380682390866593
0 0.7350169128149809 0.6337493400669894 0.3072837021184718 0.14030071198670305
0 0.7425808379442925 0.5123970813764746 0.31158747347151944 0.1308532156861826
1 0.7528193525397153 0.7535791662566946 0.3619422624636275 0.1302121968384104
1 0.7643788696386891 0.39515425686132155 0.3454932801026879 0.13683612619792412
2 0.7801672859484705 0.2777015719525883 0.41242303169439676 0.1319750241444841
3 0.792607004314447 0.17819378904026922 0.35372288209279973 0.11072959513534478
3 0.7059273597071635 0.9527587399079871 0.31753920954644627 0.09448252018402588
4 0.7852541531853211 0.1117102711010556 0.2688323852762174 0.09336847270214481
4 0.721373610968456 0.9941487755073222 0.29009928156413356 0.011702448985355628
5 0.7927704206242283 0.060195467108227464 0.2029206972130819 0.0718712112207093
6 0.701802207494058 0.049794050664269736 0.15408789270419185 0.05576925114899064
7 0.6224071834881622 0.025347306005679474 0.058070248408291184 0.009226198239908522