0 0.3788760759377095 0.606756484376495 0.34730062991465943 0.22739992198974293
0 0.3823497874293876 0.42307256289458617 0.34966252056506125 0.22039869281552635
1 0.36595480184442436 0.7607530148629622 0.3325139386283978 0.16363806626581123
1 0.353133827991291 0.27741485064921584 0.3132132435585546 0.14993636119800513
2 0.3700772209291916 0.8789620949760676 0.3733233825725233 0.1575979395348996
2 0.38376228937868206 0.1802841013561246 0.3539247913279765 0.12706931139017025
3 0.40557550652429203 0.9598317411731835 0.2962045133000392 0.08033651765363295
3 0.41302100567537237 0.11189435126552628 0.2623828451324155 0.08542371231809066
4 0.41806644583591623 0.07144958522478552 0.2261713159787604 0.05582676531595399
0 0.7937353298255782 0.6093809902856822 0.3060436606004605 0.15651697179757781
0 0.788397002496073 0.493470601682762 0.3107954122368937 0.14732220575683697
1 0.8098699870956689 0.7298435399123202 0.33249995346058314 0.1612342201119651
1 0.8022684666456149 0.3828484566091865 0.330012196299848 0.14660083390156628
2 0.8007922300860044 0.8432901497143859 0.3901363204816317 0.15666625839230702
2 0.8016748983686355 0.2781759942732178 0.3780611490411415 0.14599932734031265
3 0.8014557242020578 0.932914057493233 0.3395856254117881 0.13417188501353403
3 0.7804668306023714 0.20296590299501277 0.28663108418809896 0.12358449749900234
4 0.7878220079053675 0.9719313354965805 0.2602027616636062 0.05613732900683907
4 0.7807814968782043 0.1488793645334743 0.22882689515327298 0.0993063053725067
5 0.7678190686366242 0.10325150960704982 0.19032340118829 0.0887298183138173