0 0.5024038461538461 0.44940679295710484 0.3918269230769231 0.25851554813253774
0 0.48677884615384615 0.6348859983288843 0.38221153846153844 0.2532039348702008
1 0.49158653846153844 0.2937918049600527 0.34375 0.1790728664362377
1 0.4483173076923077 0.778303006817998 0.3293269230769231 0.1711054465427324
2 0.4879807692307692 0.17701629614052253 0.3918269230769231 0.183996317363307
2 0.4651442307692308 0.8837521761809339 0.375 0.1590759941542173
3 0.5216346153846154 0.08983771178947102 0.3004807692307692 0.12872829906341382
3 0.4795673076923077 0.9504308622965159 0.2932692307692308 0.09913827540696829
4 0.5576923076923077 0.053265876907849896 0.22596153846153846 0.0599190655110718
4 0.49158653846153844 0.9846490641195161 0.2283653846153846 0.030701871760967673
0 0.6959134615384616 0.5136347406308664 0.2980769230769231 0.17187154959398343
0 0.6778846153846154 0.6232668119178307 0.30528846153846156 0.16503795184842845
1 0.7247596153846154 0.39495419580249264 0.2980769230769231 0.17667924190167575
1 0.6850961538461539 0.7378274449415065 0.31009615384615385 0.1652899123257508
2 0.7283653846153846 0.28336432000663814 0.39903846153846156 0.17475887346390587
2 0.7379807692307693 0.8559836255766674 0.31009615384615385 0.16048222001805848
3 0.7800480769230769 0.19953443359939152 0.2403846153846154 0.12798263925073103
3 0.7295673076923077 0.9420811562798149 0.17307692307692307 0.10522442333744937
4 0.7728365384615384 0.1222334159603311 0.21875 0.1028103555643191
4 0.703125 0.977600941967759 0.18028846153846154 0.044798116064481905
5 0.75 0.07896929600074243 0.17067307692307693 0.05221382771417289