0 0.5631689639639854 0.4561069791981032 0.3863169471443711 0.25727817778328715
0 0.6379930410390962 0.6208630317496643 0.23942602411088634 0.2032046151674242
1 0.5370637006632016 0.303836477206962 0.34930290671341047 0.19762575676266264
2 0.5239114292892573 0.17764640840048396 0.3804128986185307 0.19704201584225345
3 0.4966398057228855 0.08681399142729938 0.3336434654773059 0.1344257162882638
4 0.44705723483838977 0.04774612507969208 0.25973168416937426 0.05825009692136592
1 0.33420798415774655 0.39091350573451333 0.3657098055056943 0.19139427496528244
2 0.2973091217055452 0.2790183600266775 0.4434729309980498 0.21029761092451202
3 0.23546174509816384 0.18134813337004402 0.2599642832773536 0.1445085422700679
4 0.24213583814584289 0.10817083377261609 0.2099272468721138 0.10805453421862642
5 0.2592890729190753 0.062135882341894697 0.13006399995656168 0.053093505951704624
2 0.721137988639569 0.8705237442076795 0.11732102017204199 0.08109961122857985
0 0.2961675915560778 0.5056799389626149 0.21725508488764197 0.1516037811776168