0 0.5942521309522536 0.5993347430815673 0.22410582054672462 0.38334915240450446
0 0.40567618811399164 0.5962479240509819 0.21183462930017155 0.37819173619971463
1 0.7544807300893642 0.6339991754463318 0.1532604599372357 0.35968613841672337
1 0.2575195882461582 0.6087382708038954 0.14504107956640808 0.3402455348476956
2 0.8708101972639383 0.6553853710123144 0.14350887346390587 0.40260564528885656
2 0.15125154733192492 0.5732437498222237 0.1233962425625085 0.3852191639765773
3 0.9552887676994335 0.6388125033994866 0.08942246460113304 0.3269672980489136
3 0.07477451205380413 0.5566174123474322 0.08090333646381305 0.30717697058278826
4 0.9924853929647184 0.6078643930800829 0.015029214070563167 0.26554219339378915
4 0.03947781198772085 0.5471897515073878 0.03486254044403684 0.2530333491686217
0 0.5523516899757438 0.41810202702094235 0.1513605347380342 0.36923157825268843
0 0.4393709207449745 0.4148146223882254 0.14199711059997192 0.37375949144270276
1 0.6738821226029199 0.37843495239181635 0.15428874508509338 0.28771064336017776
1 0.32317254461870376 0.3730307069042602 0.14453715861176356 0.33063015023231096
2 0.7898966391808411 0.3938115325731835 0.14173492850336528 0.41455493127866777
2 0.2063493781087692 0.29642599457923563 0.13328403089378382 0.29910037111463283
3 0.8819510167685574 0.3412858898217926 0.10647400410477668 0.24551630793582235
3 0.11582720662355496 0.28659152688946554 0.08927936193115443 0.19221202387469
4 0.9542502609322917 0.36979156850697587 0.09053916431776607 0.21625048541315153
4 0.054329937723202125 0.3268052979271563 0.06588102320528288 0.15792867470606817
5 0.9883595401485655 0.3950890360749885 0.023280919702868958 0.1548953255374465
5 0.022633896078245983 0.34028412032806976 0.018056060605682118 0.1613374714253703