0 0.41694923005934564 0.23661787121276545 0.29014866890990254 0.4183873084021928
0 0.6025702439162897 0.2726022256012705 0.2821669031433692 0.40590594124996515
1 0.2694816637419422 0.20297648175596938 0.2181264485333797 0.3778622977255308
1 0.7590208714967195 0.27813724790583894 0.20635442746400984 0.34359226972768886
2 0.1524634295084755 0.20261720270040026 0.21322559198682559 0.4052344054008005
2 0.8544672139733641 0.3390520535820745 0.20268593460544737 0.3984185948831534
3 0.06989694573643404 0.20389706971065089 0.13979389147286808 0.32516401081863905
3 0.9174920739841543 0.3828927264815264 0.1274287595479464 0.3074128149757222
4 0.0363980662464149 0.26014024462617474 0.0727961324928298 0.2519094267541246
4 0.944921378070249 0.42183254283442406 0.06394360555981557 0.25067706306613297
0 0.39324421297952494 0.7372806351761921 0.19596881554363035 0.3309568571144622
1 0.49562444360677876 0.7833872502768535 0.2059531723031499 0.3746882242666897
1 0.15215025151205192 0.7263969190447791 0.21045277368884435 0.3701886228809954
2 0.07803736297810653 0.6983191500979639 0.15607472595621305 0.43990016134253385
2 0.6083741446460494 0.7797528828406718 0.2151064205355378 0.3680928676491473
3 0.029267235326688155 0.6605346747025583 0.05853447065337631 0.3087383429025756
3 0.693141083383023 0.8018514770139402 0.19233260570179256 0.31157204242269426
4 0.7577063980038026 0.8216536883749305 0.16280938878950588 0.2618006192747824
5 0.8202529801232337 0.8356003298123043 0.1484794761052906 0.22497269966209535
6 0.8666944419456493 0.7272893489365908 0.09439478004940828 0.12814179044211635
7 0.9015645102791248 0.6687963733282197 0.03658070991282614 0.04782971337706243