0 0.4903110452763696 0.6806791247287448 0.2703557624008069 0.41404941772475085
0 0.2993568959936113 0.7666295086379111 0.21683284045716725 0.2638827659748716
1 0.6589164626414826 0.6896071293970792 0.19672753810395213 0.38652807506469544
2 0.7936746705634731 0.6812668056258743 0.19528171175508263 0.4342125496565892
3 0.8968214218982464 0.6582582238114904 0.13992623688402042 0.36038030210224264
4 0.9414689057173065 0.6075074974727014 0.06259996003246088 0.2799743440575717
1 0.5846317785363535 0.43816022356613726 0.1919198457962598 0.3861356265796661
2 0.710278881736783 0.42182346436333507 0.1933316055123894 0.4746854857869444
3 0.8162832191365553 0.35794949793356656 0.14058213672585504 0.2672189748297865
4 0.8990478181463064 0.3671230804541689 0.11245889605413595 0.2410220466236637
5 0.9497472206576872 0.4026900137894916 0.04854713633800637 0.14737035711100405
0 0.4540759030628912 0.3864043934911885 0.1571234131895659 0.2303272303083655
2 0.0378996018429595 0.8135544573459127 0.075799203685919 0.1436908550147295