0 0.678907633711164 0.587805429565689 0.36779248129465825 0.21306662212538663
0 0.6723145616098287 0.40612622814218674 0.35812114653899596 0.21049493880876918
1 0.7030549807130336 0.7385283460240413 0.3302241351994658 0.14753338661114795
1 0.677013368454113 0.2559068231721486 0.3182049044302353 0.1473235901576839
2 0.6992513761131937 0.850286212532541 0.37567341156143175 0.13871522851892729
2 0.6254166112349357 0.147991585285406 0.3633184799505341 0.12408235514238616
3 0.668363042146901 0.9375230856596116 0.3145701551902779 0.09439701548237577
3 0.5947271175767628 0.07170398101489894 0.2855561509232907 0.08668196553252328
4 0.6229966860563025 0.9690538929802486 0.25883409252959394 0.061892214039502846
4 0.5572447065700855 0.028965324671505963 0.2508952022444444 0.042825304693592865
0 0.20425891366805501 0.6264144492992015 0.3135091124030984 0.1520473638839907
0 0.20825834375886712 0.5062431212522402 0.2988062847786326 0.13977637737060286
1 0.18192994622521336 0.3975665328408493 0.32519264233066253 0.13783408341437783
2 0.17771475508568368 0.2904065621865777 0.35542951017136737 0.13850543206546304
2 0.21236062967879205 0.8465971484749352 0.41419090016324805 0.14179042332385888
3 0.23564275938445434 0.9311723364118252 0.3200492491813035 0.1233270879099154
3 0.16066503638669866 0.19994763673715069 0.3213300727733973 0.1258568119358398
4 0.2262781454612706 0.9684711813183191 0.2875683460951924 0.06305763736336172
4 0.16153025368290588 0.13748959602784352 0.2524058560319445 0.10772915084743898
5 0.16063706131655978 0.07254379058330454 0.20924852554326934 0.11178157592266036
6 0.27043168736864315 0.056424092155982174 0.11247922784636757 0.08366089660263945
7 0.3178661887714209 0.033203836786030845 0.056071763502350436 0.03461890983978126