0 0.3714097508769487 0.42989346249103466 0.3372815621865776 0.19585103136571413
0 0.3744402566223731 0.600846441749134 0.31071337662219156 0.1874079226300766
1 0.3499308060707499 0.28213923776632915 0.31219411838079536 0.13463526817947016
1 0.3576255001298049 0.7371939069143109 0.2903916658334087 0.12401223515800443
2 0.35306285651954317 0.1716182951564106 0.35529551198725484 0.12703518037624778
2 0.3920677597458232 0.8314213978475228 0.3283496928066333 0.09695745625599492
3 0.38228056068975513 0.08276161512828348 0.26336192807140135 0.08912681873005915
3 0.41022856706392524 0.8936151622426719 0.2556888374122418 0.0623486282357243
4 0.41082691620888173 0.032366473561694795 0.22642309065915958 0.03696663548915476
4 0.4335747003059551 0.9343982331212236 0.2169335839158535 0.04373033021465717
0 0.54408806069229 0.460791188201222 0.2975612450042544 0.12194427180618533
0 0.5434857342694213 0.5642125532836111 0.2902238286706374 0.11439685054261982
1 0.5652699369402758 0.34990802951944794 0.2834318831160273 0.1380994292790543
1 0.551338828675707 0.6656219354811855 0.2686731318674075 0.11819689444423122
2 0.5708477928336081 0.23709520168969217 0.3962028558933322 0.13134236240824707
2 0.5533711245054951 0.75593410765143 0.2682535389604793 0.09415843290576967
3 0.6145515128629362 0.14530451803484987 0.22506822677263416 0.09695082840129962
3 0.6228999294510932 0.8385638782816187 0.14316962037909364 0.08352877202960886
4 0.6073968300452596 0.07279727015043372 0.1886329008487064 0.07363679900654904
4 0.6013972752307338 0.8989102872656191 0.13553848901062684 0.05915442768911998
5 0.5992722477585684 0.9517389221832301 0.11158394605355107 0.06284251065672208
6 0.5628159421892942 0.9728960466346332 0.06317134865108529 0.041372522745772716