0 0.2959705552594336 0.6093872537421864 0.42832610505968394 0.2454547022126203
0 0.30872314616393753 0.4109788697651379 0.39327217795704017 0.2188661047014166
1 0.27874843801399174 0.7818087114506311 0.39089204034408404 0.17800072008603196
1 0.17132906504138684 0.2634363303496679 0.12268874485925338 0.09306009128921258
2 0.2856810818610011 0.9093215652645109 0.42342582173889204 0.16132008682800494
0 0.5118029722326182 0.5607237519814032 0.3798765747799017 0.15323364826964408
0 0.5129337696868709 0.43858297955895326 0.379736566685022 0.15082980211579808
1 0.5463098428014184 0.6873437743231678 0.3760489391363677 0.169696266207604
1 0.6086664699808474 0.31525679602659645 0.20553957884906077 0.11848404788235538
2 0.5461009522343292 0.8142011627685692 0.4569396597978584 0.1614663766469007
3 0.6137479320840064 0.9060012786301505 0.24782875295413312 0.10493587105610057