0 0.5905830992504435 0.5255176839062323 0.39706199524939667 0.221015597185997
0 0.573134203121001 0.33567677100755267 0.3797314072278811 0.20649462408821656
1 0.6167239942635176 0.688860348441345 0.358653866533606 0.15349812736108276
1 0.6136027422832886 0.18637259128061007 0.2637286483295569 0.11929885966245954
2 0.6295864961458797 0.8162152465078394 0.40424299929925095 0.15135999939571768
2 0.661465975427821 0.07669691017259192 0.14965660505217052 0.08739155677516412
3 0.6224207593018678 0.9208454874553136 0.34993133323828995 0.11018694108840776
3 0.5968673714920188 0.018880338680249895 0.12642705067634546 0.03776067736049979
4 0.5930175307653737 0.9739119100215213 0.26361416976044044 0.04719746021488957
1 0.3625573208035977 0.6398480218311294 0.3321276146838662 0.15094044436127382
2 0.3727641440598174 0.7600053666039001 0.43043347451926234 0.144302297780142
3 0.3321544214555395 0.8708410152853969 0.22252748708444378 0.10944572719422342
4 0.3553572709584906 0.9500490644358942 0.20966881474089227 0.08533733981668781
5 0.39992763616791877 0.9870569467998431 0.1353708820322734 0.022417784782243953
0 0.3018697283166088 0.5199843655824694 0.20363249448340295 0.1189492304670896