0 0.4239460991302144 0.3710504053171164 0.4251054755984756 0.271668601049719
0 0.4007340888874301 0.5605082098260065 0.41090632054341675 0.27572041192544433
1 0.4228100983023386 0.21524133615243043 0.3811051848308387 0.202219244684787
1 0.34920939619870855 0.7142811519335454 0.3567308404903501 0.1937479038366371
2 0.43053208882161287 0.10093266360607699 0.4191188795563411 0.1946195438879809
2 0.3726814252124298 0.8281540044542269 0.3918928453259704 0.17640683818578504
3 0.4639949742319646 0.04266999443377751 0.34124082076684 0.08533998886755502
3 0.3796920611484312 0.9093178626110211 0.3058548940632018 0.13113214521726
4 0.5016201196157831 0.007189434819344587 0.2707982223068954 0.014378869638689173
4 0.38494428326481195 0.9510072295873452 0.2572708328558905 0.06623852068269816
0 0.8274234090498176 0.43503329332558877 0.3086539174134269 0.19122829906341382
0 0.8124338996020005 0.5509218296648488 0.32011334351261284 0.17983896948748887
1 0.8414349172887298 0.31440005479796707 0.29160307246848605 0.18553874508509338
1 0.7952084854013507 0.6633305770120008 0.3030624985676717 0.17414941550916843
2 0.8302060409122572 0.19508960877628745 0.3250329967543139 0.1824947761186573
2 0.7638398966126464 0.7704855904065042 0.31977746071058577 0.1726274310259504
3 0.8484357895916405 0.11260295811355128 0.29573899917212426 0.17136762863933883
3 0.7621011882081592 0.8593019178601509 0.28315996373284835 0.1587184966768022
4 0.8668038324748613 0.061064899280697436 0.263033507030007 0.12212979856139487
4 0.7631318559567212 0.9144014090406205 0.24441520900893984 0.09913648540457733
5 0.7630462282925407 0.9419826496905208 0.22020549214211727 0.04271420171816505
6 0.7202285114845981 0.014405253888712378 0.06909906725183664 0.028810507777424756
6 0.6509314993366674 0.955052269249803 0.154629880384217 0.024889658351236986