0 0.6336977534132165 0.5635010717083956 0.4053285816345223 0.2595068677471302
0 0.6023017105063107 0.38238829940510866 0.3788023629353257 0.24477610671789976
1 0.6784617944283318 0.719219617343221 0.3737149672713376 0.19664324107622158
1 0.6994205332393778 0.21540406349461977 0.11112234462170015 0.09503667898936996
2 0.687349950317347 0.8441077322137106 0.39532161232032337 0.19208729030992772
3 0.6820248068005073 0.9331059824707736 0.3228006578383095 0.12153661337706094
0 0.43048884240632784 0.5802877219923803 0.33270973097780493 0.17212926773734066
0 0.41073443073765314 0.4639389394310515 0.33030588482395895 0.17210129645496303
1 0.43698713730931166 0.7027999619914014 0.35442825736930916 0.18680408620181602
1 0.3163139440376923 0.37369765123881316 0.22196498588710442 0.14199643490181685
2 0.43150815694650907 0.818240519940772 0.436186996935708 0.19256280211034685
3 0.3984269013179202 0.9267912091759467 0.24598946225775103 0.13987230157174663
4 0.4257984213147624 0.9733445394286041 0.2093863484052818 0.045702732336082456
2 0.6880306350218128 0.10737084298343087 0.10620277097148928 0.0757499671938455