0 0.35796492018319026 0.6208758536405633 0.25939563140189337 0.3845010748167014
0 0.5488103127920827 0.6840982023970952 0.1976526112090683 0.22138644878580585
1 0.19058669588633542 0.6357519725060818 0.2052838229490197 0.3990751657205924
2 0.07723895181476645 0.6350745082185651 0.1544779036295329 0.4275295226670885
3 0.01321347713762868 0.6261753906989734 0.02642695427525736 0.3581200121671776
1 0.25192595618423774 0.37910159701608037 0.19107937930655425 0.36733541959601995
2 0.1252785298711267 0.3630929804033069 0.2026108035318918 0.46368516419969513
3 0.040932957914425014 0.3240743691136736 0.08186591582885003 0.239494892073501
0 0.3782201625850965 0.3312123921021018 0.148348495063887 0.2361564381395254
2 0.824017190741167 0.7302671071054833 0.0743676108212199 0.10370411675914298
1 0.7212906726512467 0.751393624274461 0.06961045849619787 0.0699523213803824