0 0.42484638706901745 0.46165139636675995 0.36287288870641043 0.22278428306016232
0 0.35947098447900694 0.6438892385383236 0.19370845569273515 0.17452217795704017
1 0.42330574833328016 0.29232025061548583 0.38081680471079066 0.16861588628073895
2 0.4274959792198185 0.16293258259243287 0.40440766512702997 0.15078519799876736
3 0.44446076776933763 0.06669687812070178 0.3504599970771368 0.10203194298833555
0 0.6797919448493059 0.37927649328812585 0.3226209457559828 0.14362107661900908
2 0.702066972029968 0.2533427321305173 0.43364546995512837 0.16929221821424767
3 0.7404146003328527 0.1475497928203964 0.2545299514844018 0.10604700380852948
4 0.7291486865792736 0.0760762989024158 0.22747219224903859 0.07806460707254434
2 0.30441134819690246 0.9083478782727357 0.11203162672414532 0.0689403723644692
1 0.2804827770608981 0.8085301131111253 0.07139004266987187 0.0761756193668979
0 0.7187870195215815 0.5075785377882455 0.2309390910681624 0.12387769209050112