0 0.7445240341645535 0.47596153846153844 0.4339371336757972 0.23317307692307693
0 0.733384099379609 0.6754807692307693 0.41493028631304607 0.23798076923076922
1 0.7586012865035605 0.3137019230769231 0.3709299955454091 0.17067307692307693
1 0.7242265002823033 0.8401442307692307 0.34655565120492055 0.16346153846153846
2 0.7576989711767934 0.19110576923076922 0.41089969268872156 0.15144230769230768
2 0.6722705334942837 0.9375 0.4072642762607762 0.125
3 0.7352476681295913 0.09615384615384616 0.33676901126117487 0.10817307692307693
4 0.6814377180757276 0.05048076923076923 0.28265282560246024 0.08173076923076923
0 0.22459847998724933 0.5384615384615384 0.31737361455673957 0.15625
1 0.2151904476031448 0.2848557692307692 0.3632706133478345 0.16105769230769232
1 0.19757666220976328 0.6550480769230769 0.3411881542271831 0.15144230769230768
2 0.24576205414439553 0.16706730769230768 0.42543473054580755 0.15384615384615385
2 0.21267813259158946 0.7728365384615384 0.36064284532597035 0.15625
3 0.24768509543768202 0.07932692307692307 0.36729457911746377 0.14423076923076922
3 0.19186020486956082 0.8677884615384616 0.3093783495571381 0.13942307692307693
4 0.2503655299992031 0.03365384615384615 0.3084233676907138 0.0673076923076923
4 0.1718226897582476 0.9278846153846154 0.26168997582189896 0.09615384615384616