0 0.42031179543596225 0.6059756471258066 0.41712236396550384 0.27155406979873875
0 0.46695419280400263 0.42265398558000283 0.4122167224328969 0.2690942810801374
1 0.3526755427886925 0.7462518481614006 0.3757223487565318 0.19899114466531223
1 0.49063557010764036 0.2660543445502827 0.35668747797559147 0.20357506671398384
2 0.3052536417647787 0.8514205384248268 0.4285090149162328 0.19720266672377343
2 0.5502236257381565 0.16435156710573767 0.39196157648396823 0.1847638667188787
3 0.3218050692580239 0.9329974656025192 0.3247069489321754 0.12631633440237577
3 0.5917073282244197 0.09051679068944424 0.29375079660691866 0.1331642461930052
4 0.6185455229598275 0.0434069820178337 0.2512202751679885 0.0868139640356674
5 0.6141071853172854 0.024735217401959605 0.2282143706345707 0.04947043480391921
0 0.8440723715699897 0.6899950091196554 0.3118552568600205 0.19110829542671143
0 0.8622277443984211 0.5718149496279074 0.27554451120315776 0.17892123696321496
1 0.8205623518555278 0.8081470973290259 0.32484978262610487 0.188788363119998
1 0.8756733741440746 0.46105621321552986 0.24865325171185076 0.17134607183076758
2 0.7717426293048621 0.9085220809259488 0.37454695805755844 0.17014499081915838
2 0.8831338758113414 0.35397317423986563 0.23373224837731718 0.1687184554179006
3 0.7600886630573395 0.9471374614405641 0.3449702751679885 0.09291422978992778
3 0.9032013035973256 0.2683848942369287 0.19359739280534866 0.15138804925818056
4 0.9237584775078821 0.20563315269553023 0.15248304498423584 0.13165379694461438
5 0.9391161622110885 0.14293735371888697 0.12176767557782306 0.15049296822209715
6 0.9074927174024959 0.10848716808259304 0.18489207510944047 0.11507861540908979
7 0.8278005298038648 0.07093469629832683 0.0765761644924343 0.051347878984475064