0 0.38069083528354647 0.6092980700931148 0.34554241436698735 0.20415770984610213
0 0.3775077069220082 0.4357168671223682 0.33805112520406 0.1916341991830479
1 0.34968959609764905 0.7515957663975608 0.31300556114059847 0.14668403543440597
1 0.3698236070852562 0.3003450626662485 0.29332719078760694 0.12610851982010762
2 0.34580206628739246 0.8668963351332057 0.34883945288717955 0.1395900502881382
2 0.4032276874859507 0.20998219861640627 0.3434163090364316 0.11281155599994828
3 0.36771442249529834 0.9560243294062646 0.2710211737196583 0.08795134118747082
3 0.4395661354340811 0.14871762835962962 0.2510630526652778 0.06315477990895452
4 0.39901936769652696 0.9928972182123273 0.21958925210416672 0.014205563575345356
4 0.4500487472237713 0.11213038616677876 0.22193714811773504 0.049118429564430174
5 0.4133766083120726 0.08428455543330661 0.13511893587788476 0.031047840069318704
0 0.7487590475233971 0.6229971139088769 0.28891114946185925 0.14259925630114842
0 0.7513607290463137 0.5112182677550308 0.29338314092788476 0.1285123659739537
1 0.7449554429235571 0.7346919134137526 0.30791811813151726 0.1343286180692927
1 0.7644999675601493 0.4122150722111505 0.31004221358397455 0.12247748059800319
2 0.740033840457211 0.8426968970388883 0.3825492491813034 0.14434720261316022
2 0.7703717174721685 0.315111442927293 0.37013836743012807 0.12667981304653145
3 0.7283483006515484 0.9309668315394315 0.30998626344369656 0.12007363444415703
3 0.7587451426239314 0.24567731440400134 0.27130092442104714 0.10776875706171432
4 0.7147624659545398 0.9722370959826185 0.24485861672873946 0.055525808034762855
4 0.7635818149408119 0.19304483896629762 0.2278638432309831 0.09753153923723555
5 0.7502497657531516 0.14516127917865085 0.18006667085544864 0.10618890404764367