0 0.6188905436034193 0.6400188454505992 0.4084340653489316 0.21357085440101203
0 0.6191382994784725 0.4443012823619665 0.3795319613625001 0.20999161754819248
1 0.6323385128278318 0.8050741038887186 0.3492311038691241 0.1463162268492188
1 0.6951361892088677 0.3045047606302972 0.19935339022649584 0.10418568259683095
2 0.6233405896336012 0.9307036964312752 0.3996559229596156 0.13859260713744975
2 0.7393815326158121 0.1934340012853597 0.10504388882371803 0.0763272012867059
3 0.6118818652061974 0.9941964548693947 0.3324021709141026 0.011607090261210718
0 0.39832316898344067 0.6046141836786194 0.33933596855235054 0.1339051991803306
0 0.40994873889262856 0.4850095713357984 0.3223411950545942 0.12600801614439086
1 0.3687247030606844 0.7258880229884282 0.3106017149867523 0.1375375007890495
1 0.32433043985160287 0.3662457076916346 0.21880796001837616 0.11458466101153118
2 0.37521190451575925 0.8498330237488768 0.4451051993215813 0.13821496507656625
3 0.3176614820522444 0.9521863020764284 0.21377646714957274 0.09562739584714318
4 0.3283119442627679 0.9930761739980417 0.22886893587788462 0.013847652003916595