0 0.647903177783287 0.32880784973248933 0.41871072044429936 0.24235007504435876
0 0.6360572747698103 0.519106659139853 0.4044276516161023 0.24374536141055822
1 0.6954330443263665 0.17101150338471885 0.3910320484389639 0.1781691420649475
1 0.6439558778600721 0.6754407057888236 0.36190587840305055 0.17134433018196168
2 0.7043376557721377 0.06819102207154312 0.42370583792865174 0.13638204414308625
2 0.5999854850412122 0.7907495111994335 0.40617887437732986 0.1504996413043817
3 0.6869162590795909 0.012368892310440487 0.32801943314122484 0.024737784620880974
3 0.5660042056158263 0.8703620808895687 0.3077848987054072 0.10531437092519788
4 0.5461078371467629 0.9224397364507785 0.26071174083353266 0.07808213672585505
5 0.557333314853265 0.9494115940282448 0.23258933600266773 0.04738695660234855
0 0.20058963529602786 0.3359506949621075 0.33772740876970914 0.1672595510487041
0 0.1956408133182254 0.4581853922210439 0.33772740876970914 0.1672595510487041
1 0.19712499573536885 0.21430432424596504 0.34748280147997357 0.17033577039431486
1 0.18793812494937728 0.5745785673933061 0.3153927529106949 0.15372748059800317
2 0.23261192296832744 0.09838192230122601 0.4142304614081468 0.16542699812128187
2 0.19423848921896686 0.682751644316383 0.31511273672093537 0.14891978829031088
3 0.2395090040040016 0.04477383377573586 0.35882570031569555 0.08954766755147173
3 0.181459946623112 0.7741565748201723 0.2786350201286038 0.1391868503596553
4 0.2639211943205527 0.007312618426879107 0.25861161941033617 0.014625236853758213
4 0.16714131498357968 0.8391191976316539 0.24187728734651262 0.12464622012130769
5 0.16299810033895107 0.9130248318667555 0.22575040474398841 0.13548879780495054
6 0.26394778453004447 0.9264816523098909 0.17839723068235427 0.10344887129791512
7 0.33258555373909454 0.9446115784290776 0.08453093112836463 0.053792095206921756