0 0.5359087988386815 0.6530254922924653 0.38280680664118394 0.2432106095388327
0 0.5530638904171116 0.4721020187510559 0.368215841403243 0.23764703579917354
1 0.5522129602263592 0.8068035452096465 0.35890569900590236 0.17717294123703636
1 0.591838330174315 0.3272311267076967 0.3347832933100086 0.17350929269657855
2 0.5544450885265308 0.9152915727293762 0.3945436705264341 0.16704341404772277
2 0.5728212508759364 0.2166593144404157 0.37986876113106105 0.1590759941542174
3 0.5195168128053612 0.9660481960820527 0.3059905492096026 0.0679036078358945
3 0.5516368906901659 0.1336687428230349 0.2723367030557563 0.10305209442235724
4 0.4822839022936197 0.9995760619972377 0.24114011280150416 0.0008478760055245205
4 0.5403044803862339 0.07888931304886007 0.2477106324152703 0.08496536895882259
5 0.5545749362002887 0.04953412743841951 0.2081578199071147 0.05169968514024408
0 0.13562649309398042 0.5772703527812079 0.27125298618796084 0.16896378248549263
0 0.13880110387055752 0.46194872751592303 0.27760220774111505 0.16428207041646148
1 0.13112404300433214 0.6949328340810083 0.2622480860086643 0.163904129700478
1 0.1460145571015012 0.3543425616668214 0.2920291142030024 0.15466668580107687
2 0.15082794276800954 0.8042397331520355 0.3016558855360191 0.16136408168868635
2 0.1645146190188503 0.254262884875911 0.30277779589311987 0.15023693420936807
3 0.13364997585551594 0.8863535539084304 0.2672999517110319 0.14770710781686075
3 0.16040901438229904 0.1649426364676198 0.26638432695569925 0.13873184601406613
4 0.12227939753697861 0.934619447343345 0.24455879507395722 0.10912981073594516
4 0.1591536815596282 0.09744597380193577 0.23918652184650274 0.11571144800417794
5 0.16834541395024255 0.9721208015859987 0.13081502219687735 0.035649086733856396
5 0.17152395616442948 0.05354173102975713 0.22425977997883337 0.10053248964913411
6 0.26540737862999947 0.984630346083956 0.07552656065841581 0.030739307832087857
6 0.2656517048728739 0.047637652645234556 0.1658119748696369 0.07587434853665097
7 0.32869734189618244 0.03528813885042463 0.09741300851532746 0.04109690185413858