0 0.37045422321732924 0.5921267446058216 0.4140193276905967 0.2757970535070342
0 0.30268982223843205 0.41060339886591335 0.3185892305520394 0.2425844232345291
1 0.38483212620908674 0.7591117385612963 0.390868331803194 0.20759367372727
2 0.4015901668138004 0.8852313479013865 0.42452217795704017 0.20916112680339602
3 0.43048373774173443 0.9531349417820428 0.35726190273112807 0.09373011643591439
4 0.4823301466851966 0.9938356989237616 0.26864702831036 0.012328602152476921
1 0.6114344337927988 0.6551734717154285 0.3836567933416556 0.20725779092524294
2 0.650387122161647 0.7726853448462152 0.45831603220576594 0.21313242603336846
3 0.7131564056561918 0.8744339237731643 0.25048890675684876 0.14351959279644871
4 0.7035884381225874 0.9495539379319043 0.2271741942336763 0.10089212413619136
5 0.679503681077576 0.9890083012009359 0.1460508744642062 0.021983397598128215
2 0.19104874102900482 0.15472544983044026 0.10007407281047964 0.07178612966805278
0 0.6622641016855371 0.5273810762198985 0.1995881132414402 0.13395687472072096