0 0.5319642755784962 0.3571074203771145 0.22672059140020112 0.38738836406497335
0 0.3453723509806761 0.3773461894290906 0.22431674524635498 0.38722027076703225
1 0.6918914616562303 0.31476326271299987 0.16564494530490273 0.35914757007798354
1 0.2000376078978982 0.3851119878006829 0.13861494226310833 0.3428754668775541
2 0.8147324885646703 0.3001808891333868 0.16029444211673868 0.4043163671072371
2 0.10101670184358331 0.4327851509826832 0.13066469447126933 0.3830684783011743
3 0.9140023578247133 0.30522424803806064 0.10829955004323794 0.3048006549945683
3 0.03470784963474921 0.4667581504160416 0.06941569926949842 0.28165319992848276
4 0.9642158117586889 0.33766793444001864 0.04845235940281229 0.24788180045936578
4 0.005630088915284091 0.49186394839978537 0.011260177830568182 0.24223364166196776
0 0.5243895712213953 0.77831004718535 0.15975981152315144 0.3323690757897935
0 0.4062582873957331 0.7949600803229269 0.15024237613268127 0.3341005487518752
1 0.6493405966089381 0.7707711187693342 0.16044545609755273 0.3491959988667169
1 0.29408764434222917 0.8123918032925741 0.14563058227481795 0.33857205446368527
2 0.7647476542280608 0.7327386101940536 0.15529085135921752 0.39917248820366236
2 0.18745931278327588 0.8114584935124929 0.14391238069537293 0.35523088424266713
3 0.8633543211482105 0.7246448619015442 0.1419982806660989 0.36708202171395665
3 0.11235238666455843 0.8310924626717449 0.12291852541614358 0.3106169070899074
4 0.9253870172581458 0.7023296366501992 0.0977046731787085 0.28008982026434215
4 0.057776102078447716 0.8468937926446511 0.10423056706584598 0.2637671770812426
5 0.958253179469234 0.6604809622385029 0.031972348756531835 0.19639247144094987
5 0.029509409740471844 0.8340423320606797 0.05901881948094369 0.2117735681690032