0 0.47007322425743514 0.42707473544027147 0.41022284662963204 0.2797630569895232
0 0.4537362666885501 0.6077644521395927 0.4194457827599872 0.2755715465258267
1 0.4458145559528726 0.2617180693273146 0.37068227320034564 0.2054910359201532
1 0.41733468604124985 0.7477123890734597 0.35346290163839317 0.19960502538546812
2 0.4400015615429377 0.14656452213419766 0.40894758741936954 0.20555191714229026
2 0.438282119844898 0.8578576163784545 0.3929547165561752 0.1853968751455273
3 0.4689706034982668 0.0766827967032979 0.31294120699653366 0.11331377354686736
3 0.45417668022075214 0.9352787975125653 0.3071032382325979 0.1294424049748695
4 0.4997791981356503 0.04398366392651405 0.2447507039636083 0.03959705309935606
4 0.4665146266095071 0.9675300930090583 0.25907547039934486 0.06493981398188325
5 0.4367363084283671 0.9854819164324051 0.19843979906931716 0.02903616713518968
0 0.6440575356814264 0.49322340197915937 0.39472073473880714 0.20703149053014266
0 0.6254396200678705 0.6020288022545944 0.3897168181886003 0.20431955345429864
1 0.6855119897565208 0.38588143358321436 0.3368322028039849 0.20093055331232165
1 0.6654951333591955 0.7265505243632352 0.34345506853797925 0.19418115123378007
2 0.6940239601484055 0.27045023607916807 0.4355861193541918 0.20965026336712492
2 0.7247814158812899 0.8523046101598677 0.33065094079868973 0.1837955393134007
3 0.7373425445273895 0.18594480614476153 0.2383728209836327 0.1372304726410546
3 0.7066051039964333 0.9372255943578401 0.19613386667064547 0.11778477672714925
4 0.7169346282076149 0.11170322568646009 0.220172328209107 0.11932523133713885
4 0.6765568287072734 0.9732136335576574 0.17513707925724403 0.053572732884685066
5 0.6607845613423462 0.9991938048669683 0.1638048317028975 0.0016123902660634298