0 0.40486596716168555 0.5733635513729424 0.3734651323663485 0.19827149603060443
0 0.3997043506519184 0.3868206677218971 0.3420472952035772 0.18774682928276618
1 0.3888545204844585 0.7328346243169043 0.3243811863127974 0.13918029274990656
1 0.35404008678983306 0.24720061828735304 0.24214690559371432 0.10795601640348942
2 0.3878745604453544 0.857869596706614 0.37220635364556354 0.12615611141521982
2 0.30420360327262536 0.13992757476060283 0.13591612262686237 0.0784361384167233
3 0.401863148108334 0.9520742377728408 0.32105423576370906 0.0862257325858716
3 0.33901132992052435 0.07480103244170674 0.1017168056940094 0.04620691150485015
4 0.44304931069609216 0.9953332085285458 0.24072028971015796 0.009333582942908527
0 0.627788186816808 0.5473815203923238 0.3001748876115646 0.12886546034032684
1 0.6220634734060508 0.6686708339924253 0.34833572926987344 0.13507204823640934
2 0.6319847396406401 0.7892128655818306 0.41796334915002614 0.13229275453188277
3 0.679438356649348 0.8952140412522382 0.22515214535401967 0.09785101833216814
4 0.6612687362702544 0.9675279889149565 0.2030979370624762 0.0649440221700869