0 0.40274130808325204 0.38869619994533705 0.38746072044429936 0.23359522492344809
0 0.380011458055719 0.5732203319078736 0.37303764352122243 0.23283934349148125
1 0.4000326156235258 0.22947033190787355 0.3650097650312954 0.17729892147569737
1 0.3354832760078007 0.7205427277954831 0.33221967598761803 0.1492188706807947
2 0.42746571267520656 0.10820719218694602 0.39343589459281003 0.17159914587809277
2 0.3570371546497616 0.8236612627431875 0.379736566685022 0.1421230908386331
3 0.45654446562933965 0.036408418571839817 0.30806491489516685 0.07281683714367963
3 0.3792092154482364 0.8955927878102226 0.27611487442076804 0.09115884389178756
4 0.3803648430186097 0.9374711251445386 0.250536323838629 0.06345673381286823
5 0.3610759240108456 0.9600505923191125 0.18479242911550428 0.04563219044594018
0 0.8154565105638418 0.42098815711849535 0.3210404937876659 0.1630120464105658
0 0.7977788062224255 0.5393435297309321 0.31567276910045466 0.15314470131785887
1 0.8284665306924457 0.3004808988295347 0.31170512536204076 0.16731581776361346
1 0.7879426767695067 0.6465036539350777 0.3275519917748053 0.15137075635731853
2 0.8199119394838739 0.17990553961160152 0.34225508488764195 0.1569343300969777
2 0.7600777011627416 0.754608629929182 0.35145044521838725 0.150226712590084
3 0.8419891661187884 0.08887944717174265 0.30818121444915647 0.14795906829418307
3 0.7616070575112044 0.8312167562556059 0.31256888247220943 0.14099949030996692
4 0.8591305466215756 0.03866929165447303 0.27977879342853196 0.07733858330894607
4 0.7523072518969145 0.8880220914676435 0.26535571650545503 0.1121635580830974
5 0.7889052712870679 0.0057108922180842785 0.13883933600266773 0.011421784436168557
5 0.7284325069942228 0.9276174520771323 0.1887363643130278 0.07220047837690903