0 0.5596415181505873 0.40417460707688246 0.21987503243985065 0.3667926087155485
0 0.3893311122002668 0.4333268790281061 0.21959528173846174 0.3547733779463176
1 0.6941739824946043 0.36153386598271126 0.15681553103707285 0.3402074673293111
1 0.24496046761880305 0.4334595409178546 0.1514483373266028 0.31597310734102074
2 0.7958069226394762 0.3368015795829642 0.14815129880641054 0.3806810550450379
2 0.14651367065261714 0.47636759730881945 0.14054810936292766 0.36356028429337156
3 0.8761679183724891 0.3472944170791367 0.10286786298717979 0.2923795074581164
3 0.07956864931768119 0.5097316859313644 0.09073673193739337 0.2870820690258518
4 0.9249711883339741 0.3697350684975752 0.06311947129925244 0.23552385832102374
4 0.03542473594289512 0.5343619329627548 0.07084947188579024 0.23591565522068145
5 0.9528951698045938 0.35884225381486057 0.06060372486485067 0.230618216788417
5 0.01425120674604683 0.5320335937993156 0.02850241349209366 0.20829795682940036
6 0.9689118207865383 0.34265200069988144 0.029911216389529854 0.1501159030125205
0 0.5921693269255335 0.8157444877436545 0.1587717760686968 0.3210746473234565
0 0.483632574090651 0.8269617726225044 0.14647279459807713 0.30856567042965327
1 0.7043957742016018 0.8010683574714071 0.15156023760715862 0.3207807996487129
1 0.3831176318122856 0.8457497788238619 0.14451654956645316 0.30850044235227614
2 0.8047988161994118 0.777489019536126 0.14815129880641054 0.3806810550450379
2 0.2845319644344544 0.8449437427900388 0.1444605994261755 0.3101125144199223
3 0.8835392677424674 0.7542300616535378 0.12981372194198734 0.31509156431679075
3 0.20587543810181552 0.8663600174903177 0.12657062368397456 0.26727996501936463
4 0.9310576943556619 0.728495840770139 0.11158804535812003 0.25430976589623594
4 0.14672943170133473 0.8806055480546312 0.1086806479417737 0.23257720128670584
5 0.9594013018783648 0.6995741799335781 0.0550127305932696 0.196768472184742
5 0.08174166033707192 0.8815666882127103 0.12489211947564122 0.20682053816879942
6 0.9562731187180551 0.575531229948215 0.06395470364722218 0.06504667984777567
6 0.05488173647077925 0.7950547590521985 0.09939895428995738 0.14334104591965485
7 0.04076739025827931 0.7295142429364083 0.06920999707713683 0.08447334752837375
7 0.9718711485869653 0.5256381560669324 0.03466094867884614 0.044640519918033035