0 0.5790111577930018 0.4061163737368313 0.38305481032190186 0.255967694255299
0 0.6640929058061427 0.5688758245272287 0.2497242690548078 0.20327384251961134
1 0.5574075322956729 0.25074778738986814 0.3601892918511754 0.2023275814537948
2 0.5290389645199786 0.12804098451340834 0.39367528758418824 0.1962912611963056
3 0.5118783504794872 0.05164832835719751 0.33682022211794876 0.10329665671439502
4 0.45619924289813035 0.017212279913588705 0.270293821896047 0.03442455982717741
1 0.34952878025015993 0.35888655131184993 0.3647172334574788 0.19047623899942828
2 0.30511558642238223 0.2547542316125449 0.4537154912900643 0.19598601897826165
3 0.23632823021447638 0.16588443041063755 0.2629164428917736 0.15089289207958834
4 0.24672792173279906 0.0802540873980868 0.22585164805908134 0.10636449894887628
5 0.26098415317409185 0.03532124068605648 0.1283549985385684 0.04531442495928517
2 0.7582015570227022 0.8081806035322587 0.13405789309070515 0.08394385173568772
0 0.30796200900320475 0.4936431193692249 0.20220483750256418 0.12235198045147846