0 0.5347538369712613 0.6972606683194831 0.2784747005548582 0.4252345962802529
0 0.3545857668922218 0.6499938149327025 0.25836238829985886 0.40203018695552006
1 0.6831331863132715 0.7551977603997269 0.2089141760741335 0.3644518559513804
1 0.1800926701974814 0.7298118937141609 0.08353873974824436 0.1098407846183688
2 0.8063925424993189 0.7785244627353862 0.21626854822960148 0.42734430443640975
3 0.9049992094194685 0.7853677336015645 0.1460223791744758 0.34973464103061447
0 0.561598113367408 0.48238619629218926 0.17011390546883667 0.2942008000059682
0 0.44940093793595426 0.4539328876632306 0.180121086983879 0.3046010815914114
1 0.6774500326420879 0.5099319182079969 0.19890699455909117 0.3540515743659372
1 0.35598967007971266 0.3787762256549515 0.14980569476400846 0.26618869837354325
2 0.7946997734435202 0.5327680599373695 0.2093508574428063 0.4339671701704043
3 0.9104986279623007 0.5024252499183549 0.14603055946136004 0.2323386279771823
4 0.9578899064648229 0.5231766578455713 0.05659850564448021 0.21305910023490876