0 0.46178863201339276 0.6133472515313833 0.2580116271778931 0.4016377384704907
0 0.64377782677378 0.6605159927969064 0.2279158925644117 0.32976773334129095
1 0.3038327879818251 0.5908791790312877 0.1813507323514227 0.3546894023371514
2 0.1836455910991595 0.5583295405652731 0.18564428208518619 0.3909433188873584
3 0.08863578871254793 0.5266383335687395 0.13998142678139347 0.34173820559901746
4 0.047465675119794604 0.47181605338081245 0.059152962459820685 0.2609397990693172
1 0.38827047194018366 0.3751704564241822 0.1857804839431315 0.3478703123606423
2 0.2713740936916344 0.3369055389373242 0.184752198795274 0.41959324849099755
3 0.17687843387895164 0.2693528638756129 0.13165650941047294 0.22856121212573347
4 0.09780347127935089 0.2676851561803212 0.099650627978506 0.21158722004996583
5 0.05269219462060708 0.29751262960513125 0.04969422294094976 0.12612819021141788
1 0.7719171111210248 0.7762926599343853 0.10762826949129553 0.18112211702002468
2 0.8849557596614824 0.8094555487497791 0.08941556378909993 0.1533062396301141
0 0.5095438332803954 0.35993750817704573 0.1333044741323522 0.21433435944517115