0 0.40755875581454926 0.6105769230769231 0.3436118277187401 0.19471153846153846
0 0.39397565942811463 0.43509615384615385 0.33874819284629254 0.18990384615384615
1 0.3793682429736411 0.7608173076923077 0.31893002668559356 0.13942307692307693
1 0.3727754409856662 0.29447115384615385 0.2971275836067125 0.125
2 0.391232789624481 0.8774038461538461 0.35479192001664256 0.12259615384615384
2 0.4027264604857355 0.19951923076923078 0.3400331877050343 0.09375
3 0.4299312419209151 0.9603365384615384 0.282173052318461 0.07932692307692307
3 0.41671682459727355 0.13341346153846154 0.2603985805219577 0.0673076923076923
4 0.44725439896195857 0.09134615384615384 0.20958215590265702 0.038461538461538464
0 0.5810272768447589 0.5769230769230769 0.2922639487342649 0.1201923076923077
0 0.5798681527567162 0.4699519230769231 0.28745625642657274 0.1201923076923077
1 0.6193341311879064 0.6935096153846154 0.28762408412083845 0.1346153846153846
1 0.5883104276428693 0.3641826923076923 0.29941954463104825 0.11538461538461539
2 0.608418081941963 0.8052884615384616 0.3933094010429362 0.12740384615384615
2 0.6182754327841276 0.26802884615384615 0.31124297642363585 0.0985576923076923
3 0.667437341416579 0.8978365384615384 0.2126573128335658 0.09615384615384616
3 0.6444668410003508 0.18629807692307693 0.15482514872937012 0.08413461538461539
4 0.6570387608946214 0.9651442307692307 0.17620802257258708 0.0625
4 0.6319729404960147 0.12379807692307693 0.15932515693090876 0.057692307692307696
5 0.620597049221469 0.06850961538461539 0.14263809026587365 0.06971153846153846
6 0.5787814830705597 0.046875 0.08474998359692275 0.052884615384615384