0 0.4099863035607814 0.40573941416415565 0.3559195914189175 0.1979047162135687
0 0.4363944858307083 0.5736449690215809 0.3416505599568396 0.199972861525748
1 0.3658878066700748 0.2623199219674142 0.33360791296816916 0.14938019201442343
1 0.43323286906891745 0.7121458735691236 0.305471105204873 0.12232243277906026
2 0.3599266158105464 0.1505131007434292 0.35958808427747996 0.14278410509594047
2 0.4787500581253393 0.8025688501006941 0.34843224505210585 0.11852184299636767
3 0.36368827290797073 0.05894314633616423 0.2846998813641142 0.09783637011837629
3 0.5176110093420814 0.8642575730666663 0.2517553812931256 0.07066671060245747
4 0.4087613094954142 0.01696378361046996 0.22136877283698225 0.03392756722093992
4 0.5296140986029497 0.9012933878901705 0.23113820291336587 0.0485844940956199
5 0.5167314762898625 0.9256675502702988 0.17042586722321615 0.037570355973290774
0 0.7939084836016707 0.38597008402740324 0.2943761472016358 0.136465759000748
0 0.8080520678081621 0.49397531052964677 0.288952273049948 0.12673847410480804
1 0.7879472927421424 0.2741632628034182 0.30910731504671074 0.14160915215010708
1 0.8348006240168117 0.592057426644978 0.3179524723571006 0.12981372194198748
2 0.7737266858051514 0.16495611322425147 0.38797210174063707 0.1362439683177354
2 0.8344210375812826 0.6889935698236639 0.3311579248374349 0.13126842558920954
3 0.7479794250929952 0.08249899710892031 0.3104328429735644 0.12483817921346178
3 0.8503914985944309 0.7602147571336532 0.28577819959110684 0.11466329319529933
4 0.7345129039526366 0.03261374386346128 0.25748734636681164 0.06522748772692256
4 0.8561073221597546 0.8118414993010676 0.24368045128773075 0.09448137157980778
5 0.6584532185734163 0.008715157675694196 0.12940643714683267 0.017430315351388392
5 0.8479392279154976 0.8722174038486105 0.17458509467018773 0.10247420212713693