0 0.6632139769484418 0.66366314560856 0.23910776924568986 0.40024311438419874
0 0.4630079613304097 0.6587323051976034 0.2455344107371696 0.3907536076408927
1 0.8264301359237956 0.6872941808244479 0.17106433521160888 0.36064867507395404
1 0.29993887135390057 0.6663932292724082 0.1689058685439475 0.33420636738164633
2 0.9353283518740481 0.6731560058752293 0.129343296251904 0.3963287337654107
2 0.18183169419591483 0.6203093725033946 0.14736916691450652 0.39384096903017907
3 0.9904573564197061 0.6501367338977505 0.019085287160587737 0.3303759053442438
3 0.09404235270294302 0.5917508503999132 0.09664341492971833 0.30173954795155417
4 0.056733780440740414 0.5623111831918822 0.0428268335761997 0.2599930182316201
0 0.5225416069995178 0.16439848620281713 0.15649418928968745 0.32879697240563427
1 0.7736454179551835 0.16283854427059788 0.16409817623625528 0.32567708854119576
1 0.40107384173086474 0.15461967095515702 0.15310922192326792 0.30923934191031405
2 0.892292310963126 0.18459463099679596 0.1530109114359277 0.3691892619935919
2 0.2836778286774325 0.16043438623947726 0.14908642658563426 0.3208687724789545
3 0.95459668181886 0.1756708335479849 0.09080663636228 0.3141364123370204
3 0.18715611166039206 0.14200084353187178 0.13873530024386105 0.28400168706374357
4 0.9927638839166265 0.15937448489689962 0.014472232166746962 0.29596679195792674
4 0.11818051329132509 0.12209264235783988 0.12097641119803479 0.24418528471567977
5 0.0627939396316062 0.1204711263739885 0.10400241912226714 0.21545284215724958
6 0.053889520754692194 0.23256466720803087 0.06730729557552652 0.11879548451508946
7 0.03586047623476315 0.2918575112388435 0.01712106107461218 0.06270979645346418