0 0.40695660089505176 0.5705594144670629 0.4031504720263589 0.2564896426946751
0 0.38078429882343323 0.38065045750357474 0.3837938249235113 0.24827026232384733
1 0.41341560189293347 0.7338319825706099 0.3562605756731899 0.1843844796985748
1 0.341007125997248 0.23837238197205346 0.34162770229664885 0.17160936749737693
2 0.4324244080858837 0.8579501208999817 0.40433749875011304 0.18690408447179754
2 0.3548278764974563 0.13418812580537132 0.37983748501403025 0.1592019743928785
3 0.4674209515419005 0.9331094744818024 0.3116066883110957 0.1027899123257508
3 0.3618776610884008 0.055622194970057263 0.2898881543450947 0.09684839787010803
4 0.38163900474500784 0.025586000069890036 0.2389877922073971 0.05117200013978007
0 0.6127432860852322 0.505638575480665 0.3512011276213407 0.16970944229817528
0 0.5915404301919 0.3936656481591851 0.3390140596893385 0.15946415648948514
1 0.6568875786668351 0.6224243059194794 0.32724658466426465 0.17325733221925624
1 0.5775910720507991 0.28371862627556776 0.3583287475014934 0.16527969070646661
2 0.6649951585860919 0.7423016630151343 0.4380333041946521 0.19107165396689998
2 0.6355053427809256 0.15556912030903886 0.34651931318572693 0.17666902028239156
3 0.7231639148291898 0.8354949735604433 0.2809860776714881 0.13720986153084824
3 0.6316329214528305 0.07156048516308464 0.20592137612325045 0.10205447413235216
4 0.7232627297637445 0.9100771944490045 0.22270633990948105 0.10053248964913418
4 0.600598801198472 0.02700500295783633 0.18863290084870654 0.05401000591567266
5 0.580822561188696 0.0037249782561627775 0.16164512237739195 0.007449956512325555