0 0.4605559517633079 0.41019950958482937 0.2833581212274939 0.41447266074273525
0 0.6549239986174041 0.4399159054224364 0.27477301306835283 0.3974778872449789
1 0.2942491617853067 0.37153913081517115 0.2119297198269935 0.36242528758418824
1 0.80464944337075 0.3930159451694451 0.1488414438316152 0.23619438449807703
2 0.1686850666795978 0.3470230832062501 0.2216430181975525 0.42263334171089756
2 0.918783178800855 0.3656814500498405 0.09576100093665091 0.11499497428076935
3 0.07922762075916835 0.3533384144842949 0.12862915665610689 0.34129221358397455
0 0.4709064830068324 0.6251758899332269 0.1937292270524678 0.3452067135253205
0 0.5919817997904561 0.6387907046394236 0.19853691936016013 0.34531861380587614
1 0.3444837580655596 0.6342297632677353 0.2083485282180593 0.34794626052083355
1 0.701601782544475 0.732514739447383 0.14687920140646873 0.21215592295961563
2 0.2254198389507527 0.6158632063941241 0.21457854873485863 0.4536595411497866
3 0.11678058067714124 0.6517230633327458 0.14683004616279846 0.24094612666549153
4 0.06745277764570788 0.6205839586742522 0.050921579495137086 0.21232176350235057