0 0.42025856007929707 0.5624660143348964 0.37248595284727154 0.2165163413692028
0 0.34717732415657093 0.37988435445232366 0.218332114894964 0.18201129840258107
1 0.4138170739484568 0.7323780990163644 0.36219925745482434 0.15832011272225033
2 0.42012122986335115 0.8607319077698112 0.3956013620672719 0.13844922067889123
3 0.43917102782397993 0.9475274405952371 0.34925697436713254 0.07836328845202171
1 0.6593581806051707 0.6461478168612882 0.36689506463300603 0.14895668858418804
2 0.6716439806223027 0.7717828288642359 0.43411884309356563 0.14527259680516216
3 0.73298485653426 0.8756044767438609 0.24139158155020915 0.09913648540457733
4 0.7252147344904833 0.9313338691176364 0.21226571488027937 0.07358626100218182
2 0.2852062523258034 0.11854779337644504 0.08726571488027937 0.06703528859180165
0 0.7084124144346818 0.52090607800325 0.20796150565538396 0.11660353129409028