0 0.41786106736232537 0.6234102304116445 0.2464013278106138 0.411763012199317
0 0.6111153852680112 0.6177950183141069 0.22480257517658409 0.37916826581578805
1 0.24514844942436537 0.6161152052675755 0.178765193114544 0.3711668008472142
1 0.7889296945597318 0.7713044255979385 0.08752378870359387 0.11372015575513436
2 0.11636052762411458 0.6047183676738788 0.1705711663044263 0.420807103588278
0 0.42155365465300554 0.3881442239392685 0.15567335717407607 0.35042319193497495
0 0.5410904969768349 0.4036763806488929 0.15272305331178515 0.34304356017549537
1 0.2930389617069771 0.38035315557634114 0.1687855033601962 0.3656867353477574
1 0.651392771791259 0.3288962132913455 0.12773512735877682 0.2026119234647716
2 0.1605721257665091 0.3519613016077802 0.1722105394297605 0.44244171897289325
3 0.05848038972921891 0.2826535230411645 0.09291664028686988 0.2479993537746366