0 0.44986305622134515 0.4348599182097148 0.26307127996290774 0.3912571191292067
0 0.6237111931591615 0.37768937188225327 0.2362612531739009 0.33795291083766305
1 0.29051120794522056 0.44726559565617274 0.19374790383663695 0.3516207205282689
2 0.16639306961584863 0.46627440184912294 0.19639348884852126 0.40210148975903814
3 0.08066836881904253 0.5062674544209498 0.12555834985831654 0.3336189373119467
4 0.04542443725300565 0.5453793618882271 0.04675579097460646 0.25058743006969963
1 0.39920519865549386 0.661912398229267 0.18931815224492815 0.35874834040842174
2 0.28684921980838834 0.6987612337679455 0.2003090978663013 0.4309896028958849
3 0.19662666649090074 0.7677053384126584 0.13696812267280983 0.23054726773141163
4 0.11976657968715439 0.770249958791752 0.10471028076352064 0.21077102772163578
5 0.07770438280448877 0.7481267282719917 0.03868283408100823 0.14237239385592998
1 0.739310332949979 0.2649935046253423 0.1214214452210669 0.16302977897025533
2 0.8496404063592217 0.2353981668388949 0.0989049681658231 0.14582522227709674
0 0.5297006714661805 0.6957252684848927 0.14241593779309214 0.19701929944964428