0 0.6294869930273391 0.4930847815630625 0.42425347506767963 0.28296567274246454
0 0.6289970275193012 0.30921512841566684 0.3255487137611425 0.24386670304187774
1 0.6936299247347129 0.6415101911182279 0.3760786382355821 0.21933748253104676
2 0.7219605436205792 0.7662404323762909 0.4073286382355821 0.22188839768373742
3 0.7313057727618612 0.865901935639649 0.3403154806577447 0.1614981058398943
4 0.701772635700823 0.9191298442656237 0.2645209906782514 0.08128837203773834
1 0.4591813902352907 0.6449189426421509 0.4077210867206113 0.22669608999142973
2 0.4689926023610242 0.7651112503344586 0.484251715158659 0.2281675734442068
3 0.441765000966492 0.8762276908952555 0.24357296177635435 0.14643759767776907
4 0.47502620026922593 0.9279595384466179 0.2276292461568302 0.09737955338827274
1 0.6897805613125052 0.1348629461284813 0.0703981249442571 0.07260574685558839
2 0.6275507167866079 0.04168804066556893 0.13849071422200782 0.08337608133113786
0 0.3605014049166718 0.5477100440441434 0.18808827599537828 0.13952059394608549