0 0.46794102794113485 0.39104976629184657 0.2692974085525178 0.3884628363290462
0 0.6338527080630693 0.42264198263622527 0.2568581534986478 0.380481070562513
1 0.32961542881143646 0.33597438903086496 0.2000296029165088 0.35049571726722945
1 0.7709300886092948 0.43557302947439963 0.19410184584977833 0.3309568571144622
2 0.22860759484334817 0.3002229452395145 0.19421814540376803 0.3740720424226941
2 0.8619606634543542 0.4864407547633224 0.17867500372165288 0.3539170004259311
3 0.1411472264177231 0.31065329687366866 0.14702868797790372 0.30399153181702054
3 0.9264207767826707 0.5160894189311958 0.1262578297034573 0.2763168604367212
4 0.08662880940110028 0.3274174963227985 0.09715536820843382 0.22894928344265567
4 0.9593833135354166 0.5351822842093283 0.0812333729291667 0.22894928344265567
5 0.059918339789478095 0.3037945890479029 0.07610449374422758 0.19646691975466413
5 0.9804869714290103 0.5186025708322661 0.03902605714197941 0.1942171190618169
0 0.45928086987378813 0.5737725145952228 0.1922580320754514 0.34041819626884784
0 0.5624943921238479 0.5852544286566134 0.1863302750087209 0.3208793361160807
1 0.34708199943530266 0.5737240900701358 0.18747404830864903 0.29939876619246447
1 0.6574107523894358 0.6406987780617299 0.1786987122625431 0.31320566127154537
2 0.24536227072237052 0.5464631305477462 0.20254974862434463 0.3937649480364602
2 0.7463756470474032 0.7182398792344589 0.17573483372917773 0.3034362311951618
3 0.1503284893275625 0.5718557182184737 0.14042459897766457 0.23172210174063707
3 0.831420315048737 0.7284732880994954 0.11867368403905942 0.18722050728341452
4 0.08693029098128907 0.5397261851662548 0.10707447755446803 0.19366181843995825
4 0.8925783838769341 0.7221412826901759 0.09111131158771385 0.1662952379816568
5 0.05393018979529196 0.5116806992361643 0.05773748162362706 0.16894629383536375
5 0.9482907952133416 0.7220499608569703 0.10341840957331691 0.16496971005480313