0 0.38362419789193325 0.6715473386707268 0.20316000964348319 0.36751273059326933
0 0.5713479984530443 0.666296064997009 0.2032719099240388 0.3723204229009616
1 0.2310628873940699 0.7160994029101497 0.13562851677467977 0.3563307420501069
1 0.7274581231023499 0.6759424394996801 0.1327770694986113 0.33704402267906003
2 0.11900429053883486 0.7255169521564638 0.11718104950779945 0.3895369870817309
2 0.8379521259079055 0.630411247805396 0.11192575607788495 0.37019431757040605
3 0.03867981185787905 0.7067597492399573 0.0773596237157581 0.31423445434861136
3 0.917894500527884 0.6058152947422552 0.07402170914102595 0.29002814238931623
4 0.004466966770779686 0.673328698708173 0.008933933541559372 0.2553112435701922
4 0.9663910496568906 0.5889054513939644 0.04651634878344059 0.24373961392318386
0 0.38324159136143143 0.22297825534716914 0.13210566781527802 0.3081978688329061
0 0.5011699282505874 0.21971019683616494 0.12260218348044888 0.31278176057948726
1 0.2641952566057691 0.2226125695572652 0.13003752250309858 0.32256499561570523
1 0.6148500742348288 0.19229177650614368 0.12316168488322668 0.33682022211794876
2 0.15509900236810875 0.2597582747832266 0.11913729453942334 0.3703621679912394
2 0.7193614317868587 0.19712945376207325 0.11650964782446603 0.36069083323557705
3 0.06814091477756387 0.2757729158870727 0.10817910655737206 0.3124460597378206
3 0.8122731846217413 0.18365853416276778 0.10348331453023554 0.3171418517649573
4 0.027055749357264895 0.28192140168333335 0.05411149871452979 0.256150495674359
4 0.8782950286420939 0.18880293225117598 0.09241322626762848 0.2544180512038462
5 0.9431149495855233 0.1939193552694452 0.10090960807745748 0.20656492868803428
6 0.9540141726101493 0.2939866964255884 0.07877144143034197 0.1844267620409189
7 0.9764580551506941 0.3630558132129816 0.03086035889615383 0.08720986322179496