0 0.41031024249261855 0.5065286469806474 0.43528678460777104 0.2861890297173991
0 0.434961612391834 0.3112086988040629 0.40530680861366686 0.26405090284446986
1 0.36713121629455425 0.6696903871151586 0.3858343005248595 0.21327641857885082
2 0.34881974480553324 0.8023424981289717 0.4364410499942899 0.21656140983724642
3 0.3509460764338467 0.911780437065011 0.35662042758200635 0.15993025099661431
4 0.3811729020956311 0.9605767513758896 0.2751620620671277 0.07204909215598221
1 0.6344671711357641 0.6517907723567541 0.3903900323552295 0.2085526448525443
2 0.6314657490500901 0.7781605325964485 0.4628833576865976 0.21702296203486754
3 0.6580714730521792 0.8955923401640209 0.24794342970428465 0.14842669830005223
4 0.6235204327987787 0.9479254014774521 0.24239007758390968 0.08828858516320565
1 0.40020460894788995 0.15301640484783782 0.2869088891204679 0.1587134315665222
2 0.3763806718156306 0.04682422764831556 0.19026134363126126 0.09364845529663111
3 0.423391873673576 0.0029885464547315718 0.15447605503945966 0.0059770929094631435
0 0.702687389971937 0.5302977266529687 0.2304763838147717 0.18174487012835583