0 0.4796665700049817 0.4104529414753176 0.38124240206165866 0.251931702614683
0 0.45188881487138144 0.5791137701978349 0.373862975285256 0.24704009645985783
1 0.47446203224419226 0.26141447993685607 0.34043042719202177 0.18417646978894892
1 0.41448040791655455 0.7130167291779045 0.3208638813315242 0.17433731491454332
2 0.47304641923487856 0.15201150865447843 0.3813797559648386 0.18705582774321444
2 0.43006726537664897 0.815040334304478 0.34680252407923934 0.1602219220976201
3 0.5099816956567973 0.07342498249524793 0.2856990403439005 0.1306764861920262
3 0.43975515648243396 0.8858698819958069 0.2754960466264914 0.1137376779855926
4 0.5482600785976295 0.037118074842099266 0.22152015719525886 0.07423614968419853
4 0.4461158157026199 0.9302850932772054 0.2143086187337204 0.08178839592615252
5 0.5463866022612497 0.017845348687763628 0.2033501275994224 0.035690697375527256
5 0.41446136212130164 0.9534992440508415 0.19233822671937667 0.07192126976936947
0 0.6477145027136005 0.47102292299126264 0.3356227348843295 0.18412052722419367
0 0.6296894860985648 0.5746400491480457 0.33760686025101533 0.17212926773734066
1 0.6836004771676182 0.3623883199089552 0.29931321010434103 0.17648941952699118
1 0.6382326934119849 0.6815552604294444 0.3062729160935831 0.16936179491258557
2 0.6956158783980384 0.25884112195811615 0.39555100041561914 0.18001211697594163
2 0.6769498938846301 0.7917265999118921 0.3375229160935831 0.1697254215834942
3 0.7614812528235432 0.1823227865642005 0.2328144249592851 0.13006111797971887
3 0.6702725547793685 0.875973100426018 0.17213066201110677 0.11253491284335564
4 0.736000473402894 0.10686735990063394 0.19823719307368584 0.10322721233412463
4 0.6421132213985135 0.9304092799172765 0.14932082842244215 0.07862932514811077
5 0.7353556250163111 0.053968758874829756 0.15644842272654869 0.07630939284139762
5 0.6144003136776928 0.963196858382731 0.15354091162810987 0.061858344635943203