0 0.5853379270241188 0.3978524542630871 0.36621787413401263 0.22445892418643185
0 0.5491827176934179 0.5762406209102025 0.3608215090987763 0.21713548544433792
1 0.6444769421812856 0.24652104191228577 0.3418852745978621 0.16151132306420968
1 0.5458227246809991 0.7202755646499995 0.3140693972079515 0.144068948444231
2 0.6658168244699632 0.13205859890320457 0.3805430373019151 0.16481037146250033
2 0.49740270672879977 0.8137747939577987 0.3681805132913251 0.13093272474754294
3 0.6544350249397808 0.04508107822443889 0.2942991104933084 0.09016215644887778
3 0.4561450719944687 0.8783159691388883 0.2681021822871856 0.08061779605950867
4 0.4243555545105948 0.9150450631299141 0.19843979906931716 0.05020503828557729
0 0.4032588696811902 0.4092882283155979 0.30945792914277387 0.14636089431752153
0 0.379098115131802 0.5142192119197111 0.31809219254558513 0.13456546410940198
1 0.3973469696856663 0.2906615196120189 0.31784681305940043 0.16095182166143188
1 0.34181431885751734 0.6182559982184291 0.31446184569298086 0.14887664075192328
2 0.43050985850105994 0.1783231720553949 0.4254312172549333 0.15625803951239353
2 0.32626325008910545 0.720587310177724 0.2279725393981895 0.11807223199604713
3 0.39087057785226764 0.0760767902455659 0.2279725393981895 0.1180722319960472
4 0.4196184212110813 0.023923546440758413 0.2088400806547605 0.047847092881516826