0 0.4325313311364518 0.38124315082165877 0.30552244823612335 0.42390903424862825
0 0.6195775912252988 0.334852128632133 0.29249465767924576 0.40913623342845373
1 0.26585898669766184 0.408975823842563 0.23345760360340903 0.3882267894916164
1 0.7438634746922689 0.23488629199992356 0.16685635112022149 0.25914426863170187
2 0.1423465563877968 0.45110946322362566 0.2285993713130464 0.42167080130720397
2 0.8349997918992164 0.14311122074112573 0.10763473039651326 0.1326754282638922
3 0.07867813997717396 0.4878887138884314 0.1129796492978894 0.3463379568385218
0 0.5204727557496379 0.5882444504339792 0.20533436293169005 0.3634189353795402
0 0.6320500019392428 0.547662458026937 0.20449389644198435 0.3513997046103094
1 0.407248083246922 0.6397136953127485 0.22696897831630544 0.36404843839431567
1 0.7632359472967642 0.5980419231792415 0.15729150648750717 0.2252805881395973
2 0.2909471913985955 0.6816375003555526 0.2273721782447882 0.4384277796047076
3 0.2034419134137525 0.7564457589785883 0.1608720057269412 0.24217745599593982
4 0.12540096006272308 0.7599208873866454 0.11368608912239407 0.2192138898023538