0 0.5731152204728911 0.44073057376521796 0.3612013226085405 0.19436351197646737
0 0.580314488504103 0.6174132660729102 0.3635072195374722 0.19197365099043615
1 0.5933867269955886 0.28944210291887307 0.33711797660106385 0.13414149161998032
1 0.605569135067111 0.7653616858769673 0.31499361509187634 0.1219963943404166
2 0.6068609341909129 0.1777681455236379 0.3724900243343552 0.11752434606027923
2 0.5820877463567442 0.8673643179855586 0.3669966874522616 0.10066945264772652
3 0.5852079667152321 0.08872094907271921 0.3014071967240143 0.08346493003980401
3 0.5669484023378744 0.938172890765409 0.28629847522653623 0.06655409595599228
4 0.5542559045334177 0.03687043475124935 0.24204975220816094 0.04226390139686426
4 0.5530864883863343 0.9795051757922906 0.24455154758692166 0.040989648415418856
5 0.5725071815150424 0.012943854555306184 0.20270667072239248 0.020405523327212134
0 0.39775484270154393 0.47215458700775353 0.34172977045892733 0.1293617696479177
0 0.40812319859485224 0.5791607037734443 0.33613848435191945 0.11010303008151877
1 0.36420712605949657 0.3566021496093606 0.2913469504530725 0.13147192727765308
1 0.37998104141416494 0.6847411347771755 0.310185922784184 0.12196842400478676
2 0.36441120479620975 0.24364935071422095 0.38681515203251754 0.11520441091332187
2 0.3087655519140756 0.7948775250679324 0.30017874126914157 0.112297098718143
3 0.3210256727109992 0.15207244159912298 0.21766437823905677 0.0925908337816707
3 0.31839928862052563 0.883854795679777 0.18342283673572377 0.07797196450918656
4 0.34107065826247585 0.08369568530874813 0.20736334904927103 0.07570797003348848
4 0.3448864807818484 0.9440908012040788 0.16821616601333142 0.058657284271528616
5 0.35203897993559735 0.028484142193267982 0.1726320614213659 0.04906986999177364
5 0.35977277145154785 0.9838863204816316 0.1504097506872638 0.032227359036736875