0 0.6110093063227551 0.6166514877731172 0.2524093056914747 0.42202384251961106
0 0.4142505756782596 0.5893353745559939 0.23765055444285507 0.4022894083442496
1 0.7786701273769399 0.6573833480241326 0.1893638349124678 0.3885912944263771
1 0.24769894605862067 0.691758276694973 0.10613469780111141 0.16226344492342604
2 0.9084778196846321 0.6619163325254652 0.1684425274696306 0.42870118162487275
2 0.13100750937035016 0.6936966004441322 0.0860647427564856 0.11351496858704599
0 0.6110959546729551 0.4049871099985076 0.16819077172547353 0.414278104701796
0 0.4813092420106091 0.3992522024202519 0.1559197852120857 0.3994353069915585
1 0.7385207804721475 0.40823422726548514 0.18240405219508643 0.40276253887715757
1 0.37983202547640194 0.2874695267275953 0.13830780219635377 0.21623933435465834
2 0.8685592488786504 0.39954605792066383 0.16898799824863722 0.45995118162487275
3 0.9572646971799703 0.3473215581284735 0.07858928196643525 0.23577534580347162