0 0.671875 0.5681539079095913 0.3605769230769231 0.21601242041455818
0 0.6802884615384616 0.3862225924588927 0.3581730769230769 0.21348259402205072
1 0.6802884615384616 0.7167514386127388 0.3293269230769231 0.1518746773119632
1 0.7007211538461539 0.23731522196873436 0.31490384615384615 0.14871494972615
2 0.6598557692307693 0.8271972706413586 0.3581730769230769 0.14136720940666636
2 0.6634615384615384 0.13109483874490535 0.3581730769230769 0.13415567094512773
3 0.6346153846153846 0.9114527554549932 0.3125 0.1005120464105658
3 0.6298076923076923 0.051127792855392325 0.27403846153846156 0.08647713182275649
4 0.5757211538461539 0.9421835020714221 0.25240384615384615 0.06851638659788287
4 0.6129807692307693 0.017893539297096344 0.25240384615384615 0.03578707859419269
0 0.20552884615384615 0.5781709972867788 0.3004807692307692 0.14555522214033692
0 0.22235576923076922 0.4643083663853815 0.28365384615384615 0.13986566816201645
1 0.18629807692307693 0.6909576853499142 0.32211538461538464 0.14428519813444124
1 0.19591346153846154 0.352713379779885 0.32211538461538464 0.14668904428828725
2 0.19110576923076922 0.7976768787187457 0.38221153846153844 0.1450308579471239
2 0.19471153846153846 0.24219944682229247 0.3701923076923077 0.14440095675381806
3 0.18629807692307693 0.8820634545806834 0.3245192307692308 0.13719963991156392
3 0.18990384615384615 0.15591294576115322 0.3245192307692308 0.1299881014500254
4 0.18629807692307693 0.937351916119145 0.28846153846153844 0.10405993633164648
4 0.19591346153846154 0.09189607208757727 0.2548076923076923 0.1119115976057749
5 0.203125 0.043153472149853794 0.21394230769230768 0.08630694429970759
6 0.32091346153846156 0.03140664509651368 0.10336538461538461 0.06281329019302737
7 0.36658653846153844 0.00788232613198095 0.05048076923076923 0.0157646522639619