0 0.6833255296928644 0.547281561844444 0.412140406359222 0.25928772328611144
0 0.6249131162360845 0.37414969356629224 0.40733271405152965 0.2591758230055558
1 0.7589530285618353 0.6815042905388349 0.3726812476076783 0.19354462502809858
1 0.5909119942241075 0.23053437587857856 0.33864946073784863 0.1855497846026712
2 0.7956201788242651 0.7841423233306084 0.3986196343453413 0.18454469195576942
2 0.5354550055662225 0.13675740574748887 0.3909041749291582 0.17476145691955158
3 0.7988275641004824 0.8683049137853625 0.324236605434056 0.13959695697820523
3 0.48366166544879524 0.06696294701458293 0.30222404933345715 0.1318818672541669
4 0.7883149853855435 0.9202953318645827 0.2688323852762174 0.09028913081517122
4 0.45261085742607116 0.03222510769866439 0.24656786869829617 0.06445021539732879
5 0.805960780013764 0.9355286808826383 0.238600448804791 0.06317542143953012
5 0.461155410012836 0.011484689619444296 0.21077235848721051 0.02296937923888859
0 0.2763621951416598 0.6349740358319443 0.33864946073784863 0.18554978460267135
0 0.24172095031709276 0.5250685144383545 0.3286561354064806 0.17811444558002165
1 0.3098645070086344 0.746109455372596 0.3409273266530336 0.18320188858910258
1 0.19436247260101647 0.4250861034316772 0.3526945969449421 0.17867394698279945
2 0.3478595605866484 0.8511233592480767 0.4086129596767094 0.19198003097841912
2 0.17951890808119383 0.3255502886081729 0.33358980795283405 0.18063019201442343
3 0.38984854573069916 0.9175358493113245 0.33954154402776093 0.15675958089679518
3 0.15239904150517608 0.24435104571004265 0.2871608495977902 0.16514406242606855
4 0.4119819712603171 0.9495121961958864 0.2808516160454481 0.09056888151656012
4 0.12635000695777812 0.18358449511960462 0.23959806909479592 0.12802331745309845
5 0.44967740667060446 0.9799229440917198 0.20065305291718125 0.026278477027671096
5 0.11092930974469611 0.11896039966714735 0.21631548898830133 0.1418868929733976
6 0.5800571208619141 0.96485443067735 0.07450900914994672 0.04735158113141033
6 0.19348917214604702 0.08695406783434813 0.17609022718550668 0.10733784457510698
7 0.2603610444280674 0.054109488836431414 0.08209848832746854 0.05473097001378212