0 0.3581730769230769 0.5642638749204173 0.36778846153846156 0.19418345235762005
0 0.3713942307692308 0.3805234862042634 0.3629807692307692 0.18931981748517251
1 0.31490384615384615 0.7164046226068511 0.3581730769230769 0.13157156722810973
1 0.36778846153846156 0.23264499081915851 0.3245192307692308 0.12396843081328471
2 0.3016826923076923 0.8244238574768512 0.3918269230769231 0.11273239595062688
2 0.40865384615384615 0.12374550261957787 0.3918269230769231 0.11273239595062692
3 0.3137019230769231 0.9099002523502778 0.32211538461538464 0.07826738260783017
3 0.43149038461538464 0.045886229802165134 0.2932692307692308 0.06591249645006811
4 0.3485576923076923 0.9619885282524454 0.25 0.038966705674963395
4 0.46033653846153844 0.012568039036850272 0.24759615384615385 0.01730411900797048
5 0.3425480769230769 0.9856686718099643 0.2403846153846154 0.028662656380071476
0 0.796875 0.574176326262023 0.31971153846153844 0.12872018055622178
0 0.8064903846153846 0.4577016729299949 0.3173076923076923 0.12148067081230571
1 0.7908653846153846 0.6906929365176175 0.31009615384615385 0.12380060311901914
1 0.8329326923076923 0.3474324339592255 0.3269230769230769 0.11438101748027772
2 0.7752403846153846 0.7998861231821629 0.39663461538461536 0.11759603082307443
2 0.8305288461538461 0.24043330883069414 0.3389423076923077 0.11452087389216568
3 0.7584134615384616 0.8874307088209044 0.33413461538461536 0.11206108517356429
3 0.8449519230769231 0.15406267498649823 0.31009615384615385 0.10456983388824984
4 0.7427884615384616 0.9485469724085269 0.2668269230769231 0.0944509661900684
4 0.84375 0.09154868934530941 0.25240384615384615 0.0894754461881103
5 0.7163461538461539 0.9831895887602079 0.1875 0.03362082247958425
5 0.8389423076923077 0.043415823703631125 0.18269230769230768 0.05981812515300585
6 0.5769230769230769 0.9718967692674809 0.07211538461538461 0.05620646146503816
6 0.7439903846153846 0.033897496511254094 0.15384615384615385 0.0474632389952438
7 0.5204326923076923 0.9896808667005229 0.04326923076923077 0.020638266598954128