0 0.588479795707586 0.6247396249311585 0.1956687204805558 0.35969449131424125
0 0.4010357458478638 0.6358764239377076 0.19583657090138923 0.36690602977577996
1 0.747665168194071 0.6401867417481022 0.13780856236741484 0.34979589043648657
1 0.2525008355719023 0.6644526172308817 0.11818614215470116 0.3320732798874913
2 0.87269314326421 0.6355666962565566 0.12651668342179517 0.3804860857664417
2 0.15192994315325908 0.6342432267614864 0.09515478314123961 0.37422290131663216
3 0.9636955567563036 0.5998942393632007 0.07260888648739275 0.3014357510971934
3 0.08154700300838727 0.6086439400015938 0.0546790396297011 0.28589306483402627
4 0.040178067130502634 0.5889126604951316 0.034441167873931824 0.2417281465927235
5 0.018068880492575306 0.6212262893682172 0.011463749122649726 0.18302819049433475
0 0.5672857468718486 0.2828073331451311 0.12757772620897462 0.32290573900814284
0 0.4484072625370195 0.29315709168626947 0.1227700339012823 0.3226818171401249
1 0.6885960524306628 0.2735475367469068 0.13026132306420982 0.33503693071138263
1 0.33632069061164555 0.28514212127153465 0.11600609656196603 0.34157670356886705
2 0.803980667815278 0.2681734119144743 0.11746080020918835 0.40407670356886705
2 0.2328434057157054 0.28514874912622984 0.10750971475213703 0.3892057829097541
3 0.8990165161026179 0.26735672425188756 0.11360225040812001 0.34146474263485804
3 0.15351648263878231 0.2888434599485272 0.10046401683333357 0.29282801488788984
4 0.9631615180760418 0.2749831453249384 0.07367696384791654 0.26079428834982676
4 0.1006878173944447 0.2937104466505716 0.07748659808205148 0.2341280587895011
5 0.998074242386138 0.3250983845565045 0.0038515152277241236 0.14467861296680531
5 0.04805497764107932 0.30699089489107756 0.08587107961132492 0.1816912871409218