0 0.430961428746279 0.41482327244690137 0.3690699997828088 0.23664600537649605
0 0.4748358658263482 0.5895207397137817 0.3833530686110059 0.2345778600643166
1 0.3557432790778798 0.2805725686823715 0.3483228500492522 0.1689466620868593
1 0.49645750536528815 0.7334437831730232 0.3194766962030983 0.1682752604035258
2 0.3257544735070282 0.17896860854668778 0.3913120646287233 0.16514607230416697
2 0.5610220639771495 0.8294287739669867 0.36176587030817065 0.15245543985160298
3 0.320994198281116 0.09723783931591855 0.31894037236446937 0.11785044131303445
3 0.5976742299004656 0.9007888316886212 0.2749711011208398 0.10482410801880349
4 0.3384867205963333 0.04628149389278818 0.25392022665663344 0.07312650689658141
4 0.6256447723660057 0.9470763552157048 0.23510948171050353 0.07989044423589757
5 0.33227894733984326 0.025643510784775544 0.21702248577966257 0.05128702156955109
5 0.6220971529122312 0.9688228708808756 0.21363858296165825 0.040981304652136924
0 0.840948155739559 0.33901015387793737 0.31810368852088217 0.17319485299177373
0 0.8558316253186026 0.4479375527557151 0.2883367493627948 0.1537962333401712
1 0.8172354451097915 0.2277068839164523 0.3261282022851174 0.15882772620897462
1 0.875067760896979 0.5520852343959395 0.24986447820604185 0.15552867781068394
2 0.7692877974325335 0.127724472909775 0.377028995800526 0.1672142176163465
2 0.8768760118599709 0.6518728248506936 0.24624797628005815 0.14837308948942343
3 0.7420410039822826 0.06301150916327433 0.33263970027225737 0.12602301832654866
3 0.9057684612126746 0.7329881425384074 0.18846307757465078 0.14233449409561963
4 0.7148405060385811 0.029287725334080954 0.26621947361562365 0.05857545066816191
4 0.9246955057127941 0.7926926454026167 0.15060898857441174 0.11751273059326933
5 0.6749088825808052 0.004047340718696337 0.18635622670007188 0.008094681437392674
5 0.9383948336205823 0.857316740855074 0.12321033275883544 0.13137630611356846
6 0.5491969878359613 0.013300054361324575 0.07916320644115324 0.02660010872264915
6 0.8992869181607179 0.8925651660068369 0.16679802419776296 0.10230635170630364
7 0.48981272873465126 0.005390144085363053 0.046933149776994816 0.010780288170726106
7 0.8429946914172081 0.9179464309119651 0.1191648339463692 0.06758945288717956