0 0.6230450114907458 0.7260579473691698 0.22759197536785464 0.37142098656898714
0 0.4408545864009623 0.702408284294518 0.22406806445497032 0.3520361718772189
1 0.7713597240139183 0.7643008743362599 0.1587441940164851 0.34066540596870876
1 0.2882803596791714 0.6938283205980073 0.157484121162567 0.31903079058409334
2 0.8817966389959616 0.7689831193883657 0.1493851170499697 0.3855682555867909
2 0.18211481316619146 0.639127442698129 0.13638582961658058 0.3679711052048731
3 0.9566116657387036 0.7456826021381744 0.0867766685225929 0.3133919897492692
3 0.10535545287888441 0.5958904949456231 0.09895176490098069 0.30091062259704143
4 0.9819279815367505 0.7073589676292725 0.03614403692649896 0.2661784582162028
4 0.05673035169288732 0.5628385315330665 0.06221774065977963 0.24586937075844068
0 0.6348350078776884 0.2705899824374608 0.1446248418240576 0.30383748635602154
0 0.5224261252968834 0.25260956080870167 0.15720410497280746 0.314223098276401
1 0.4100991010339632 0.2154753926796728 0.14686497134213392 0.3422990248175601
2 0.30277792695060995 0.20261075428060385 0.15363277697814295 0.3762609618934041
2 0.8675762062456811 0.29867652327001387 0.13552207250641202 0.39425936743618173
3 0.937155346110408 0.3142692402532891 0.12568930777918405 0.33447130451202567
3 0.2141974937659467 0.1825650180310651 0.1419172709395618 0.339587087741716
4 0.9709082712001914 0.3216186826674642 0.0581834575996172 0.2926207659085102
4 0.14880361928002137 0.16999232904563175 0.11820624267264002 0.2614316471306474
5 0.08538171239285781 0.1707178166368517 0.13237301194684747 0.2168368884345632
6 0.07394510096880581 0.26218757533293596 0.09834655859014224 0.126046035210268
7 0.05255493896261481 0.3266758672232161 0.043805554607859745 0.05309954206775148