0 0.6418655117392333 0.4173800441903456 0.4334492164471311 0.27664147493020713
0 0.6071479147897241 0.6117139703397864 0.41164677336825023 0.26196665646573175
1 0.6893986789404211 0.2580557293247509 0.37497371284825054 0.20866247184545222
1 0.707213530149865 0.7931912113792963 0.11158388924251685 0.0878251405278315
2 0.7017823784458748 0.12356621548006554 0.4423373477206978 0.21425336005971754
3 0.6918601517896507 0.04651726778628939 0.35185661949762176 0.0810068841502076
0 0.40886026251042207 0.40024375287664077 0.300006941560978 0.16933382363020796
0 0.3894188665965067 0.5214281990280395 0.3121380574597191 0.17908906465748067
1 0.4271416922709807 0.27543955185328406 0.36521847182097783 0.19653135594671098
1 0.31610071683888497 0.6239544451720959 0.2757167384811179 0.1474194954218165
2 0.4406434010062247 0.1481755621113259 0.4494370010527261 0.20472188929146576
3 0.3961031610194409 0.050288338515382135 0.23663983180727208 0.09408733951915936