0 0.3918808748189785 0.3687374416922064 0.36125030133174374 0.2557380887396097
0 0.3497706698185521 0.5400287007717972 0.34365315094982596 0.24273880130622047
1 0.4073642860550296 0.22055088299346856 0.34522588857654013 0.1925380482652108
1 0.29938490723230077 0.6722865347398854 0.3177052626572398 0.17417103614461027
2 0.43945969368486776 0.11210964415107716 0.3689562591930038 0.18913043690631617
2 0.3076461657154195 0.767600332324453 0.3553965738137835 0.16439193489345583
3 0.486610501590141 0.04874364389044761 0.2912020737427949 0.09748728778089522
3 0.3057367389612949 0.8347680165372656 0.2707389408240341 0.11395858274446678
4 0.5285076223130873 0.011997765378801508 0.23625398614305604 0.023995530757603016
4 0.31971382100973733 0.878259113719261 0.23298674844535336 0.08541615362896265
0 0.5481165757162721 0.41591728799808647 0.3276287381946223 0.17953876083182166
0 0.5199350282392012 0.5193408223904659 0.32732064727262444 0.17473106852412934
1 0.6149137071158807 0.30784977793378465 0.28993742703807857 0.18931786208297624
1 0.5202145209557867 0.6270938750289036 0.3178593081182388 0.17657488229845641
2 0.6352209521679864 0.19650281033502282 0.3953985668853116 0.19067052594999362
2 0.5482152671721023 0.7320349114993008 0.30972349689070644 0.16173178109074016
3 0.7074580992276454 0.11565950675531239 0.22854802828179616 0.12826536011355405
3 0.5384010973819441 0.8104399276890604 0.15504623451742078 0.10243050188254553
4 0.7121564857881134 0.049141641997042435 0.193969909361956 0.09828328399408487
4 0.5146564276627742 0.8633126888032306 0.1707948393673511 0.08658363546978073
5 0.49571945025129666 0.9159054337276414 0.15443005267342505 0.09281511726716091