0 0.39085384965397707 0.4287605156632258 0.31126931121387424 0.43599820979727855
0 0.584747120961125 0.3547602350941789 0.27473688669890856 0.36537738920328644
1 0.22251147397529836 0.4504486009098048 0.2414114829334399 0.40038590981968597
2 0.10403665224674091 0.48915133300864705 0.20807330449348183 0.42435442657872796
3 0.03802124959657416 0.5321500333963267 0.07604249919314832 0.34916147166888495
1 0.32004513755071934 0.6826681745745914 0.23197825088753687 0.40250997685585416
2 0.19925115861581186 0.7257589303046088 0.2435614510166331 0.46041211888642025
3 0.0950467366541907 0.8031458970300396 0.1602243325945622 0.24691520352421256
4 0.04094110787523428 0.8112538557972402 0.08188221575046856 0.23851460381254258
0 0.454969613770912 0.7063255529169101 0.16248188892951249 0.21340124692920553
1 0.7138469731827372 0.2178845069744517 0.13756852729422883 0.1695025131451991
2 0.8404863463080712 0.19261276306002184 0.09987146186120227 0.14681872606929106