0 0.39908547085391216 0.6443328558248455 0.38458909746363507 0.22435778102404696
0 0.3860584318537735 0.4538620985970241 0.3699422502815373 0.20437113036131074
1 0.3853625180555895 0.8069755227350865 0.35741953642950963 0.16047199839877416
1 0.24492910670566254 0.29992062937006164 0.08989333129314635 0.086392038061232
2 0.4036579334573369 0.9289060645198226 0.3885576512999992 0.14218787096035476
3 0.42852154782593793 0.9909889625297107 0.329690549747832 0.018022074940578666
0 0.5898276134137725 0.6230982847984075 0.3354772369387406 0.13289586855851626
0 0.5740339436541929 0.504553941827979 0.3113828328355238 0.12682837386421233
1 0.6212742544557297 0.7448653454739796 0.33564506463300603 0.1473189454815932
1 0.6725488369730047 0.40281096788626314 0.20061011078195753 0.10420635980887602
2 0.6491151262669178 0.86644343579156 0.42453142976055874 0.14717252200436365
3 0.7068362473069172 0.960018137458869 0.22470451488517432 0.07996372508226202