0 0.4237179928740951 0.3593641656660902 0.2348367438152762 0.40858495946922796
0 0.6189751683589422 0.38974352379409777 0.23159345608710916 0.38436434536128483
1 0.2604510476002947 0.31822271337993 0.16386604299225643 0.36724484264657
1 0.7823107905843324 0.3985241292880757 0.1627747689456393 0.33599484264657
2 0.14283047437669733 0.3141049297830251 0.15070212843066078 0.4022096195373729
2 0.8958524640442526 0.45747499299973815 0.13602721903528775 0.3939051656589449
3 0.0522817900261483 0.33001967060426374 0.09314717464153291 0.33311626428545055
3 0.9638354882008122 0.4993615675308409 0.0723290235983755 0.32109703351621977
4 0.02751836548248232 0.37609291541688944 0.03824789947854746 0.2714166000645481
0 0.39537938446074394 0.8379888455190827 0.16095853189381776 0.32402230896183465
0 0.5206731890117562 0.8524768113680994 0.1529914960153905 0.2950463772638011
1 0.26523591552332326 0.8289095335162198 0.15847074158253951 0.3421809329675604
1 0.6339477627935378 0.8615650890586087 0.15290755185795854 0.27686982188278253
2 0.15468569731927406 0.7909040861825235 0.13518777746096675 0.3698667041204834
2 0.7538882380135491 0.8589984411188504 0.1486035244948585 0.28200311776229914
3 0.07702239018515054 0.798205281520526 0.11089748345020894 0.3608336399641291
3 0.8436280152014617 0.8853869546852795 0.13739320088826437 0.22922609062944097
4 0.03955291440695494 0.7893723013089464 0.03394387211544768 0.285475371848662
4 0.9164988972337351 0.9101181637510819 0.11665143682371756 0.17976367249783629
5 0.9608402543555307 0.9269092240774192 0.07831949128893875 0.14618155184516177
6 0.9753529942695555 0.8608671848304646 0.04929401146088899 0.1367653526985778