0 0.680538591848829 0.4179308043075889 0.38337230739016664 0.22624606514187057
0 0.6854014234726311 0.6154664221678263 0.364169508495027 0.22970901106603384
1 0.6971005980924203 0.2579657184365139 0.3493268765375062 0.15658506666300245
1 0.7024862707989785 0.7789867372870002 0.33011009247455164 0.1576441664333195
2 0.690574332853807 0.13967297700422895 0.394944012789324 0.1501634547084993
2 0.6573438288977145 0.8912616266597048 0.3828268858453896 0.13249606514187043
3 0.651323433765882 0.06598597604973876 0.33677620939131303 0.06439844632714295
3 0.617190886485735 0.963672574462586 0.2984824929435523 0.07265485107482797
4 0.5988613592238707 0.9973264206164322 0.2622429934542676 0.005347158767135669
0 0.17573089954113674 0.3826312117399514 0.33006813697110726 0.15043262797178103
0 0.17860944004553655 0.507883351686863 0.3204527523557227 0.1497602547800166
1 0.17071962094498044 0.6239656102545782 0.33964156608304746 0.14389346270200704
2 0.189708053804439 0.14188513976811856 0.379416107608878 0.14915489492085252
2 0.17834452321220484 0.742258351686863 0.3566890464244097 0.14764205523938237
3 0.19562676559825823 0.06297844993604831 0.31543528253080844 0.11336637587644198
3 0.16002548482620163 0.8348316986012752 0.32005096965240326 0.13293333170309352
4 0.1778007043777266 0.0268619809707206 0.2957989434334101 0.042310091031374474
4 0.1606698947721877 0.9046272837117842 0.26256465231400783 0.11207216947558316
5 0.16272411173066395 0.9552261662242642 0.2168915753909309 0.08954766755147175
6 0.2804286622622367 0.9757846485221923 0.10133913799253796 0.048430702955615385
7 0.32839370399664136 0.9973687239241374 0.06265383684596279 0.005262552151725193