0 0.5424963374147767 0.33565894816918657 0.2591592919553918 0.3943634326082793
0 0.3603346041483067 0.3688396557845521 0.26388306568169856 0.38969562985942596
1 0.6911091227541324 0.29548939825733256 0.1935840971504605 0.3540133851024141
1 0.2061737556219566 0.38239203605554967 0.188566608389304 0.3418542647743442
2 0.8032236432335212 0.27951106126957054 0.18700194804931441 0.38986124307184783
2 0.10994207417890219 0.4529465249607867 0.17468900224523384 0.3726845960978272
3 0.8919771341177112 0.29291632580040006 0.13547219655122442 0.3282962488578842
3 0.049905505745424406 0.48951955437799843 0.09981101149084881 0.29634680106368916
4 0.9392568306714704 0.3399882983118672 0.11046867132682792 0.2723083395252276
4 0.020555840410956587 0.5271417554865028 0.041111680821913174 0.2562065878960825
0 0.6461980201102528 0.8016517650275785 0.18106135489291583 0.3248175073591628
0 0.5281787824729807 0.8114456246821764 0.18059980269529474 0.29837519966685516
1 0.76052756993537 0.7965606805115435 0.18367499750022603 0.33690668290781317
1 0.42043138174900946 0.8451802548874354 0.18346520104676187 0.3096394902251291
2 0.8669681493556862 0.7611767123444635 0.18957363136593186 0.39954657246665204
2 0.31099344281297026 0.847177294191556 0.18574316932852947 0.3056454116168882
3 0.9272111607192648 0.7545118702914897 0.12627640484276817 0.35205493127866777
3 0.22757821866231037 0.8737373808797843 0.16795118256567138 0.2525252382404315
4 0.9624655432116159 0.7326895311315341 0.05543196553252345 0.2851226865216559
4 0.16349866196915183 0.8946375760804949 0.14075360764089273 0.2107248478390102
5 0.10435267545576407 0.9082912604299571 0.12823086538334796 0.18341747914008566
6 0.07589905157901473 0.8187286984590009 0.08855250749171742 0.1179026274437178
7 0.0418614885167557 0.7708394991574179 0.029643380369317632 0.04651241427611115