0 0.3592784748074059 0.5001752100400263 0.4300422885879452 0.2905950914192231
0 0.3485844519564393 0.6904152427897549 0.3581722834587454 0.2592780780866224
1 0.3263599736477825 0.3407314373791449 0.38108255478578895 0.21785787359474418
2 0.3175290892702908 0.2119828448417697 0.4145401766971204 0.21780733361207388
3 0.3261629559409362 0.10621361407253893 0.3575348522196971 0.16362851182659974
4 0.3591298188798981 0.05774996441706326 0.27693266993251153 0.08389838882119392
1 0.5678729776098987 0.3733338604711991 0.39472073473880714 0.20925104876700637
2 0.5725821610641678 0.2564111354137784 0.46300954825907287 0.22597689187858874
3 0.6205605752876677 0.14251408971929802 0.26878876876990393 0.15981290595662406
4 0.5943142934717918 0.07903079992298638 0.23444833613333943 0.0904880940736382
0 0.6514928514985581 0.48918045244193264 0.22512708951564384 0.15197953428599137
1 0.2854472190834738 0.8419333604560679 0.1978998848532775 0.1405151233932544
2 0.2840494684962019 0.9560831060638999 0.14687959813863435 0.08783378787220013