0 0.44139029591110135 0.36773117130450367 0.3961127422079821 0.24643625379734638
0 0.43322841435311155 0.5439254658734456 0.3864973575925975 0.24610047716761818
1 0.4164613878667037 0.2179944516337115 0.35311268470203305 0.18018930112458698
1 0.404852473768041 0.6894993416231282 0.3289061298656304 0.17694601339642008
2 0.4139570217139568 0.11325925562653968 0.3905656633759247 0.16710933072042344
2 0.4463226582761497 0.8001029695729251 0.3586432901841602 0.1564026720584217
3 0.4473757612372614 0.05008392377767222 0.2985976763206767 0.10016784755534444
3 0.4528195202382185 0.8757821513403629 0.2764587810422378 0.11276713024777835
4 0.4813322873206896 0.018944572807978174 0.24151072848753302 0.03788914561595635
4 0.46853680356215405 0.9282470459378179 0.2385520624571931 0.08506566019398921
5 0.47671795830227354 0.004437551727469165 0.22266668583531632 0.00887510345493833
5 0.4573327692912938 0.9575548926498484 0.21076500838135637 0.0649115052314669
0 0.8520535849317159 0.4286361813638943 0.29589283013656814 0.17711390171128413
0 0.8536839779284568 0.5396328252279778 0.2926320441430862 0.166994852151307
1 0.8517091616608685 0.3131256497431308 0.296581676678263 0.17205437693129555
1 0.8507294302355995 0.6432920143943748 0.29854113952880085 0.16492678262718932
2 0.8360759249859034 0.20777613976106046 0.3278481500281931 0.16808612619792412
2 0.8415551505357004 0.7413193368846007 0.31688969892859914 0.16294265726050347
3 0.8498225103797333 0.12918944689518402 0.30035497924053334 0.1523199427559338
3 0.8489136306413274 0.8244618895858731 0.30217273871734507 0.1475122504482415
4 0.8444641165330299 0.06689930728876423 0.25326078599348195 0.12394691944268815
4 0.8526731782750504 0.8907355471315065 0.26047232445502044 0.12419875191498438
5 0.813096563217759 0.03184894487025694 0.16715959101624323 0.058592818089997216
5 0.8362999951092804 0.9322724850063479 0.21244594136076764 0.08894996676992843
6 0.6942154952426802 0.02221645470372445 0.07530915727626618 0.0444329094074489
6 0.7440040581331152 0.9391101042982524 0.18549935377463647 0.08081504257663742
7 0.6384480238017303 0.003056277193950369 0.04187394440303157 0.006112554387900738
7 0.6755532194061351 0.9595733310176292 0.1012471850747504 0.04190324891625389