0 0.384103987979476 0.3689917731779649 0.3861611709967151 0.2585839179626438
0 0.35293859459488647 0.5412346440411592 0.38342113824698676 0.2535800014124368
1 0.38001864887977865 0.22233258017151447 0.34522877304872995 0.1859290158633852
1 0.31674687562199316 0.6828161876318976 0.3234260643661735 0.18175915152690708
2 0.3934243693738037 0.11607278879599701 0.3931376028277121 0.1874496545598325
2 0.3284974930943821 0.788217547537934 0.3703263343575086 0.16885671330027754
3 0.42395969287433394 0.05232091701107223 0.30804496763812017 0.10464183402214446
3 0.33170006239666855 0.8620499934583634 0.3004972425806993 0.1273047422021743
4 0.46279092459805493 0.019022851275585728 0.247326980582872 0.038045702551171456
4 0.3473168257217035 0.9121628918259383 0.23821587586131088 0.09114913613930753
5 0.4651695007605659 0.002306329130837514 0.22350715232502202 0.004612658261675028
5 0.3321625989492266 0.9408863559289998 0.20802497563162797 0.06956367599836219
0 0.7892531448678934 0.402843232136906 0.3234260643661736 0.18175915152690708
0 0.7682996993164477 0.5144993885476598 0.31364258645284776 0.17857040840300223
1 0.8126104365731854 0.29099085148363757 0.32582991052001975 0.18195537576942178
1 0.762105517283961 0.6201705071956332 0.33030141623182957 0.1775401319467587
2 0.8042974950336247 0.18769900136767526 0.36686338843334565 0.18769503404601728
2 0.7371848459145285 0.7201998813221855 0.3565756306261963 0.17729475246057383
3 0.8180899421062023 0.110089139595797 0.3344367353477574 0.16831719581640348
3 0.7312175338376183 0.805536419783724 0.31676934578112864 0.15492439534957006
4 0.8103570904344705 0.0594350376326435 0.2582365715991152 0.118870075265287
4 0.7095746817780378 0.8586907939102765 0.24845309368578966 0.13500703963608246
5 0.7932022174366303 0.027939757329500166 0.20316674334126525 0.05587951465900033
5 0.7007074803284232 0.9000467391319477 0.2047301230054057 0.09080584289794849
6 0.672900593104017 0.018778066887649637 0.06994664509208011 0.037556133775299275
6 0.6042174475786949 0.9127034011402267 0.15598082673671818 0.07726597343227035
7 0.5371871652092494 0.931320721655534 0.08442026199782732 0.04513316270703718