0 0.3513813101980986 0.4024191541192081 0.36871950634783535 0.24576470053788982
0 0.3865652479303749 0.5849168686237778 0.36871950634783535 0.24576470053788982
1 0.294536052208333 0.25277781627287976 0.3425824408735717 0.1848291051174151
1 0.38580214238526483 0.734947392845582 0.34216272008641124 0.17280987434818448
2 0.27591576741365176 0.13208184363597955 0.3880876294817845 0.1816163518009324
2 0.4383548106789624 0.83041824807294 0.37033732067310837 0.1545864350066003
3 0.28881258229710893 0.0545024806592881 0.28393621303782673 0.08674454334263097
3 0.47187130292962876 0.8964133682734031 0.30615843752446664 0.10432696383644267
4 0.5150718567472695 0.9303343141053878 0.2260760170306549 0.07992219125656856
0 0.5327877506560511 0.40635309185148444 0.33039532178947684 0.17960169202256238
0 0.5584516855974067 0.5224932046529885 0.33469934915257665 0.16534650341434962
1 0.5440896265482986 0.2831006519517161 0.3304792659469088 0.18200553817640852
1 0.5943872912077612 0.6233860661629371 0.33469934915257665 0.16534650341434962
2 0.5111721810666887 0.16550678360099255 0.4049984967161396 0.1846078070568032
2 0.6396864489612042 0.7174031658410756 0.27359586541723774 0.13440174563239374
3 0.5486378273060738 0.06957806504656877 0.23189103922753226 0.10893623341758661
5 0.670818191802677 0.9213676074153964 0.10845544380705754 0.08061661985008875