0 0.3535460121170597 0.5817788857235413 0.38649138611220724 0.2741545662398781
0 0.33269645667125325 0.4009081037260494 0.38876935439397475 0.26712518034782123
1 0.33757652473052546 0.740232647932613 0.35402456668211507 0.20207504437507906
1 0.30276209103590007 0.25913639418328144 0.33715568431449916 0.19839613023486208
2 0.33807122315784777 0.8494254953631315 0.3995298064424207 0.19592055857984456
2 0.32761267545069445 0.14202132938859108 0.37768539460434114 0.1822619546852796
3 0.37409303946702466 0.9175155920746286 0.3071346703289461 0.12890260709339074
3 0.33741079358201936 0.06418278215528966 0.29279551198725484 0.12836556431057933
4 0.4120091071495564 0.9458511509629234 0.2627744980017017 0.06312386084272248
4 0.34913022602422294 0.027496521542058266 0.24885493256693877 0.05499304308411653
0 0.7946247184103051 0.48113727320072075 0.3178829557930371 0.19453506352516323
0 0.7798328209319844 0.3658258027255533 0.31539519105780517 0.18954521864798934
1 0.8070127697347799 0.5966308962453698 0.3249686163824973 0.18786998277206954
1 0.7830278103168169 0.2515520341331202 0.358706381117729 0.1952278110525039
2 0.7942443550252555 0.709229428961883 0.3875105756731901 0.19500979573243662
2 0.7667822340174161 0.1507547168657705 0.3681119692796493 0.18393719056119948
3 0.7988273545263146 0.7905048167689483 0.32716266608287914 0.17603290457232035
3 0.7574964404353965 0.07324816054153806 0.31257175199703097 0.14649632108307611
4 0.788204946934302 0.8489257347391822 0.2594353808682585 0.1468941710883747
4 0.7417184996257943 0.037199433921492164 0.2472902722269492 0.07439886784298433
5 0.7731734602961791 0.884874419386841 0.20293009989970492 0.07299312352876004
5 0.7338505088663396 0.006368242890472131 0.21979898226732075 0.012736485780944261
6 0.641828170586021 0.9140325036543561 0.08008219030939401 0.04928026556212281
6 0.637822540584572 0.001797916686416511 0.1666626111385483 0.003595833372833022