0 0.6168015764263282 0.5893439109155023 0.2318553974050313 0.37422338124505655
0 0.44217300637538437 0.5962921451768186 0.22690781553849973 0.3692757993785251
1 0.765210534950014 0.6153151026241273 0.16398814686198276 0.35303415819054085
1 0.29593594910436766 0.6197047167911691 0.1632187542883681 0.3265918504982332
2 0.8699177322011606 0.6135500082211837 0.15019457295368135 0.37424910489863916
2 0.18726039689856278 0.5924837677891198 0.1475808924615767 0.3669676216576811
3 0.9412858348058492 0.5999883792140591 0.09280776803263453 0.3005249903566059
3 0.11079196104171267 0.5746205348476955 0.09747557078148784 0.2958571876077526
4 0.973689923666271 0.5612341998080512 0.02841925898830766 0.23380257993785244
4 0.059528937410537414 0.5586936451670991 0.07896997299849653 0.23767526645950837
5 0.02748765028347016 0.5720325780091737 0.05497530056694032 0.21328708102394928
0 0.575842545932739 0.17794935653750385 0.16032529467858525 0.30969498264189066
0 0.46247708041516244 0.18788310575094072 0.1480262847916765 0.29972987412940844
1 0.688998177112057 0.17522714578560541 0.15565749192973208 0.3143627853907439
1 0.35447886544063434 0.1787259752924474 0.14865578780645217 0.32136448951402385
2 0.793075871348428 0.19509666676727713 0.14942518038006697 0.34780679720633156
2 0.2542296366000824 0.1926501900234609 0.14412787461643786 0.33083998457056946
3 0.8748066405791973 0.19747478926754047 0.14102458066839646 0.30673157825268843
3 0.1665591967641173 0.18769335942080262 0.12851573644322928 0.2895549312786677
4 0.9239455971742045 0.20371634955333268 0.10335815843405581 0.2503939450229342
4 0.10632315335912443 0.19075243224300717 0.117571401018874 0.24360207523791283
5 0.9539715635343631 0.24669293937809403 0.04039426863170202 0.15008763322975419
5 0.050178879550172854 0.2058307358344425 0.10035775910034571 0.20493070243811579
6 0.9593074547783662 0.35270697687529307 0.03320845382374616 0.06821697444014596
6 0.04249058945948925 0.3006077969628168 0.0849811789189785 0.16371559392563365
7 0.024159853625046714 0.36141626042995717 0.04831970725009343 0.0786017516291451