0 0.6016231841345975 0.6343228017116085 0.38116447922519087 0.26796455332450064
0 0.6388104275644226 0.4577599746979332 0.36629355856607787 0.25708731298518445
1 0.5980074731217855 0.7896863425656684 0.3468915340069476 0.20032668643546933
1 0.6945830078907915 0.3226482381649559 0.3293928453259704 0.18443144450113896
2 0.5732906181245747 0.8998549075982546 0.40011203219358993 0.20029018480349073
2 0.6802785197564187 0.21519653309714967 0.3770219246668574 0.17902224563219307
3 0.5246769097200874 0.9595078318714384 0.30115916268951837 0.08098433625712322
3 0.666810424699766 0.14160898347051154 0.278069055162786 0.11051372029316188
4 0.47726843831987087 0.995715900819444 0.25441914296600826 0.008568198361111822
4 0.6650520108801454 0.1016300580010671 0.28242890373444224 0.1013189542524211
0 0.43696303652348356 0.5680236139350419 0.33660438378750884 0.18506237236310474
0 0.45785020042190705 0.4564098550718652 0.33934411274338205 0.19248422011196523
1 0.36816689094915045 0.6718254178210106 0.2964107647761782 0.19591019140170884
1 0.43803992110595946 0.3376150690934464 0.34392788318305634 0.1880971463789168
2 0.3577051714740031 0.7927990300155976 0.4237026499960155 0.20465273747592505
2 0.4322608554440573 0.2284956003774208 0.3362685009854818 0.17785083390156628
3 0.29466838614643887 0.8765887601685178 0.23877112362352745 0.14059230856253507
3 0.4338876029145356 0.14174682955163734 0.17515151428343748 0.11108580555370337
4 0.2720787888953993 0.9439817212355055 0.22814809060206181 0.11203655752898893
4 0.44876183750099613 0.08150029906517008 0.17917548005306663 0.09467950105142416
5 0.4633825030222626 0.052608923222363775 0.13092730164778252 0.03539516305384589