0 0.6133694967214055 0.3781213594013637 0.369421836863635 0.20039556306677261
0 0.602311875673294 0.554161686867489 0.3549987599405581 0.19997589439025548
1 0.6548967051588014 0.23609746381297353 0.34269631290895713 0.14200380758026981
1 0.6163530311093823 0.7005864679138459 0.321061697524342 0.1413743045654943
2 0.6644494814524863 0.1311104874441488 0.3753425106567221 0.12134841910752751
2 0.5682827358871543 0.8054906376764597 0.36114335560166333 0.12573644273870271
3 0.646443654641121 0.05460707919758892 0.2848327498882884 0.08510661611515953
3 0.5441092940722029 0.8808142334090149 0.2846088280202703 0.08029892380746709
4 0.621535838900416 0.017382652212148974 0.24469179741661462 0.03476530442429795
4 0.5330713784392247 0.9280739296958221 0.2547550257680353 0.05782497106981775
5 0.6267057472799635 0.003280757709855552 0.21735380225223475 0.006561515419711104
5 0.5371546386032061 0.9640616772240949 0.21595760450446994 0.04949431613756708
0 0.19803426957888987 0.37576375692815217 0.28969973659033277 0.13806117627919448
0 0.18881737608723195 0.4879622717585154 0.28444420054660446 0.12830590210497086
1 0.20129752815293683 0.2649420271232608 0.3134023153267673 0.1315490856118511
1 0.17686075363970089 0.5930191929067596 0.30378693071138263 0.13126930649417298
2 0.22423939969378914 0.163176123698398 0.3661749697773736 0.13068402460523407
2 0.18620286377475814 0.6902350725786899 0.3128425106567222 0.11952985484262021
3 0.23862951549234243 0.08452653785275169 0.30037543615145534 0.10956474633013812
3 0.17198068937721833 0.7724904276551053 0.2767848183490299 0.11848068315132784
4 0.2530492784880718 0.03773998010442503 0.24167548005306663 0.07547996020885006
4 0.1654442304470816 0.8388759760035528 0.23731563148141033 0.09572695129599997
5 0.30235445791174637 0.011065727510940471 0.1431704542850312 0.022131455021880943
5 0.16846717566532485 0.9037798221573989 0.20248950944781718 0.12112008729701529
6 0.4059997448621535 0.015081916682099837 0.07642256664738398 0.030163833364199675
6 0.25755109148881766 0.9300729915547407 0.16358012725024265 0.11038558621091846
7 0.3222606629718218 0.9498540702847389 0.08005798307532921 0.06954592524911672