0 0.35201273270762906 0.3705584605591587 0.38460815843405555 0.2519876451794382
0 0.318622190754005 0.5443897661949632 0.38701200458790186 0.2520156164618157
1 0.37178456270150045 0.2242035579983194 0.3419941543331832 0.19141597953286504
1 0.2904019268319622 0.6894448461905577 0.32736124307184783 0.18403661337706095
2 0.40108897070454563 0.11640809338734016 0.3774922884055195 0.1726047795377599
2 0.31408705138266174 0.8014614482446135 0.3629293219236036 0.16762925953580202
3 0.4425746095985789 0.055613499547060186 0.31303383458177325 0.10456983388824982
3 0.32728248157523276 0.883318088246082 0.28708114034540205 0.12108907285901929
4 0.49847046358889774 0.035838132375241645 0.25174861948548777 0.063005167213425
4 0.34098038705053174 0.9411502523502778 0.25272784639736084 0.09665901336727135
0 0.7831590290713785 0.5702209160015337 0.3101845960978272 0.17182158363118696
1 0.7912890984014975 0.6844595508739812 0.33188915626186216 0.17447717132643156
1 0.8329990239964473 0.3534000924202746 0.3340019520071053 0.18666422978992792
2 0.8314952112389279 0.2476308616510438 0.3370095775221441 0.1818565374822356
2 0.7812504320189314 0.7936807088209044 0.3945989906001206 0.18241596312978786
3 0.8484748857014814 0.16490795396118355 0.3030502285970371 0.15980235286195613
3 0.7704773454524604 0.8776614821524429 0.33655695901071536 0.1697254215834945
4 0.8623384043892023 0.11219116627083378 0.2753231912215955 0.13062054362727102
4 0.7518632174096752 0.9367896795279702 0.2513731719348073 0.1264206409440596
5 0.7419202194601116 0.9650348718356625 0.22819977140296288 0.069930256328675
6 0.6303162352548141 0.9706948461905578 0.12448466289048071 0.05861030761888431
7 0.574315464095366 0.9873819128555928 0.058601589824761345 0.025236174288814358