0 0.6645374943529136 0.342729255705444 0.39490998156784696 0.24850284173718096
0 0.6699251366850097 0.5319330613848913 0.37327536618323126 0.24724276888326308
1 0.6675480463534371 0.18782118687724678 0.34671857992180743 0.1737273033190809
1 0.7019382422301198 0.6800033205296394 0.3298916568448843 0.17274724665492266
2 0.6499007784468458 0.07917730386205911 0.3944597263690021 0.15835460772411822
2 0.657001565979279 0.798969996604134 0.37738097081978267 0.15872048547559486
3 0.6091498724005776 0.02777462774412633 0.32496948596807557 0.05554925548825266
3 0.6311850099289014 0.8856366119670303 0.29645910875165005 0.10842714142148543
4 0.5642322928943895 0.006700044739030014 0.2705738757496826 0.013400089478060028
4 0.6127211757820527 0.9334916686311886 0.25441850593221627 0.07239315765468336
0 0.17997933883220738 0.4105343443147388 0.32027627222949967 0.17218721427540346
0 0.1877174175724018 0.5324304576864939 0.32019232807206754 0.1697833681215573
1 0.1763506433179751 0.6518408665865179 0.3467185799218073 0.17372730331908096
2 0.18788533136196578 0.7617177491890419 0.37577066272393156 0.16861588628073895
2 0.18535942398548183 0.18739667629168583 0.37071884797096366 0.17328357049355145
3 0.16871565642926506 0.10070635238789946 0.3374313128585301 0.15435652599343186
3 0.17182909648367414 0.8500181661839457 0.3414072226695225 0.1590242102062443
4 0.15642932598189588 0.0544613888148584 0.29156747228652563 0.10574327907787984
4 0.18643149938864692 0.9127400325967104 0.2659646061685388 0.12824165157266412
5 0.18380252563537838 0.9536754212595349 0.23552351333117535 0.08088847751102982
6 0.3048609797748808 0.9562203970834913 0.10744811391787251 0.05423727925163281
7 0.3536361609841344 0.9677733080615328 0.06557539941330284 0.023010987792522777