0 0.527591688868388 0.6801269250161657 0.22829201584225345 0.38464833131524484
0 0.33874975769658516 0.6693354472816331 0.22024042881143643 0.3697209744983447
1 0.6879493407016816 0.7034084067474523 0.16637575676266264 0.3491959988667166
1 0.18789119092468665 0.690163662809283 0.15097262317542734 0.33136051600214683
2 0.8123774540517174 0.7012479038991128 0.1524890036782147 0.39850011501189786
2 0.08528399656069573 0.6491977581949977 0.12380656646783071 0.3581895502730073
3 0.9097795187890364 0.6658202814754797 0.11295481753941826 0.2951852703791836
3 0.02824150832293062 0.6214865140931664 0.05648301664586124 0.2904281180541615
4 0.9548688547917041 0.6375959608384201 0.03901932769059668 0.25889247144094985
4 0.0028261135889462974 0.5937247300086649 0.005652227177892595 0.22591099847886817
0 0.5014627170267142 0.48641570966730896 0.14448483372917773 0.30217817556011073
0 0.38855195184338487 0.47731340158715274 0.13302563533946618 0.31095309368578966
1 0.6234632756820139 0.44305363560770267 0.16159177299586028 0.308162520953391
1 0.27776501662414216 0.47318687911262997 0.15155636409583645 0.30027860930008793
2 0.7492451744742976 0.4590900722111505 0.15713297935013715 0.4371297467713776
2 0.17355958343947891 0.48038194422423824 0.11708617791360186 0.24280493488839164
3 0.8484091946680586 0.4141311118211034 0.11792622648288041 0.2572280118114686
3 0.08797747002428563 0.4164701845081087 0.09057498774908469 0.11646018850486274
4 0.9265341946680586 0.41959414400419015 0.08669993502377064 0.21434550762079047
4 0.0284100305186926 0.4008622178244788 0.0568200610373852 0.15117313442902586