0 0.6099238082676195 0.4180610740293441 0.39210832003132734 0.2580003450356939
0 0.585677246241954 0.6086120233836196 0.35828664618321543 0.24122396194144125
1 0.6429194872202779 0.25576795197842844 0.3625069415609779 0.19107937930655425
1 0.6415259754932817 0.7562722318722519 0.25148247796601314 0.1448855491397236
2 0.6474885815624465 0.1315496418104987 0.398508691303915 0.18879308646797888
2 0.6836220965332811 0.8591838765764833 0.157312908730349 0.10227221821232746
3 0.640276201035594 0.04894761784510631 0.33307339078489445 0.09789523569021262
3 0.6254830903882456 0.9282060085298873 0.11845977231552414 0.06592887929142294
4 0.6096127559002096 0.0032871759176969664 0.2384562810311885 0.006574351835393933
0 0.3719849959604167 0.4383080797562852 0.311802402071188 0.16831865081902136
1 0.38137576825146635 0.31495550606939626 0.34319225848307594 0.18252309446148673
2 0.39322632926111745 0.19624253139225856 0.4272709313029361 0.18359866758173402
3 0.3559099292464329 0.09059085393829859 0.22733213129804114 0.13358923154492783
4 0.38386100205650325 0.028544033883011743 0.2004143118053142 0.05708806776602349