0 0.5824285570648293 0.48658693467626446 0.212982703544001 0.37021377308273695
0 0.41223801198472 0.5042905907090318 0.21289878496261536 0.3654060807750446
1 0.7198734640331659 0.4501662462856973 0.14491974400383775 0.32302431565687273
1 0.2727729757709503 0.4937662750521591 0.13749840908883512 0.3105850606030026
2 0.8227353371602366 0.4273404405193734 0.1433131243731553 0.3685573844850698
2 0.18450201672972785 0.5270475140031461 0.12138479395369021 0.35047038855422896
3 0.9106435589383925 0.44206612059786965 0.09853335913898266 0.2794987772387725
3 0.12012266170954208 0.5533153723644694 0.08402636363452008 0.27385103636180147
4 0.9603210183538204 0.4677728250044433 0.05413122752104563 0.2120747853770905
4 0.07843298763346986 0.5724998460886888 0.05902283841012347 0.21716249387454228
5 0.9797229782707242 0.45234598287631794 0.040554043458551695 0.20698707687963874
5 0.046805354017234374 0.5490451254706363 0.05139170704165671 0.19270400805144142
0 0.582095612508101 0.6738769225339448 0.14180258990821343 0.28201892294660824
0 0.47767516233321816 0.6762000319451366 0.1347169293187535 0.2888104371235076
1 0.6962573251704468 0.6793253839638107 0.14661028221590572 0.2822989391363677
1 0.3772800742960329 0.7027716150371094 0.13480084790013913 0.2936181294311997
2 0.7968412300157498 0.6635711085641456 0.13622746378369535 0.3753488986619689
2 0.2859907760937409 0.7694966879996229 0.12999315559244684 0.2933381132414402
3 0.8874260333372553 0.6940617967375216 0.10237598776073999 0.2244903318900704
3 0.20807557254720507 0.7769656556852612 0.08450008241649602 0.16341412137975825
4 0.9519312662295196 0.6750054768377367 0.08044765734127478 0.20640333595922955
4 0.1465886788160104 0.7625781415735193 0.07016092407480481 0.16738176511817215
5 0.9828130694288247 0.6471275253852963 0.03437386114235061 0.1635778380155281
5 0.08754759052935471 0.7507344817105035 0.08424832667233909 0.14899104445668135