0 0.6361528471220682 0.4748837254755315 0.41113509544197 0.2822068998720966
0 0.6016462904715224 0.6506083979782473 0.42592247750401013 0.28802315196743566
1 0.6926224615456067 0.33656149166403704 0.37737082221981366 0.2152859341429569
1 0.5840935959332263 0.7976297399414153 0.3653515914505829 0.2144454676532512
2 0.7267661324654658 0.23493581668569916 0.41510375040342606 0.20836004229463037
2 0.531921078859521 0.8979947151851947 0.40512406064907797 0.20287997679517333
3 0.7192799457414285 0.15191907772903626 0.3291834720745804 0.1473564086261704
3 0.4955005008211421 0.9494851641364905 0.3095883977048481 0.10102967172701884
4 0.6912341276743722 0.09735352936500956 0.26617287711672116 0.10469253771610365
4 0.4725370233242772 0.9794491944105969 0.25936150654473167 0.04110161117880624
5 0.7008674436650497 0.08248494920574466 0.22497905011295918 0.06594535264135325
0 0.20198396809033842 0.3620304261343179 0.33614113246546595 0.2076206557702654
0 0.18437606001788714 0.476767938318504 0.3108276029406333 0.18911279971393105
1 0.22088487552445357 0.24857888367602554 0.33799852091086735 0.20057721060666805
1 0.17565492628289417 0.5825624390790699 0.2769916042173056 0.18435564738890903
2 0.26112923811366895 0.14857536501946356 0.38866144271111824 0.20651101601727795
2 0.17378102587047653 0.684053527425767 0.25721437727809165 0.17579936254384165
3 0.2790476571992049 0.08526840519605815 0.33694146824456356 0.15507222698153228
3 0.15972367349463937 0.7667593497778827 0.21525607724581766 0.1585186995557654
4 0.3063634455800581 0.05131187911262998 0.2617653526985778 0.07808213672585484
4 0.14531994735513187 0.8291165264712768 0.17551947079790808 0.13900228371178422
5 0.13120738144513958 0.8795385190444105 0.1378224053648816 0.11484626885805173
6 0.4665103750403426 0.05055489930545497 0.08686690392683903 0.0419409577356319
6 0.18516698087135158 0.9132006018732218 0.1670687271005843 0.09058917403897865