0 0.6130151841306637 0.5966743769696414 0.3899344009452903 0.2501161047014166
0 0.5779151905558194 0.41540200767432406 0.38976651263042617 0.24530841239372428
1 0.6722223161955594 0.7474074251675922 0.35144232807206777 0.17767227769765434
1 0.5618513730240065 0.26434193649627236 0.32972376853002017 0.1736290584184742
2 0.7001222089758969 0.8598058739393312 0.40407511098438675 0.17446809576471076
2 0.5089209560218645 0.1560405011295924 0.3819368306551787 0.15840564571629964
3 0.6970086670226885 0.940536672684215 0.31834555660856156 0.11892665463156996
3 0.4775564774527481 0.08173928568042885 0.3156898779824193 0.11502598787875865
4 0.6723711587151706 0.9767309794190185 0.2568223520860624 0.046538041161962966
4 0.4428113572522848 0.047939149707686785 0.24619963758149274 0.04742571593327453
5 0.6793461319102551 0.9935944749506656 0.23485196007171866 0.012811050098668795
0 0.18183387127213357 0.6071561452321886 0.31770453776078933 0.17271829557106627
0 0.1657013767887306 0.4884569208463192 0.3031975166802804 0.16922153400033074
1 0.2002862677519506 0.7236336760336933 0.3225122300684816 0.1730826007100297
1 0.15110658201197902 0.3794641573605752 0.2813950129808008 0.1627744685673043
2 0.24244134914050083 0.8323173479146295 0.38003664944592513 0.1726465700698949
2 0.14977491316009736 0.2726751560839029 0.2859508728161968 0.15592723524472893
3 0.2572727091837065 0.9137569569158834 0.3459630825049186 0.15807720332792222
3 0.1250343639504948 0.18209347526626107 0.24201008878750935 0.13341771976329136
4 0.28912558549157324 0.9530532744988286 0.2656288295388105 0.09389345100234273
4 0.1075625924869889 0.12802486818001543 0.210424312157781 0.12143435174464626
5 0.3226268105363974 0.9853782585404253 0.2082417640645468 0.029243482919149518
5 0.08785486318450106 0.07858180083198053 0.17335928996090366 0.08985590935626876
6 0.4509807472948704 0.9857260517123722 0.06691850593221624 0.028547896575255676
6 0.17123398115222763 0.06332252537922028 0.1532051349983815 0.06195638110810848