0 0.642362546451458 0.4479092310844427 0.3673552697148803 0.23269245021146945
0 0.6349537628616984 0.6188325631453662 0.3546074286677232 0.22251726092603974
1 0.6722077006132073 0.3043798746549036 0.33136930290835936 0.1687369580693524
1 0.652365845214205 0.7537838305627778 0.32066100287608523 0.1538660374102392
2 0.6792715298475732 0.19212685149519299 0.3718703823847808 0.16583260163981323
2 0.6109374909233594 0.8392849964979822 0.3430600912892125 0.133351031365714
3 0.654411962338168 0.10114291372089462 0.28205317459565077 0.11853277724625808
3 0.5809087647838519 0.9013634860317746 0.27061626428545055 0.09404647197176039
4 0.621831680817642 0.05052053635894032 0.2388556693275916 0.05424140230211388
4 0.5620064379414601 0.9364135299333858 0.2229395090980762 0.06547690653328157
0 0.46466008363632416 0.44202796812162204 0.32565084775325914 0.15649380543210364
0 0.4529886460390403 0.5408918960341653 0.3276903887681421 0.15179807405842022
1 0.4328069929854478 0.32197395463315187 0.29807976189347624 0.17197719730091848
1 0.4280960545956026 0.639140038809659 0.3398917721068545 0.15476172488231135
2 0.44735558953557447 0.2136625835062374 0.39794838493812534 0.16225647960622
2 0.38564792979731555 0.7269890704317051 0.30292331695175423 0.14106308010294555
3 0.39181041110990683 0.11286567251836489 0.25116747973461406 0.12188497741183321
3 0.3578229658668798 0.8023446942786558 0.18979625790208912 0.102259030984685
4 0.42562705904966514 0.053358970539432164 0.20221565656086873 0.07648848889643124
4 0.36700231984212994 0.8602609238389817 0.17763073731396245 0.06815734109480277
5 0.3783122911170038 0.9146833451025471 0.15024180402366127 0.08604457911746376