0 0.4457605956104856 0.642158084987365 0.20837581998920987 0.35064976272822845
0 0.6183821372637048 0.6472397427946746 0.1965746045400465 0.32118742703807857
1 0.2997455828437629 0.6567227506743909 0.14387214172491242 0.32020227304994775
1 0.7564032071650841 0.6692414879177687 0.13261738398419382 0.29795147582133663
2 0.18778458412043517 0.6471557905840933 0.14012150208352395 0.36541321359002793
2 0.8487139179845244 0.6404705143964583 0.10908951740359121 0.3347185142118866
3 0.09452582829472478 0.6160616784507483 0.09954585828937795 0.27191042328988857
3 0.9096656211439311 0.6240430040747389 0.07015324673477935 0.2628503392963626
4 0.04897969040697433 0.5832407832296902 0.026919878716134268 0.2289815664593805
4 0.9475075569875769 0.6025462926427602 0.05022972997666933 0.22090663645398537
0 0.4552999964998691 0.468140747636086 0.13298168912315683 0.3027591681290289
0 0.5598673041921768 0.47484172518954054 0.12300199936880905 0.2973352939773407
1 0.34086200671324723 0.4416698417383658 0.14667615576830756 0.29406805627963795
1 0.6612110791679713 0.4705713495896884 0.12635247112064882 0.2784126156685694
2 0.22760800862825564 0.43082393584064566 0.14303594319522916 0.40387475205156637
2 0.7522840041599027 0.47281930787687954 0.10471785573603344 0.2770262065195789
3 0.12826649250848193 0.3825948097083798 0.10384295563921118 0.233911021211347
3 0.8274393495140424 0.407066369281883 0.08767007852248991 0.1467563778288897
4 0.05901033547064739 0.3841371067240254 0.07466835940467988 0.19615882883266617
4 0.891396570069895 0.4303023204986251 0.06308515927558361 0.1380043847573616
5 0.9444633380239918 0.43609516679444826 0.06607132588846007 0.11427401414089808
6 0.970032165027754 0.47361629098163066 0.043197505268059405 0.06496472737598324