0 0.4377918099699792 0.6050995373257222 0.4173241080188036 0.2955725430615907
0 0.40108767623194486 0.42448684335690057 0.4245356464803421 0.29603467944458745
1 0.44151249429845146 0.7649553065564915 0.372264472760684 0.21587664784053226
1 0.35557943491255367 0.27934610046284375 0.3699165767471155 0.2181264485333797
2 0.45372956043675283 0.8761179708663419 0.41312985737606855 0.2184954206775148
2 0.37561846636020313 0.157690360891046 0.3960231835977566 0.20539787168129134
3 0.4994875675092957 0.9285565913763226 0.3168061509232907 0.1019107246216322
3 0.3748621345274039 0.0747602121205665 0.31317341156143175 0.149520424241133
4 0.38204469297975435 0.03638376714370868 0.2592816936518164 0.07276753428741736
0 0.8487855126250002 0.47357427395859736 0.3024289747499995 0.2099297560837104
0 0.8360524150977031 0.3566330624556301 0.3278951698045937 0.2015467351563174
1 0.8633774449079596 0.5893135623846415 0.27324511018408076 0.20583140985887574
1 0.8230715616953528 0.24698041214470076 0.31412456394615407 0.19294878754578831
2 0.8502971713515495 0.7068243736121738 0.29940565729690094 0.2100838015447094
2 0.7894436807335471 0.1468195415992256 0.3260318944348292 0.18891132254309081
3 0.8717929163245195 0.7884476795013751 0.256414167350961 0.19063810563080408
3 0.7862275526066239 0.0738244038603507 0.28969445142574773 0.1476488077207014
4 0.8895150416458871 0.8354462843513054 0.22096991670822583 0.13078916148451086
4 0.7812789800091882 0.0320114554192569 0.2596733446337609 0.0640229108385138
5 0.768588347556624 0.0031653015731030573 0.23429207972863253 0.006330603146206115
6 0.6688007571018696 0.004197037680664836 0.17413997574220075 0.008394075361329672