0 0.4418414765500786 0.41581747398750035 0.37587773891337545 0.21031559796474397
0 0.4433926122072251 0.5946242617476499 0.35129281966646914 0.2025445581004277
1 0.4157606351801808 0.2616356192996798 0.3299120823525067 0.14205675327232933
1 0.4337069214989458 0.7359756086322118 0.3140317848735771 0.12249028319989354
2 0.4129358509449398 0.1451889561888358 0.37522085413662043 0.13831211362991483
2 0.4686372550474396 0.8327728813992524 0.3491787143338615 0.11131030453482921
3 0.4444755917661784 0.05473800458712644 0.27819210788595217 0.09286082738985064
3 0.4892714507081829 0.8992423265418272 0.2665730450062701 0.06619471913643174
4 0.4717003038622909 0.0181777659559833 0.24147753080150489 0.020018090950854904
4 0.5091949674662928 0.9404993621391563 0.22202874625066826 0.04836069353450894
0 0.6395585324080629 0.4600128968884621 0.3197502400286773 0.13462141424967966
0 0.6403617070037139 0.5656142772368594 0.3167999361663864 0.12735392564786352
1 0.6593881340648788 0.34169391395641074 0.3017945387842792 0.15100073620438054
1 0.6605778033996155 0.6740671048613253 0.316982088735868 0.12975777180170966
2 0.6506448107297633 0.22630929857179538 0.3963090118127911 0.13160412643087638
2 0.6797009843786277 0.7680968555627141 0.2595077963636277 0.09962476472916694
3 0.6879209380813948 0.13239245309001124 0.25746825534874446 0.1043765068965814
4 0.6775575924045145 0.05896324511714801 0.2142348873300995 0.07217535451185915