0 0.4028366614846179 0.3705239097452924 0.20832681645692092 0.35684386418491126
0 0.5844669025118905 0.34687424667064054 0.20832681645692092 0.35684386418491126
1 0.25038822969203034 0.3634788734418031 0.15041073850559233 0.333916003890167
1 0.727971260466156 0.29684315712581805 0.13598766158251535 0.33299173112417324
2 0.1300560655878346 0.3832003772609816 0.13895093338391376 0.3812226996620953
2 0.828611129180352 0.3180174785330927 0.112312826714963 0.36270127651418377
3 0.04282084818587501 0.4202270820484424 0.08564169637175002 0.2845458359031152
3 0.896938931229513 0.32925218289462244 0.07074816004013776 0.29998634983104766
4 0.0076573948489521 0.45851843354061955 0.0153147896979042 0.2464246713802993
4 0.9398305496866459 0.3589312876735643 0.05543000208097755 0.222139000141977
0 0.4404722050507029 0.5422610057926558 0.14308731491454346 0.32383848289178563
0 0.5558987773588847 0.5312610544339367 0.12872018055622178 0.3277219024334842
1 0.3221942460706332 0.5918765410739123 0.14783906465748053 0.31933888150609124
1 0.6591522768447589 0.5342524842263662 0.1287481518385994 0.33012574858733035
2 0.20320386145524857 0.5995017913933606 0.14155057851440317 0.3982036682000174
2 0.7562842758165071 0.5472444122866778 0.10638628311216645 0.2662393394383397
3 0.1087266081134308 0.6680095643723198 0.10107510772167695 0.22266201774711109
4 0.035789859961819936 0.6571599736632875 0.07157971992363987 0.1993329022915072
5 0.9572571712040594 0.5127470009086496 0.0684545148851743 0.10287096521566305