0 0.39025198898745966 0.6861877982908573 0.20156106527019105 0.35212230739016637
0 0.5729163263441378 0.6920583633524742 0.2015191097667467 0.3449107689286282
1 0.23637786480567619 0.6901004398584027 0.13648939710256733 0.3228985540130132
1 0.72421178977439 0.718179813540191 0.13637751576004903 0.30366778478224393
2 0.12468292965871883 0.6750270526319377 0.12229008286452718 0.36127618146766294
2 0.8338175450433342 0.6791526771373028 0.11261875757788321 0.35160485618101917
3 0.041262759865382186 0.6396818025276507 0.08252551973076437 0.312975495705703
3 0.9169040741969893 0.6531928577346056 0.07860129706085263 0.2889090638316119
4 0.01788120053664137 0.5914580351886722 0.03576240107328274 0.255031454992729
4 0.9723603577492284 0.624668362748192 0.04946145469058786 0.23826047258706523
0 0.40619325797359135 0.21871663979076186 0.13643345643130816 0.31328316939762857
0 0.5203409873617467 0.22539055064658006 0.13402961027746202 0.31326918422981376
1 0.2908505980924204 0.21083381327411316 0.13648939710256733 0.32289855401301326
1 0.6369904590784518 0.21525152359329003 0.13408555094872115 0.32288456884519845
2 0.18125183540738363 0.24865902660007838 0.12441422566207741 0.31321324355855457
2 0.7464074145818962 0.20867631026732478 0.12240196420704554 0.38050695069843216
3 0.09724308653310144 0.22653493034194513 0.10985129706085249 0.2890908710132043
3 0.8317229752917122 0.21277855295551928 0.11240898006066129 0.3155471638733268
4 0.9001696574211612 0.22399443793054868 0.09998417942480159 0.24576569957271432
4 0.0456792681518349 0.2058015569262347 0.08082333603310632 0.25767304899942667
5 0.9542282255470701 0.22911679651407388 0.09017300246000969 0.21205591274760904
6 0.9596924193869084 0.32290175943361094 0.07765030564944635 0.12544752537007342
7 0.9833392962265557 0.3903493034194512 0.029181797873708986 0.05786012970608526