0 0.6728299513884916 0.36975370042357053 0.37508158865114566 0.24223240415216551
0 0.7088753732658574 0.5461007373427316 0.36046261327823986 0.23725688415020763
1 0.6497342779170437 0.21610334555405994 0.33647721649567797 0.1793128349165015
1 0.7592724552193353 0.6910159609264382 0.32465388417627605 0.1839806708123057
2 0.6225879735592696 0.11059984196741644 0.39397362573815653 0.1751764533858717
2 0.7458961972489254 0.8054084378519626 0.3693474688502084 0.1604736636390188
3 0.5729703952616649 0.04804726766391739 0.3094023289848683 0.09609453532783478
3 0.7336504455084738 0.8885229434951092 0.29767694589038085 0.11158557337314516
4 0.5132925706931186 0.028998311768602607 0.2525466798477757 0.057996623537205215
4 0.7190273799921258 0.9428052809332909 0.2607377105584584 0.08953138875286562
0 0.20851419888759137 0.45452103792293824 0.31925849651909693 0.16950165132447353
0 0.2347034532307286 0.5660481425353859 0.328971830359396 0.17201738260783017
1 0.25243027142294705 0.6764712235592322 0.33858721497478067 0.17212926773734066
2 0.18748363942623134 0.23350704818098014 0.362821574963071 0.17721667286880896
2 0.2676063196239477 0.7833165066346867 0.38435824112277195 0.17506456825636116
3 0.16126785270514438 0.1508400830558751 0.316462853465593 0.15985829542671134
3 0.2724813386351626 0.8734467517627287 0.3550223411520459 0.16270968209859923
4 0.3037762231041776 0.9332072502203512 0.2527874627666196 0.13028488823873977
4 0.1398822005262573 0.09817923793028058 0.27682592430508113 0.13056460106251577
5 0.31336507534161256 0.9619555045781835 0.2239943736763651 0.07228489644027838
6 0.4240399476434501 0.9630726717426596 0.1324523213803824 0.0664142954022368
7 0.4862195675907571 0.9839940194266461 0.05617000456269153 0.022277954879300503