0 0.4992370233836195 0.5592795366564967 0.35138121173995146 0.18972074158253951
0 0.5025060460520666 0.3925060335152013 0.3555165308558792 0.18027324528201907
1 0.5240912413868914 0.7010911925275777 0.31850081874321035 0.13102110400104677
1 0.5216187020011251 0.25635294919316526 0.30838115423400253 0.12347378890977996
2 0.5287143670467125 0.8064407025096479 0.3511461051094097 0.11777324528201906
2 0.49340261803903057 0.16261821639900745 0.3453298530140707 0.10318228004407796
3 0.5072901482677435 0.8899190318406488 0.2672301230054057 0.0836691439293281
3 0.47664270829470795 0.09366217535435777 0.26778494288189947 0.05731078039445254
4 0.4880511423620092 0.9421473611716498 0.23122297068038383 0.048840079571432736
4 0.4674810635904765 0.05321651152613359 0.22384333892090424 0.04618440094529035
5 0.5018271160846568 0.9680440318406488 0.2012001637486422 0.031005826605324617
5 0.4876951226175573 0.021336930345392944 0.18487752056554244 0.03762975596483852
0 0.34184387696433194 0.5467910048931682 0.31749225895556366 0.11659802707796985
0 0.34186035031426204 0.44367745275007986 0.31766035225350475 0.119001873231816
1 0.30406350833596296 0.6584172299379923 0.2901589447908799 0.13722531257340018
1 0.3093408539382986 0.3428990698092477 0.3078768743401789 0.1162622504482415
2 0.29907124938039936 0.764102516549791 0.37484838005198906 0.11380499454864762
2 0.24291537146157724 0.2469016743032341 0.281098380051989 0.11053117240879623
3 0.26176989065451867 0.8517322521348697 0.20747015575513422 0.08637823230121838
3 0.24863054359157571 0.16517090507246482 0.17331202970746473 0.07799147563563064
4 0.28135387979754023 0.9145947336374719 0.19735049124592627 0.07883091720995157
4 0.2660540298862578 0.10461305836043452 0.15737611310291763 0.05585319530642273
5 0.29697064312257515 0.9656058726857075 0.15687183320909423 0.048641656844884334
5 0.2845953926088925 0.045215162646611226 0.14876928827517977 0.06994049559977131