0 0.28753814525574206 0.34241623242498237 0.42272314319823084 0.254498320924446
0 0.26260100053637936 0.5448431335510998 0.4077957863813305 0.24661501685885356
1 0.3002544592416326 0.1776967904195163 0.38402649810615075 0.18081548323293525
1 0.21871873319945945 0.70981614462176 0.3476326192025762 0.1743283769151079
2 0.33389950875407376 0.0690364589301368 0.4235471363380064 0.1380729178602736
2 0.24757368368701826 0.8282730578369281 0.406384026665201 0.15789663103456392
3 0.3606862397172288 0.011034601705630533 0.3315121359501578 0.022069203411261066
3 0.2679646326534452 0.9135799491012904 0.31888754532176294 0.10590107526732541
4 0.29465084361769955 0.9602573605031008 0.26280915727626614 0.057764857796050034
0 0.7750739712167631 0.48024203092580486 0.3373448613954271 0.16426514856368707
1 0.773712751483304 0.6025023019699316 0.3610471363380064 0.16057706559608498
1 0.8192501218418602 0.22540469142093647 0.3352772018374631 0.16896087993737036
2 0.8072220944312244 0.10616405166770537 0.37580639985696523 0.16605652350783126
2 0.7473632870813719 0.7223323935903838 0.3758063998569655 0.16605652350783126
3 0.8330337722730329 0.044169710983371975 0.31508841280171723 0.08833942196674395
3 0.7501708931301407 0.819240319085117 0.33650439490572137 0.15224591779445645
4 0.7477840802926645 0.8876379735357234 0.2753996812719208 0.13502381752115428
5 0.7447584009297242 0.9309072043049541 0.2399473488233923 0.07347217153288291
6 0.6190019810889892 0.9475464805657303 0.12304989375730703 0.04646343131583509
7 0.5504335890467384 0.9687102328718289 0.043605417365112996 0.006822989119854401