0 0.5870015747866487 0.5438936183576911 0.21365022187849575 0.38148798651509924
0 0.40556713084252327 0.5376306517802699 0.20167294661270946 0.3876479785400282
1 0.7422104811395958 0.5851027981591866 0.14623064822828516 0.35636855723931593
1 0.2590723671360558 0.5488402467920935 0.1388792580885987 0.33169916783888864
2 0.8552541836255316 0.6058046423556251 0.13444916531190587 0.39618239541809086
2 0.1519473764439392 0.5130391758139599 0.11751036089246444 0.37547946117606823
3 0.9452445775487995 0.5872489329378899 0.09783206629162186 0.29687390995441565
3 0.07618426709434098 0.4992028948017805 0.07377961958534539 0.2923669709273503
4 0.9854238875861097 0.5668908839275623 0.029152224827780716 0.24311863611980053
4 0.03165017999302055 0.48449486529401703 0.05194921185132287 0.25682034118760677
5 0.0113643319473836 0.5079476209671653 0.017973706837736393 0.19858754962663822
0 0.5487420199032754 0.3687588244042012 0.1462865888995443 0.36598394185470057
0 0.43580320617595053 0.36608582636160886 0.13186351197646737 0.364722086130769
1 0.6675436047531602 0.34671721104971387 0.14841073169709446 0.3181173280650995
1 0.3238565380083268 0.3274602906549851 0.13661526361290052 0.35552732009002813
2 0.7804964036482999 0.35179405524615237 0.12969741367547272 0.40537716145883174
2 0.2128950228164968 0.251680294207407 0.12437227015863304 0.3160142351918801
3 0.8703609310612348 0.3116037304438017 0.10219223322924073 0.2203714516059828
3 0.12394572254028172 0.24269692749957242 0.08997721011060265 0.18566605901552688
4 0.9414422146134738 0.3466540082659526 0.08536531015231766 0.2188992865947292
4 0.06043959181276578 0.27077757753938736 0.06592476340432629 0.18115911998846143
5 0.9812035723266389 0.36695103458368755 0.022557636460392088 0.1605466297397435
5 0.01964413303645515 0.27922155042414526 0.03696672821565408 0.15940463930982898