0 0.5416625024038046 0.43523914487321613 0.2783290522474934 0.42017497271204307
0 0.3532643040575313 0.4593583139534894 0.2750851575243685 0.4055978503279673
1 0.6968968829283112 0.4005498778004959 0.2036935219242727 0.3722843781128437
1 0.20366581013955065 0.4594228799869387 0.1925380482652108 0.34522588857654013
2 0.8199012067886593 0.3806849428117124 0.2178128741167002 0.40911229772553087
2 0.10704564419451541 0.5026939531618256 0.18502278507302267 0.38066739904023666
3 0.9169069557822291 0.3929333993667855 0.14686497134213392 0.34229902481756
3 0.05037744552245504 0.530832603330778 0.10075489104491007 0.3098166611295684
4 0.024098854465917214 0.5636857815685608 0.04819770893183443 0.22352540929096762
0 0.5422010693928946 0.6331247567935955 0.18546651789855198 0.3471675983473895
0 0.4255563811543613 0.647365190050261 0.18717032357799931 0.33530241303915775
1 0.6640971827646496 0.653000306073773 0.19578194298833568 0.35980301096061607
1 0.316415101837571 0.677769782420423 0.1939381292140085 0.36926435011500164
2 0.7818037859852262 0.6412407417014532 0.217229133196291 0.44020825226453186
2 0.21394903714369023 0.7592713258653497 0.19323808873960965 0.3572451193457709
3 0.884317267760887 0.6417780584092934 0.1634355867701875 0.2978583115824747
3 0.13356019908472383 0.7517069567680387 0.16285184584977835 0.3289542661214757
4 0.9361399681634592 0.6426861896669247 0.07479700380852951 0.2562549826788199
4 0.07071017884752441 0.7537113901666813 0.09787911722372272 0.20025717505750096
5 0.029852722989278373 0.7491204669477809 0.059705445978556745 0.16102540929096748
6 0.008072172374560694 0.7187338584916376 0.016144344749121388 0.13196432876167782