0 0.6013942287212612 0.6864984577909432 0.2178068871276712 0.3738128634460412
0 0.41833824511714796 0.6719363305448678 0.21221589285609 0.3401310469565655
1 0.7521941147394237 0.70966284634098 0.15211973900993642 0.3397814177611954
1 0.2681258355719023 0.6740123266102156 0.14910044131303446 0.31332512490107306
2 0.865146908900054 0.7078036203767615 0.13847996405074825 0.37335135290815286
2 0.16115367678669923 0.6229449816863742 0.12869672901453022 0.36608387377535523
3 0.9500638213095092 0.68927830076549 0.09392388005512832 0.3178111583490249
3 0.08218942468253254 0.587341807332663 0.0833573430550216 0.27688983306238124
4 0.9758966254814372 0.6361839078636528 0.048206749037125664 0.2623688599646006
4 0.037102819293323125 0.561158225244929 0.053615986964423275 0.23826047258706523
0 0.6338371073467417 0.22110249400104612 0.14412489858450891 0.30608561610390495
0 0.5206325375548613 0.21214441227295694 0.14172105243066277 0.3060716309360902
1 0.7539454898286326 0.21679746637953703 0.1491563914533122 0.31572897105491915
1 0.40823823985795954 0.18635241488403725 0.1399886079601499 0.33490379961442923
2 0.30109923559097235 0.18081909656027437 0.14066000964348319 0.36163819312054873
2 0.8639359413716883 0.24260344893627148 0.12109353957104738 0.3492149951949877
3 0.9401286516540066 0.25778092356619803 0.11974269669198688 0.2819212880551103
3 0.21053537876965825 0.16225881402946596 0.12528578033568408 0.3228006578383097
4 0.9748725206042201 0.24313408395808433 0.050254958791559654 0.2719422890765409
4 0.14437365939861124 0.1602395599905267 0.1041527063354703 0.24095800726502203
5 0.07698204188050227 0.1570253754585718 0.12025227758878222 0.2098059034397256
6 0.06267287511607927 0.26529634855635226 0.09151601414508556 0.11109437428607058
7 0.03980936652345112 0.3159169694652695 0.04450013385534192 0.05313634840528167