0 0.6488096062990281 0.5691084184681341 0.43686664022984856 0.28713214549505967
0 0.6721001785488221 0.3734976368592546 0.4075168214391022 0.27069194899668925
1 0.6365729070079958 0.7362345028180772 0.388759182741241 0.21422683437263965
1 0.8213294037362111 0.23052812732948375 0.13101344492342604 0.1122743294062646
2 0.6109738704288195 0.8657395151961875 0.42962456735662585 0.217084420437639
3 0.5795025723682076 0.9305928213673632 0.3483363942470804 0.08670543490352281
0 0.4460737926745041 0.5254519011539108 0.380960035177678 0.19689563140189337
0 0.461065381954953 0.402712924001151 0.3736645525587076 0.19398750535422374
1 0.39850436408098405 0.6468543685981066 0.36678879072689735 0.2030986100757849
1 0.38798080999028894 0.2764939676078578 0.2406135725228483 0.16070391242900006
2 0.3738554181064345 0.7690637958657079 0.45855466536021167 0.22150538616677878
3 0.29183467386346346 0.869983031019541 0.2498092363510724 0.14935705485153397
4 0.2965050122679759 0.9347187838754463 0.23071582102348304 0.0832765556120996
2 0.8487179724943352 0.11776599137932596 0.11326313611474986 0.08465536862836893