0 0.5521879396359078 0.33987899743236505 0.3771215868136257 0.27029349953017945
0 0.5829727414199491 0.5098593268281013 0.3720338783161739 0.2651215020835239
1 0.5586746075069269 0.18741691923261586 0.3545306233057421 0.21114397128201912
1 0.6198134540951556 0.6374991196773075 0.3220205504518242 0.1871413724941432
2 0.5422784414098577 0.09007721273087604 0.37560520631083844 0.1801544254617521
2 0.5959742720037992 0.7386248793330348 0.35765821847487717 0.18266212257482822
3 0.496989825960085 0.03802124959657416 0.28486650192598384 0.07604249919314832
3 0.5859044218676704 0.8087917992182772 0.27284727115675306 0.12358431982783949
4 0.4496710931345556 0.005187090005395092 0.22565781373088875 0.010374180010790183
4 0.5751808267636928 0.8490927947499242 0.21800254244382097 0.08592311714539874
5 0.6003630616020825 0.8687237318702423 0.19114021046687396 0.07670790041956284
0 0.20092379801895013 0.4538493520530965 0.32017673667749713 0.19657460454004622
0 0.21498612200961303 0.5616760552125032 0.3172128581441319 0.18677706735518002
1 0.16975453476160465 0.35210540918775324 0.33728367594417974 0.20265736483410962
1 0.21950306543233114 0.669029445572913 0.3341797893159348 0.19045598149539728
2 0.18266972072664803 0.24300363804197558 0.36533944145329605 0.21110810853143344
2 0.23546735297431592 0.7647458416783479 0.38225671239285786 0.1940990328850287
3 0.1583975385049767 0.15726693169088832 0.3167950770099534 0.18065844431053107
3 0.2519798186253747 0.830505237145447 0.29926587030817065 0.16627123013803996
4 0.14916773693812668 0.08921269772997685 0.27438736020043053 0.1500266275201472
4 0.2636027336508563 0.8774892448054806 0.23748961932345958 0.13287126205484648
5 0.19354517819595055 0.04636156622558774 0.12016859915141759 0.04979086051998182
5 0.281375272155833 0.9216140248879641 0.18404497155932512 0.11924852091086754