0 0.36766929071310944 0.5818774450691436 0.3571417207777394 0.23899083661300033
0 0.33361956106649554 0.39559550965442913 0.20759974775096388 0.20059386418491124
1 0.3588693824974208 0.7413481006474155 0.35858050324565044 0.1838564205355378
2 0.34350830482593253 0.8630970044580751 0.3922343493994966 0.18601305698952303
3 0.3477346503561027 0.9491474950166116 0.34091439435487064 0.10170500996677681
4 0.375846516615132 0.9926164321634441 0.27218008616362216 0.014767135673111763
1 0.5999882854691607 0.7146853390550034 0.36575008241649615 0.18191471076468838
2 0.5798404951353265 0.834924228866742 0.47181302822057664 0.20551963412556573
3 0.6331149107205323 0.945430577632962 0.2423147427564856 0.10913884473407592
4 0.6165248470345972 0.9842620094414637 0.22469059315639855 0.031475981117072664
2 0.29857162150424543 0.12863068262486946 0.06595282842116691 0.06425538129312566
1 0.2716318856158012 0.22436897451514964 0.06624654345601673 0.08108230437004867
0 0.6465364242046097 0.5985447954680995 0.22329376997918068 0.13676833625805784