0 0.3824974846039643 0.3951624116193874 0.381656509410473 0.24247300099383923
0 0.41940126291479013 0.5700735811255918 0.38633822147950414 0.24037724576199096
1 0.34476461312255685 0.25045336449725897 0.34244931113625177 0.18006616523270094
1 0.42455623108061336 0.7144583958173599 0.3151251417733159 0.1615447420847893
2 0.31828486935912903 0.13637813553113473 0.3857185419054824 0.1828389835306822
2 0.47261271091896806 0.8030317313655325 0.360042337264426 0.15004852892069265
3 0.33348938176238335 0.04875674975154021 0.29640851511647553 0.09751349950308041
3 0.5095420432780043 0.8633750949115472 0.2736400775839097 0.10138770701649837
4 0.5440096501735059 0.8997570196495998 0.2121581411124833 0.07109426279921695
0 0.5904301769116567 0.3818374792429778 0.29829821869639284 0.1604664238577967
0 0.6117242876514087 0.48900926066956146 0.31790692864314557 0.16891032600732678
1 0.5843201353365906 0.26525094078143935 0.2724858121973908 0.17079115455603897
1 0.6328924181524995 0.593777195942299 0.3149991615346549 0.1591408959309433
2 0.5507548333502854 0.15404169435215806 0.4020415440277611 0.17430191714229026
3 0.5887328940957476 0.05678786124598853 0.21745953275553595 0.11357572249197706
4 0.5592040705562416 0.013980766859754632 0.1905235257278678 0.027961533719509265