0 0.4045107954505127 0.6188153290872861 0.2272799025949994 0.3677195748538435
0 0.5791043362845552 0.6500502365285463 0.2272799025949994 0.3677195748538432
1 0.255409394976012 0.6039161005486592 0.17401765359414853 0.3420776029406334
1 0.71099509677372 0.7104583207960614 0.15213128246537622 0.3260151528922223
2 0.14449679757354625 0.5763063131217374 0.16503165833915642 0.3774066849703992
2 0.8055903658797541 0.6972206549828914 0.13821171703061344 0.35376839132148663
3 0.0620527204009989 0.5292477411439793 0.11051063061752063 0.27964932844180473
3 0.8762940309647514 0.6905749250133671 0.09111202422398015 0.2685767232705673
4 0.0264207042924123 0.4821353750403426 0.039917947051432735 0.2238861346960698
4 0.9145877322635185 0.6838739815096878 0.061552562436048126 0.22552550782140393
5 0.9332040084870642 0.7188939719346457 0.04608050324565045 0.16433643855836058
0 0.47830517544815965 0.23910013247261114 0.16402463536252845 0.31971437727809165
0 0.5868978452781648 0.2713354596377436 0.15428337287506544 0.3117742285386269
1 0.366148695678078 0.2089954226071025 0.16402463536252845 0.31971437727809165
1 0.6891242457526656 0.28268271307147974 0.15470296578199366 0.33581269007708847
2 0.2579336594643082 0.19839471082658544 0.1649057804670779 0.37019514650886093
2 0.7891565965267843 0.3058670447049651 0.15777816058692523 0.37445638110810847
3 0.1711644218270361 0.17861606447909487 0.1474914273204552 0.33526623236864367
3 0.8555560807924034 0.3277031634426315 0.13218720529282882 0.283692547720985
4 0.10257088786103503 0.1686170239411777 0.12463999250574777 0.26391532078177105
4 0.9050447233997138 0.34345652188623454 0.10979732267574249 0.23878394382642013
5 0.0626286076408927 0.2184050456446063 0.06526931318572683 0.1633898129603671
5 0.9512395616876368 0.36281564956060686 0.09752087662472639 0.1951504079182262