0 0.2918699247806474 0.6141099512726016 0.4004211858761399 0.24072671842947718
0 0.2937382966323094 0.4170191442790521 0.385690018031065 0.23474168066669693
1 0.2842391472442307 0.777841248476077 0.36260811227532197 0.1730757328804257
1 0.2701190741687261 0.25583876222826735 0.3456271437373999 0.1692983170289768
2 0.2980280584092933 0.8987449186390211 0.3974334408950227 0.15678832728737646
2 0.31673440777181516 0.13483717831014883 0.38464398282079704 0.14378797530557239
3 0.3297544938949964 0.9601902629270255 0.33854105253144806 0.058721393952053585
3 0.3498043550983902 0.047991397315707625 0.307505979214584 0.09598279463141525
4 0.3778194004174121 0.015331060368393793 0.2700618777579011 0.030662120736787587
0 0.7997280856972502 0.6016509020694175 0.3357036682000174 0.1637057277512259
0 0.79419859060965 0.4776566009038259 0.3355496227390184 0.16130188159737976
1 0.8082079556748172 0.35690019810580925 0.3690494234318656 0.16164517483873894
2 0.7985540596941829 0.8418392932115182 0.4028918806116343 0.16272420980648677
2 0.8033753499730246 0.23793439111225967 0.39324930005395065 0.15835812122749388
3 0.7964553207825792 0.9088034939117684 0.3429474896782807 0.0901676181945684
3 0.8251264206562173 0.14261459717214237 0.34974715868756523 0.14624097670308864
4 0.8189537678535939 0.07209358411871014 0.26848914013118674 0.12234998089563748
5 0.8144094267541246 0.03464844637383442 0.2335097660504872 0.06929689274766884
6 0.69907139348894 0.02157436152652513 0.12844988136411437 0.04314872305305026
7 0.6403777903001392 0.007126706981613149 0.06875498267882016 0.014253413963226299