0 0.7346779389749778 0.6004883060298309 0.4250414987990806 0.2811813739978098
0 0.7593922989935238 0.4057615003624503 0.40340688341446523 0.2804258765809209
1 0.7226229325382523 0.7610576005987729 0.3733111488009841 0.2097909523876296
1 0.7980785834805485 0.24787458929252462 0.35382841909289253 0.2043117068204806
2 0.6938772048825492 0.8788613293430766 0.42353995755443097 0.206746087386011
2 0.7712838891204679 0.12719388386146657 0.40114946073784863 0.19156751304604538
3 0.6390824426794481 0.936164450659908 0.33626605782257085 0.09812275526408926
3 0.7487827444941507 0.05206993843906333 0.30159414814015134 0.10413987687812666
4 0.5885335725197062 0.9596038654293134 0.2642868750651317 0.05241914392932811
0 0.23432044149756254 0.5192231101531483 0.3510466322230629 0.19701622420151005
0 0.2581954867262428 0.40038534664678566 0.3413052673690172 0.19427660141793554
1 0.25069455171626187 0.28023501103319404 0.3826745729390464 0.20531903670966564
2 0.2236409960668257 0.751991733494907 0.37824482134733756 0.21236268685633994
2 0.26748403872206483 0.16405292615297384 0.41620243885423136 0.20409040875986864
3 0.20457875395547986 0.8477830981461509 0.3285301551678194 0.17943380370769818
3 0.27351409734524856 0.08009385816084355 0.35952819469049707 0.1601877163216871
4 0.18672865654034126 0.8977754696381697 0.2850191855405505 0.1275259838005836
4 0.28579551021108585 0.03822114365627391 0.2687064050375563 0.07644228731254782
5 0.29617699787772156 0.006383534554249309 0.22216168806313538 0.012767069108498619