0 0.5444387671127335 0.38857110077031654 0.2729277018525943 0.40091446303528416
0 0.3596452931961616 0.4154302716007383 0.26213566415162176 0.3839197027955898
1 0.7009744137259454 0.3527949569131192 0.21014205523938237 0.361403942306425
1 0.20357985984403287 0.30680780906439503 0.09891035225350478 0.1097675299694045
2 0.8268989268646216 0.34175568618299257 0.2073514825069837 0.39016617757119315
3 0.9186905839469635 0.3541884265669743 0.1377410240107858 0.3217255844147943
0 0.5402705012969453 0.5858543225484725 0.18939844632714298 0.33943365259626684
0 0.4247430626057239 0.6030920254713323 0.19622325821012893 0.3683637250238064
1 0.658058962835407 0.5879103277924211 0.20276242347990292 0.35887421828050026
1 0.326841270139866 0.6952475724250047 0.1445999025265118 0.21380426323587434
2 0.7783353171766851 0.5888063692501396 0.21004097527404178 0.4286277160327315
2 0.09680206928715535 0.31938467719698743 0.07593099048536031 0.09015912712239973
3 0.8851889177075681 0.6267732092843558 0.14544036901621737 0.2258234940051051
4 0.9351989137108142 0.5999681643289816 0.06270103999780147 0.2099738011984721