0 0.44137590793270126 0.28468457327524743 0.2831205529025818 0.4045191487538445
0 0.6368448396624744 0.32450019273615777 0.284964594386383 0.39252788926699134
1 0.2864924584832903 0.2383838266293024 0.2139095247167363 0.36287056823188685
1 0.7953603916124832 0.34550461220196294 0.20317453076126177 0.3387202215639149
2 0.1704920579616253 0.22650529433727373 0.20150174460582163 0.405971971306852
2 0.9006027788361923 0.41042160193168387 0.1932825577382021 0.38425344207510376
3 0.08560336323612289 0.2371136594770634 0.1406745307612616 0.3379929682220971
3 0.9509550174962146 0.4589731947437122 0.09808996500757089 0.3017954195025168
4 0.987042357001083 0.49101953422615996 0.025915285997833975 0.2601188676981815
0 0.35377730959745396 0.7535053435465054 0.2029506088932436 0.3339125292562227
0 0.47405524495394225 0.7797649958380446 0.19814291658555128 0.3338565866914672
1 0.2294754084713365 0.7441285568966445 0.2096616370790891 0.37483385643636236
1 0.5840196968211634 0.8169678265925909 0.20876594960701694 0.3556030872055931
2 0.6996842145408013 0.8216348204230811 0.19859076032158748 0.34347197130685186
2 0.12199711649479451 0.6828453076800705 0.19809025004589434 0.384309384639859
3 0.07417044855571792 0.6629580553787415 0.10109338295963301 0.31350696616559376
3 0.789858092507208 0.8470421906674173 0.18170454285031212 0.290419528227971
4 0.8595992781659226 0.8726873168119631 0.15279909460980626 0.23722722873720195
5 0.9181872733303025 0.8912467752656698 0.1413923350502776 0.19865380514615302
6 0.9457985429750094 0.8127581485947609 0.1036552287324497 0.16217654360279654
7 0.9809012534162775 0.7401952234613346 0.0361169867020446 0.053276213337901786