0 0.5683586857043799 0.5236243832373231 0.3502941565344017 0.20816915275897385
0 0.5725549462252133 0.3433359216988615 0.34554241436698735 0.21015238033817596
1 0.5888722884053412 0.6729635980564114 0.32972058393696596 0.14879437076809054
1 0.60229831219391 0.19919559646139717 0.31484990589166684 0.12830174581338974
2 0.5825249623009608 0.791067523525856 0.3728779144256411 0.1477722456321932
2 0.5648448811964208 0.107713776625286 0.34336035889615385 0.11640238033817599
3 0.5539285742079586 0.8859290026094739 0.2710211737196583 0.10047771710313323
3 0.5436029217327991 0.04120209947022897 0.2728095683304488 0.07424571869814763
4 0.5190997751082791 0.9393541018627504 0.23138468231228637 0.04663199927521333
4 0.5229194587329059 0.012171787500712643 0.23132873217200858 0.024343575001425286
0 0.27058948839898456 0.5364815810190889 0.3056261722582266 0.144287431741025
0 0.2792847105169334 0.42057119241616864 0.2958429372220086 0.13623465613019875
1 0.24867311243488194 0.6535486707022797 0.3103779144256411 0.1423042041618229
1 0.25530420899684797 0.3171153638074791 0.30523452127628214 0.12746050866410194
2 0.2448415327649032 0.7666345945767099 0.39199678337585486 0.14464702762307596
2 0.2552222936645297 0.21756605771018567 0.3701383674301283 0.13313885942179413
3 0.25590860621036254 0.8580259704195162 0.3050666708554488 0.12024897020256348
3 0.26050656710363235 0.14513520916381817 0.26168553980566245 0.11165571072307644
4 0.25425807707216797 0.9289394319579778 0.26889707826720094 0.11228663858504226
4 0.258187651099252 0.09016221155633954 0.22764004266987187 0.09188445762364629
5 0.29909190189107826 0.9610012478065534 0.13752278203173077 0.033622244761965556
5 0.26324812397724356 0.03708036246638194 0.16530789309070515 0.07416072493276388