0 0.40314787682331904 0.41064555179967244 0.4159379347191271 0.2760708544010119
0 0.36425488611353024 0.6017737632649492 0.38183624482924483 0.26508418063682504
1 0.42524027772601325 0.2453943949117242 0.37926114334703753 0.2097957190983635
1 0.2608532264462744 0.7355483991816768 0.2690727696117985 0.1621187732079828
2 0.4609423818165453 0.12277579883106286 0.41761072087456697 0.20895906054314853
2 0.18574122988247493 0.8285821320858837 0.1659839734040888 0.1123318288384988
3 0.49971678373762984 0.05088483656075352 0.3419125863708941 0.10176967312150705
3 0.22034011612070248 0.9099476367949447 0.12573105999840614 0.07230310277832895
4 0.5436874273080907 0.008158416671994389 0.23954822230689538 0.016316833343988778
0 0.6292443955613474 0.4758106315895734 0.3277727257101874 0.18610416999054472
1 0.6601947878111916 0.35218601088181783 0.3596944913142415 0.20180058683750948
2 0.6885174120391717 0.23346703170666905 0.44153722147901947 0.20753470663844686
3 0.7590456381632968 0.13582150494459863 0.2420706572494457 0.14902210096469287
4 0.759470462556852 0.05326319964972272 0.21165705032716559 0.10652639929944543