0 0.3144871865948981 0.39428029999203085 0.40596774065977964 0.2610380937819304
0 0.26998271308787 0.5790109238389817 0.38687697952389016 0.2625462524637045
1 0.3344750245018306 0.2373322011181483 0.3666898621698526 0.20407021823333366
1 0.2215687456194229 0.7274039530432176 0.3347398216954538 0.1905954953219856
2 0.3686996357304105 0.1256389826284827 0.41138288242877125 0.1893705529025818
2 0.24475642589339125 0.8465919262567917 0.3866443804159108 0.176231712793261
3 0.4192148461972844 0.06532222084165842 0.33464723068235425 0.10668480180538839
3 0.25548114257259935 0.9314542877124656 0.30197344119266645 0.12194427180618507
4 0.48057107289735623 0.04648662880726832 0.2503963157437491 0.05960889927985125
4 0.2684459887698838 0.9686166766871838 0.25165638859766715 0.06276664662563237
0 0.7743692595356926 0.4856002987173085 0.31508902818004547 0.18248826938837526
0 0.7472861827212113 0.5988313230859241 0.31480901199028577 0.17768057708068283
1 0.807601959829669 0.3702453305298691 0.3562344289851893 0.18919929757422066
1 0.7404257860721025 0.7166197846243858 0.35383058283134317 0.18908733664021163
2 0.7948815670108089 0.2575707969039509 0.35016666382357925 0.1673407603215873
2 0.7217561707960829 0.830242672262033 0.39187209700824227 0.1836671731228175
3 0.8182307207700863 0.16706435006286466 0.31326892294660824 0.15123826938837526
3 0.7056185554983441 0.9188192718061854 0.3405512792081946 0.16236145638762933
4 0.8532727936022849 0.12410466882583246 0.2800588096182914 0.11612893109241192
4 0.6891072114225156 0.9565827113938412 0.26873961932345974 0.08683457721231765
5 0.681417498899343 0.9858207285090267 0.21970634812326834 0.028358542981946535
6 0.5967928551826485 0.992666736971362 0.18507244530526362 0.01466652605727603