0 0.40139529837685706 0.6547640137349447 0.19876737440629155 0.3633120504356999
0 0.5816977455565074 0.6672235333691398 0.1915838072271307 0.3651694388811013
1 0.25193726760273144 0.6795282467347794 0.13131982568671113 0.346192547720985
1 0.7282204758116124 0.6879502247229006 0.13344395901678124 0.32233623875200507
2 0.1460561517039902 0.6811289182929747 0.11262051082111647 0.39040840408820926
2 0.8355132994051087 0.6684117832955998 0.11004883697300454 0.37580317459565077
3 0.064465238885109 0.6629165001613704 0.08044745850265546 0.30871349760802586
3 0.9142256963350385 0.6238509725729818 0.0675611179797188 0.23328350399138714
4 0.02049756812175209 0.6162774468567304 0.03639503182685168 0.23812705904966527
4 0.9634765712065069 0.6299889464012002 0.048330348748949564 0.23182628343553474
5 0.005434519965246354 0.6232336878393394 0.010869039930492708 0.22242891414021726
5 0.9862571671032901 0.6365270881189675 0.01674469336041813 0.20061214618612028
0 0.41239778766587537 0.22613285669711022 0.12600865029622194 0.3025590118127911
0 0.5265804799735676 0.23478510374748504 0.12846843901482322 0.30754885668996496
1 0.30057698458846277 0.2212685314469862 0.12371668927188627 0.3119922438586942
1 0.6361652645913997 0.22504419950505056 0.11418521850363451 0.31847517204230635
2 0.19097821432944193 0.23221135876634375 0.12436002876657118 0.36728070539715574
2 0.7382867692062949 0.23639145293878672 0.1193005949174805 0.34528178487357714
3 0.10916353125153987 0.23322970986550862 0.10688976619496313 0.31071717587232317
3 0.8249371158742669 0.2333335608247388 0.10445794875873943 0.3081311771489954
4 0.0512194820178337 0.2504926635825662 0.09171146464769081 0.24472041430158747
4 0.8874371158742669 0.23806952763125983 0.08941950362335514 0.2541536463474905
5 0.02335148098958208 0.2676286782642973 0.04550693335943935 0.19558643855836072
5 0.9510411394628684 0.2513100322609831 0.09629538669636216 0.2258539502097814
6 0.019529776385700432 0.39596121864084416 0.039059552771400864 0.06800043983503283
6 0.9559319035523792 0.3479192598385332 0.08360484515006907 0.16725087967006594
7 0.004708108688742602 0.45006568847767553 0.009416217377485204 0.03955445387842797
7 0.9766854235421002 0.4252797868100212 0.039356619497621745 0.07983751803478215