0 0.4358136670936714 0.5844053216345616 0.2519255039888345 0.40222962941239343
0 0.6332438032164439 0.569000102439476 0.24210028503519146 0.39479429038974373
1 0.2733221068078792 0.637432827187019 0.18865611141521982 0.37433261807286355
1 0.7882697695766023 0.607430651013728 0.1469071683209643 0.26045664659764967
2 0.13952394898261034 0.6537592138185897 0.1853172594753372 0.42470148702307686
2 0.907342960798198 0.6430946824613775 0.09589256450842197 0.1583761053305556
3 0.04960082384256294 0.6477236332419337 0.09920164768512588 0.3535911950545942
3 0.9651273238328435 0.5973087003186958 0.03673141644830453 0.10655253273311967
0 0.44946012526180473 0.36308362505988206 0.1728341389037527 0.32591999415427364
1 0.3190928747187564 0.3853357018656514 0.19381352762000967 0.3864637491226498
2 0.18942507196990307 0.38354931713295926 0.1839625850127837 0.46070322919049167
3 0.07409753953791579 0.3429936681672008 0.13425843453695807 0.2385422805116454
4 0.02249042765510541 0.3755864715338675 0.04498085531021082 0.2103655184707266