0 0.5502123309481205 0.4543269230769231 0.23147120722946385 0.3485576923076923
0 0.3765496666382701 0.44471153846153844 0.23208738907345974 0.3581730769230769
1 0.6967233414828053 0.4375 0.16200687846778605 0.31490384615384615
1 0.24137898140102687 0.41586538461538464 0.15223744839140269 0.3125
2 0.8065604778658024 0.43028846153846156 0.16252989607292043 0.3605769230769231
2 0.1438387260981901 0.4375 0.14191271769316044 0.3389423076923077
3 0.885240778487661 0.45913461538461536 0.11402311962972515 0.27884615384615385
3 0.07335696033165684 0.4495192307692308 0.09673406016980507 0.27163461538461536
4 0.930036164764175 0.49158653846153844 0.0723266264872087 0.2283653846153846
4 0.031207102691881324 0.45552884615384615 0.06241420538376265 0.23317307692307693
5 0.9537969759917073 0.47716346153846156 0.0437276823409155 0.19471153846153846
5 0.014457202345457724 0.42908653846153844 0.028914404690915448 0.18509615384615385
0 0.49871780952380795 0.6201923076923077 0.1656430883096241 0.33413461538461536
0 0.3962766976744171 0.6057692307692307 0.15587365823324048 0.3317307692307692
1 0.6053199912258267 0.6634615384615384 0.16225408816764697 0.28125
1 0.28722593010477726 0.6382211538461539 0.15371702177925511 0.2980769230769231
2 0.711012199264558 0.6646634615384616 0.15880052199222058 0.37740384615384615
2 0.17543278484822492 0.6947115384615384 0.14256118255388092 0.27403846153846156
3 0.7911720732742691 0.7079326923076923 0.11390135718545097 0.20192307692307693
3 0.09462628838344943 0.6802884615384616 0.09445566127154541 0.16105769230769232
4 0.8585102061930301 0.6887019230769231 0.09870805295737903 0.18990384615384615
4 0.03885954895362867 0.6502403846153846 0.07430061927478245 0.1466346153846154
5 0.9155397499219109 0.6802884615384616 0.07537893750177514 0.16346153846153846
5 0.011870712525200165 0.6418269230769231 0.02374142505040033 0.14903846153846154