0 0.4395496284400171 0.5919549221301368 0.25219567134692306 0.3963477133799299
0 0.6183984190487041 0.5646599039411295 0.23774462408821642 0.39044710565534824
1 0.29930922055492404 0.6474047660462338 0.18477609769671238 0.37201667220367657
1 0.7637262225977854 0.5576512882409186 0.1773407965501373 0.3330086760336934
2 0.18892109724350067 0.6714776709270043 0.17774636641676628 0.4027202144952321
2 0.8620042115491817 0.5170426205127401 0.16080756199732485 0.38221437727809165
3 0.09997878955119299 0.6647380258561861 0.1291799624663253 0.314942547720985
3 0.9290951337557447 0.48488327707360884 0.10746143607482112 0.29888009767257384
4 0.04101463294288825 0.6482560571346567 0.07587579204726604 0.2388198065770058
4 0.9623356161039051 0.47069756625416864 0.07532876779218994 0.2534250360695643
0 0.43007329414763096 0.4086250804446435 0.17996840538902 0.37165236706471344
0 0.5381205045603749 0.395187330686699 0.16546141745905438 0.35613637472474713
1 0.3086790633784003 0.39942637568582395 0.17967471686490938 0.32117159783394417
1 0.6400042627425404 0.35485189181274285 0.17500687623536493 0.3448457542334427
2 0.19827695489916214 0.4210954344127484 0.17787223292709944 0.42435482987984724
2 0.7319649626173959 0.26090322727624504 0.15556632948737376 0.30733084136989774
3 0.09834951750076922 0.38468994893310915 0.12630062060677608 0.2330296259207342
3 0.8195794807224472 0.24591718067770715 0.11170972166992171 0.203090556657691
4 0.048078525787221923 0.4169224372816884 0.09252090794259675 0.20884487456337675
4 0.8845742304670897 0.2664603000537097 0.07538631117374833 0.1546851911923904
5 0.014676412654042105 0.45764153207817715 0.024989452949867704 0.16528306415635433
5 0.9302612925579813 0.27232504502770577 0.07303840569116132 0.16411842323829345