0 0.36756550551536626 0.39892963638284784 0.275468451448122 0.40609862823572446
0 0.54657883223829 0.3462293538870317 0.27015683818578506 0.39625932175232176
1 0.21169855704099177 0.4217761166264291 0.22094609296091156 0.3723854876875261
1 0.6677534277916765 0.20749774798314208 0.11901759906722048 0.16620789527210683
2 0.09915782364434109 0.4657797213214136 0.19831564728868217 0.4008957587316529
2 0.7720585533873776 0.1618740236723745 0.08929980516972282 0.10247632499800768
3 0.03647651950081248 0.5086900499461364 0.07295303900162496 0.32396605395388095
0 0.4197300151355093 0.5703534787194642 0.2036152489293439 0.3619863765340785
0 0.5328946439146282 0.5387049875957375 0.18641038513643735 0.35399111153447704
1 0.3087853729618869 0.6282763361344851 0.20576713460586774 0.3572906451603953
1 0.6534172346325151 0.5954389994942735 0.14772755105542912 0.2107086963154367
2 0.19581482535040187 0.6790996160219767 0.21144646696490393 0.4199026060944041
3 0.10442101381384371 0.7528977285748439 0.14114591378719643 0.2223920442826404
4 0.04340632762837163 0.761008268435802 0.08681265525674325 0.21361305274497594