0 0.5722567825951811 0.4252786188642096 0.41774138611220724 0.2596307027706265
0 0.5305433991049482 0.6102335892683731 0.4202291508474389 0.2645223392357509
1 0.633731509742021 0.27949871225975725 0.3854424038448862 0.19844327487785554
1 0.5097662194107216 0.7670559311645556 0.35402456668211524 0.18773661621585364
2 0.6753460782976991 0.16910494470354054 0.42837596028857444 0.18072350048086386
2 0.44423906718866046 0.869398718684913 0.39700008241649604 0.1724206879727084
3 0.6684641308695258 0.08107075553714362 0.3337028558933322 0.12456506295639709
3 0.4116463698864899 0.9428228203940164 0.31679201423502346 0.11435435921196721
4 0.37611925200463536 0.9733669286587646 0.2583024800195521 0.053266142682470714
0 0.15259072864873213 0.3528960836212869 0.29861022727157505 0.17859436213337732
0 0.13965112325307327 0.47134083121336295 0.27930224650614655 0.16864320088826437
1 0.1763023289226426 0.23466119642279107 0.30093015484403557 0.1738706139831171
1 0.12304007992179175 0.5825740403439006 0.2460801598435835 0.16514808068780107
2 0.22626742008074308 0.12816700264835584 0.35853854395495766 0.17107758145379487
2 0.118448267359741 0.6918231241077524 0.236896534719482 0.15768470975396637
3 0.22864420329706542 0.06090128241937958 0.33598082417509995 0.11743746865229071
3 0.09479352272969234 0.7775641161506092 0.18958704545938468 0.14166669383967992
4 0.24846240259753427 0.02791898952499012 0.2819213486510853 0.0482830048810925
4 0.07493336413853066 0.8405944859680756 0.14986672827706132 0.12349666424384345
5 0.062368662590293084 0.8966651497962997 0.12473732518058617 0.1106379919002918
6 0.10770668894237634 0.9261981241077524 0.1599126248746311 0.07765569900590236
7 0.16736227023625544 0.9535371126589391 0.07983043456523707 0.031616311041412576