0 0.36643764499252757 0.6260566815251666 0.2443681842732287 0.39076565303329747
0 0.5549449748817126 0.5983013707685668 0.2445360725880929 0.39557334534098965
1 0.21025632194411747 0.6576065612780352 0.1806090219117474 0.35434434636242046
1 0.7075052614935112 0.6015932750786526 0.16294265726050347 0.33020798864925527
2 0.09024722072191581 0.6773399951949877 0.18049444144383162 0.40242126943934353
2 0.8064979417942061 0.5552846743751518 0.14771067317479017 0.37578316939762857
3 0.0236797586252701 0.6540349536116535 0.0473595172505402 0.3032622149156147
3 0.8750228243846638 0.520820489843197 0.09884771826929367 0.2841712973629936
4 0.9159034762058906 0.4861954758813718 0.06781901632990585 0.22150347534921608
0 0.37532045847448653 0.40611175103215086 0.16227110400104677 0.31097721941848605
0 0.4889308088859963 0.3887402077656002 0.17015419572204193 0.33024994415269965
1 0.25156435363012564 0.4041895918127658 0.17079521456981425 0.2797831600897452
1 0.6012552920631511 0.3737655180689882 0.1605388111066573 0.3301940034814405
2 0.13032274396991686 0.4335384103451029 0.1732601295470291 0.41919225184500747
3 0.04449402918021726 0.386104003632511 0.08898805836043452 0.22413108418809896