0 0.36624463378275957 0.44591346153846156 0.38309395245460576 0.1875
0 0.35093914286661526 0.6334134615384616 0.361066888584961 0.18269230769230768
1 0.3622703985905474 0.28846153846153844 0.35154981445691674 0.125
1 0.3174329608098624 0.7788461538461539 0.32633400746336716 0.11057692307692307
2 0.36987398880494926 0.1658653846153846 0.3803959683030706 0.125
2 0.3360262988015833 0.875 0.36082190583094204 0.09134615384615384
3 0.3972480641000774 0.06610576923076923 0.32878700886088336 0.08173076923076923
3 0.34946845287816974 0.9459134615384616 0.2879707794891689 0.052884615384615384
4 0.4508438435892463 0.013221153846153846 0.2521584666676613 0.026442307692307692
4 0.377578864997935 0.984375 0.22610860746038297 0.03125
0 0.5578901188634855 0.46875 0.32633400746336716 0.11057692307692307
0 0.5460675090689353 0.5841346153846154 0.3163261743629532 0.10576923076923077
1 0.6010608407792931 0.35216346153846156 0.31230337902531957 0.11538461538461539
1 0.5585776971766184 0.6959134615384616 0.3211338666706455 0.10576923076923077
2 0.6104796044199973 0.23677884615384615 0.38844155897833776 0.10576923076923077
2 0.6145533402960471 0.8052884615384616 0.33575316783623693 0.10817307692307693
3 0.6413613368246373 0.13822115384615385 0.28227987972407764 0.10096153846153846
3 0.5782260876125009 0.8822115384615384 0.2718795981386343 0.09134615384615384
4 0.6297097785525179 0.06009615384615385 0.2655021118908246 0.07211538461538461
4 0.5826415298012466 0.9459134615384616 0.20785895944218724 0.04326923076923077
5 0.6264227249412728 0.01201923076923077 0.1870583962713006 0.02403846153846154
5 0.552961522107447 0.9855769230769231 0.15379699860248366 0.028846153846153848