0 0.41924177372613897 0.3500499455883241 0.2658908817519935 0.40412755080055807
0 0.6139985341843298 0.3345491322283953 0.2672431814692301 0.3921362913137048
1 0.25567508062093947 0.3507500697130783 0.19783239628831842 0.3673146338686703
1 0.7728932009717943 0.2941995322063683 0.2015885421594009 0.3553513456641948
2 0.1405154851740021 0.382168739472658 0.1845807310958682 0.4079842195074116
2 0.9012581495689452 0.3312065639842711 0.17129964460270594 0.3934212861724467
3 0.0726515083017086 0.4178496615335667 0.10155868484045519 0.3373776000097897
3 0.9618528354238601 0.3518901557680479 0.0762943291522798 0.3280139569358037
4 0.053870778946295376 0.47822552820349656 0.04801372029316185 0.2743181743622376
0 0.499554860364742 0.8279677896856671 0.18566387892435843 0.28312407591929983
0 0.6279050983115368 0.8373026194119616 0.17878251504415898 0.31426219078978934
1 0.3785360261735026 0.8474231712407712 0.1727129670125351 0.2997831713019572
1 0.7472561688545567 0.8262886706776965 0.1735542041618229 0.30939855591734183
2 0.2618895550649557 0.8343427158718194 0.17523667846039823 0.3286293251481108
2 0.861529305155554 0.7984897557900749 0.1784817617635322 0.33827268104587316
3 0.1758316447481465 0.8545944369093713 0.16466019140170884 0.2900838728394396
3 0.9356407229032401 0.8082441547520335 0.12871855419351982 0.2948915651471319
4 0.13764034822093849 0.8718828861455249 0.09681201522535564 0.2556748020613981
4 0.9824179235847571 0.8158464491015445 0.03516415283048575 0.26073423591048883