0 0.5154971839178958 0.5820642136894101 0.28131398965267135 0.4332725217082666
0 0.7192656105310902 0.5966916030042291 0.22954435731741485 0.2715377663344412
1 0.3443215606713681 0.6231265410739124 0.2131110951005345 0.3904977103387574
2 0.21389942175966936 0.65676240331374 0.21937349105544907 0.4533058012607554
3 0.10687231777323773 0.6612135801743475 0.15502713642628232 0.3699736961978593
4 0.04996230710576977 0.6468048023539766 0.07664935585598315 0.3025442414458928
1 0.36849487286527804 0.36879712665757924 0.21076319908696617 0.39274751103160455
2 0.2375412076209405 0.3795964504358684 0.21741724602382517 0.47238252503052547
3 0.1128479284534191 0.3490682532157762 0.15508107668846177 0.2691662031973199
4 0.047637361467094345 0.3917660418547859 0.0819585895480771 0.22127560859812048
2 0.9766659399102567 0.5856791949484599 0.046668120179486565 0.1456780596018971
0 0.4771135410324789 0.2775764200670119 0.15194987871100452 0.23776215773632092