0 0.6628217268294954 0.6248442088477569 0.40104906574294685 0.23966530307339767
0 0.6732471811350224 0.44394130070528903 0.38265234872590637 0.22004288286068407
1 0.6708667224065139 0.7821842316441245 0.36248961352623393 0.1787858472633548
1 0.8222125049062274 0.31424852349529986 0.10061784848801353 0.0863166708554488
2 0.6584300687982529 0.9090565514653317 0.4099778638756128 0.17269331160737222
3 0.6292648026004091 0.9697880924122865 0.3085751184175409 0.06042381517542704
0 0.46129129675753067 0.5661697588834405 0.2998425445273893 0.14613709375641043
0 0.46408798812857194 0.45346874035406015 0.30744653147395706 0.15111263648493617
1 0.4369581021231313 0.6795691492272439 0.3426701715679207 0.17112670767959443
1 0.4065923014109447 0.33696512216388924 0.19750743636824822 0.12696026478782066
2 0.41892885923711937 0.7967141841525109 0.42160464615981436 0.16816537000106882
3 0.356870066233653 0.8888416300844553 0.22154589790670975 0.12751976619059846
4 0.3746779121570666 0.9595137862400642 0.22502917576046938 0.08097242751987165