0 0.6037621281696823 0.6628534916267795 0.3946581490955505 0.25260979525883115
0 0.6317764995191362 0.48205396752036916 0.3749237149201888 0.2365042440371789
1 0.5970618627809576 0.8202002600600414 0.34448262208282543 0.18830745566623855
1 0.7746985261814868 0.35953136692599563 0.09858822671937653 0.07812390995441582
2 0.5687422492134597 0.9224511704489669 0.4093025240792395 0.15509765910206633
3 0.5383698333276861 0.9840121339811962 0.33888889794655996 0.03197573203760758
0 0.3926166825455073 0.5985680427757114 0.27608365572851584 0.15116879562122462
0 0.41098513486789223 0.4868491292688738 0.2861187611310609 0.16402926353974306
1 0.371718467833128 0.7136824162259964 0.33685136283412653 0.17565729703504201
1 0.37762892280386884 0.3718104891615377 0.2515415292454619 0.1346426258249283
2 0.3460125608130565 0.8283761711016375 0.4161782859110496 0.1825975035166659
3 0.27045546574295637 0.9206245847896718 0.2178876830916157 0.131698295802421
4 0.2669031062579349 0.9738194888712606 0.20650947117015733 0.05236102225747885