0 0.37027628693566544 0.41174123825594794 0.35777574785008126 0.19910289300892003
0 0.35226253334055896 0.5858241859599652 0.35056420938854277 0.19880904533417662
1 0.3622479007280131 0.2631211059950939 0.32233623875200507 0.1425410915465706
1 0.3202452214954938 0.7219618737049659 0.3088597874269218 0.12282057619122902
2 0.3781116862399264 0.14923226136214496 0.3670985528276742 0.13238289605071435
2 0.33597780974725083 0.8166423913416533 0.34845010405593524 0.10765878993785176
3 0.42090902361843696 0.061759192043554 0.27782780274698904 0.0927990316461019
3 0.3610166910095844 0.8839725258838531 0.27138073731396245 0.07096851781165779
4 0.45618431152232447 0.025821891195283664 0.23186214618612028 0.02382620251486398
4 0.37114125117455143 0.9253766312362672 0.2237039821265882 0.04266517484597543
0 0.5368329996701141 0.4571081970739551 0.3382523989815202 0.1312075053517409
0 0.5253946699516372 0.560326657851968 0.3378880938425572 0.1263998130440487
1 0.5770084755747112 0.3405930754593814 0.2993906926304329 0.15598467622050302
1 0.5464082633100833 0.6648674331663259 0.31366747973461406 0.12301647464105815
2 0.5907416437870008 0.2230005123707487 0.39539824896538317 0.12634674828814924
2 0.5821181624458286 0.7663901345994014 0.3084954822879586 0.11801288388353671
3 0.6609099830805198 0.1402596283694431 0.24472041430158734 0.0986392809588381
3 0.5938627449525604 0.8500574460939523 0.18094534631521653 0.07926567803413921
4 0.650749560164967 0.0675075737921146 0.20480165528419647 0.07784132412943769
4 0.5696959249704958 0.8985037238360254 0.14510566932759147 0.04904823503918338