0 0.4112126893230995 0.6185513192208318 0.27136111131823415 0.4225788188658892
0 0.5917194915458974 0.6648834752960232 0.25105290061340596 0.3949041474855898
1 0.25763794091718145 0.5859328939858597 0.1992987914587489 0.36041919280461193
1 0.7134483643154444 0.7985566032313958 0.12435105960772957 0.1686059198966413
2 0.1341112694343404 0.5552400370133744 0.2086652128684052 0.4137659445722242
2 0.8176687595771094 0.8555843045546205 0.08854233050576546 0.11356466805804043
3 0.0637406187763505 0.5051766644518273 0.09985955612682652 0.3324687135190393
0 0.46612162439222976 0.4362584242837278 0.19036905141776542 0.37662993403753914
0 0.5789289374076776 0.4686619228355638 0.1828636652814835 0.3689562591930039
1 0.3537326406543894 0.38470117923162195 0.2021923837371672 0.37259246903484156
1 0.6978744375540473 0.41634506476985716 0.14043927335435205 0.2103955772780194
2 0.2394295568872751 0.34500911948774804 0.20503291125968628 0.44230400749638005
3 0.1507137701661882 0.25660781331459276 0.1393087671243938 0.2414915318170205
4 0.07850043632588913 0.24958260333077795 0.102271582567557 0.21514238836357463