0 0.4616671702581608 0.7270163455575442 0.2802688630126997 0.40861787832580904
0 0.6496117000668492 0.6971186292841541 0.27719325125479943 0.3940407559417334
1 0.31383394572396994 0.769071196552802 0.20384629636531562 0.362977084419457
1 0.8074258392156277 0.6892567835562391 0.20054676273939756 0.3435922697276887
2 0.20267088470717332 0.7751292364625043 0.2087132830673601 0.41601574526507135
2 0.8990749147392851 0.6244281177272364 0.19065478971633792 0.3884951193457712
3 0.10819313863611474 0.753496463483545 0.14251857224506267 0.3326836402021755
3 0.9522425682373183 0.5832993819036285 0.09551486352536341 0.30291321359002776
4 0.9844705694462234 0.5493213033194221 0.031058861107553345 0.24586937075844054
0 0.32850378570859345 0.2607186162364775 0.195067304827651 0.32886110188261397
0 0.44626260004987894 0.2419015588636181 0.1903715734539677 0.3309568571144622
1 0.21258901285110904 0.2676704883011051 0.19674671883778616 0.3649187941903062
1 0.5537342641717258 0.208045242723686 0.1988146821896054 0.3578613011897668
2 0.11442649773979587 0.32129673278530285 0.19160314372806686 0.3573991648067699
2 0.6654571298585673 0.21400643358321433 0.2059142597171347 0.3559195914189175
3 0.058495917794456315 0.32969589522105813 0.10019769548756094 0.29881486736519314
3 0.7493941566449932 0.18942697052560037 0.1814806209822941 0.294437028423773
4 0.8155822396125955 0.16970178189510957 0.1455875561482678 0.24420346889286457
5 0.8784444556844508 0.15575514045773572 0.14631198829197864 0.20829982204617126
6 0.9174427794735536 0.24693110733452828 0.10253561939235976 0.143181049209189
7 0.9567473388675072 0.3189533277110511 0.041148600877754675 0.06015703506829094