0 0.5464127007335128 0.5528846153846154 0.37854146009681217 0.20432692307692307
0 0.5532451785537064 0.359375 0.3589609669689454 0.19230769230769232
1 0.5560445602663534 0.7175480769230769 0.35494839088845065 0.13701923076923078
2 0.5474598498700075 0.8473557692307693 0.4054291601192197 0.13701923076923078
3 0.5252214551241994 0.9507211538461539 0.3414603197514101 0.08653846153846154
4 0.48069321832541745 0.9939903846153846 0.2695804931278668 0.01201923076923077
1 0.3200921896387499 0.6478365384615384 0.362159929349989 0.13701923076923078
2 0.2840381104217221 0.7716346153846154 0.44347102990424114 0.12259615384615384
3 0.2376913093580329 0.8774038461538461 0.22649537304331174 0.10096153846153846
4 0.24863925787305272 0.9555288461538461 0.21858438678757813 0.07692307692307693
1 0.6296621671033908 0.21153846153846154 0.2507436689200318 0.10817307692307693
2 0.6700692975618842 0.10336538461538461 0.18047257222313734 0.0889423076923077
3 0.6541387947906233 0.03125 0.14089191729088668 0.05048076923076923
0 0.2721515430300014 0.5192307692307693 0.19820877743251394 0.1201923076923077