0 0.4209932311409016 0.45315898566510354 0.35925185189673575 0.218164306091082
0 0.4241611575882103 0.6346493702804883 0.37122912337527364 0.21639036113054153
1 0.38480084790013913 0.3059625700161551 0.34837768856056617 0.14554500052105274
1 0.4087128078119733 0.781541056952068 0.3221032180310298 0.15377460251116468
2 0.3732553359128843 0.19488172598458736 0.3891171953038723 0.1404751261167539
2 0.4502854170769585 0.892994730889977 0.3721224350641779 0.12997787983074113
3 0.3994939304439053 0.11580165257534453 0.2970157742252475 0.0924186462783992
3 0.4744646528406676 0.9632740754266863 0.28014689185763164 0.07345184914662731
4 0.42758481705758816 0.07404418467004761 0.25307519480493146 0.05168946352095992
4 0.4907610014917529 0.9950884310958406 0.22165735764216016 0.009823137808318996
5 0.42225263361623544 0.043744147269648384 0.23873603646324015 0.055741274396685275
6 0.4015681855643862 0.02825023831795163 0.16852098651338784 0.02324169362935789
0 0.8239731362356749 0.49349144487161656 0.23548083791118246 0.1444316216116706
0 0.8295719717743537 0.6078631075373007 0.23767488761156458 0.13253837108110103
1 0.8182694024702641 0.37311016682131715 0.2377168469022576 0.13494221723494718
1 0.836204893227184 0.7126823757069307 0.24244062062856414 0.13038648540457734
2 0.7924476710773575 0.26968690289624403 0.2954091545945653 0.13796574296281497
2 0.8379881630816295 0.8148458372453923 0.2711189373119467 0.12228286365312667
3 0.794605844779224 0.18694318094654344 0.26146159340586905 0.11937509654463566
3 0.8502950255935325 0.9007492867809058 0.23506124500425438 0.12039316007320923
4 0.7936198014479424 0.13045279633115883 0.22279025849086656 0.10534018195682641
4 0.8646910395790857 0.9592418127883338 0.22270633990948105 0.08151637442333245
5 0.773570826048663 0.08256995442186957 0.20069409090863005 0.07776405211656832
5 0.8618195579354411 0.9858101007193026 0.20550178321632237 0.028379798561394737
6 0.6533365590656625 0.07386709633496559 0.08050178321632237 0.07146504018351048
6 0.768321313679598 0.9983434740624622 0.16172904095877746 0.0033130518750757922
7 0.6085507105393124 0.053507615765888035 0.05351400474500778 0.03882925755823775