0 0.566704012347848 0.42066683052878395 0.4372637734365785 0.295996023893695
0 0.5410692244453856 0.6160784094647211 0.36553511539974654 0.263089635296028
1 0.6305987387476074 0.260134729364506 0.39907140823832177 0.22913206441153205
2 0.6613103922210439 0.1290669642028958 0.4229417764788423 0.22812829920648361
3 0.6694041405135533 0.055010688499162845 0.34869171897289336 0.11002137699832569
1 0.37383270352225695 0.285862899161509 0.4009709744983447 0.22206053404487341
2 0.39562661556340856 0.16249670079351639 0.45899946878653464 0.23022842062968013
3 0.37493298666739955 0.06211609931431106 0.24773018051135479 0.12423219862862211
4 0.404316927073677 0.019173741029004817 0.23463537662187678 0.038347482058009634
0 0.28548751901414826 0.4023320164938273 0.21424442765544974 0.15372761114170322
1 0.600804481670762 0.7718039398965373 0.16963045050268993 0.13197669620309846
2 0.5624357864995991 0.8925444256979191 0.14804637510074498 0.09720278529021388