0 0.3673582749228648 0.39099225603900484 0.38442126976936947 0.20547777291524347
0 0.37071398674286365 0.5761373844976159 0.3749177702834952 0.21470136063097037
1 0.32470272823531326 0.23548096536930532 0.34523247796601314 0.14141058531661227
1 0.35926900932768785 0.7282428945298172 0.3307254871958035 0.13361135150558703
2 0.3221861548866427 0.12245122152607885 0.3834982174509084 0.1261508498383204
2 0.40386687600985494 0.8441886728859695 0.3835261887332859 0.12855469599216654
3 0.33331030461978994 0.04601789072757419 0.30604368616265687 0.07734339771798113
3 0.43965968320027404 0.9261377828010752 0.28681291693188765 0.07655980391866553
4 0.4546282001297144 0.9734607388414263 0.24809963692895073 0.053078522317147596
5 0.44896822577481904 0.9922374703711055 0.22148950154237745 0.015525059257788926
0 0.8145995303089486 0.4200281195653999 0.31395450668363567 0.13773339923887834
0 0.8171860318635632 0.5390674787932418 0.3162744389903491 0.1306198100022543
1 0.8023976441389493 0.30059696343790027 0.32591779488811096 0.13341545305575825
1 0.8313836543969912 0.6514829949090318 0.33723269120601745 0.12929340532246714
2 0.7950445651348949 0.188573244221768 0.4099108697302103 0.1320359836200716
2 0.8236135323532147 0.7605151726218312 0.35277293529357057 0.12757520374302198
3 0.7736896625740555 0.10480798350230287 0.34492479385985947 0.11496827762430459
3 0.8421808256928298 0.8477392787346939 0.3156383486143404 0.11398878537516009
4 0.7503356553885313 0.05940631201946177 0.25782690667384583 0.06336518245046137
4 0.8407523498628617 0.9124472264387111 0.2557866871909083 0.09451723322554692
5 0.8331360698721618 0.9617587937400948 0.20796150565538396 0.07648241251981056
6 0.7346622914116024 0.967599043052831 0.14529367796111822 0.06480191389433816
7 0.665160537567896 0.9849912192447332 0.06795103180237742 0.03001756151053369