0 0.4294627884993663 0.640830949104985 0.3978442151700637 0.2569968689918797
0 0.3953052224181367 0.4598516270575492 0.36955288120040347 0.2282411591390306
1 0.4465665615480963 0.800010568477136 0.35998803656768924 0.19395638512321894
1 0.25007469004112565 0.31335376770847534 0.10941674334126539 0.09558176089330467
2 0.47531987210387455 0.9136255357066237 0.3905656633759247 0.17274892858675245
3 0.5047373191764523 0.9736312455594726 0.3274943701495008 0.052737508881054836
0 0.6104153865546272 0.6148523018928052 0.3471283393087528 0.1808856079173782
0 0.5853518918785887 0.49559167534309007 0.3442202132610833 0.17346376016851786
1 0.6628709720529848 0.7329257160159532 0.35674372392413756 0.18172684506666587
1 0.6468268587410118 0.3839021831369646 0.23352573686888925 0.1279421499313385
2 0.7066609560659691 0.8466572784027052 0.4120321854625988 0.18656395867507042
3 0.7673031331472117 0.9393821581239667 0.23386192346477175 0.12123568375206653
4 0.7746657315903213 0.984664582795904 0.22636473839002108 0.030670834408192002