0 0.5685096153846154 0.6301059693502622 0.23798076923076922 0.4076345316136648
0 0.3798076923076923 0.6095691896391083 0.22355769230769232 0.3787044667606222
1 0.7283653846153846 0.6628298018444243 0.17307692307692307 0.3784107782365116
1 0.21754807692307693 0.7210901115435302 0.09375 0.11112234462170015
2 0.8569711538461539 0.663283518443256 0.1658653846153846 0.4024072842715286
3 0.9495192307692307 0.6507258587131554 0.10096153846153846 0.32751045397129847
0 0.5673076923076923 0.4209783465495542 0.15384615384615385 0.33502966612476237
0 0.4483173076923077 0.40844945851023273 0.14903846153846154 0.3350016957891327
1 0.6923076923076923 0.4178472716693386 0.1658653846153846 0.3591380535022978
1 0.34615384615384615 0.31889959737313084 0.12740384615384615 0.2242989062018765
2 0.8112980769230769 0.4051357750932754 0.16105769230769232 0.4432446985512837
3 0.9206730769230769 0.36363406534231757 0.12740384615384615 0.2459335215864919
4 0.9771634615384616 0.3849400292832853 0.04567307692307692 0.21420802588078877
2 0.10697115384615384 0.7157238138783953 0.06971153846153846 0.10377095448201382