0 0.38291512032278896 0.35703977984834406 0.22611350591354074 0.35792890352840157
0 0.5653162677855814 0.33868276519299084 0.22167011874481174 0.36256870752122966
1 0.22941534024030535 0.3420214856950213 0.16714613023486208 0.33908732067310837
1 0.7073984883414339 0.31454126275244454 0.13851799170877563 0.3093177810952017
2 0.11071611585443596 0.3581539801784243 0.15749488286889177 0.36991759988594797
2 0.8012754273767606 0.34123157337823806 0.12719150846688512 0.3496795007659938
3 0.032886534308780975 0.4047390051662224 0.06577306861756195 0.26744506659063205
3 0.8657418234821955 0.36055772443347106 0.08789093265911035 0.2739850517927138
4 0.9056964452501722 0.3711499045263564 0.05521957485384322 0.22249695267275954
5 0.9341603625820701 0.3593672390235797 0.05026559272725514 0.1887591623614813
0 0.3926159035898079 0.6719703308750641 0.14758691861571535 0.3024420192633916
0 0.5072539773212041 0.6619733680124246 0.15239461092340753 0.3026099075782558
1 0.27863329522689007 0.689136860120526 0.16142767507976183 0.32690020158901345
1 0.6149716728205772 0.6642054963125962 0.13702490840233714 0.32125306770700024
2 0.16224684071012596 0.7063873335234199 0.15968071370267067 0.39876375373210166
2 0.7143669830662294 0.6655295060868569 0.1484259559619518 0.3767933617177582
3 0.0679324516263884 0.7012896662035258 0.13185291095568172 0.31627748708444375
3 0.7884860459459113 0.6365688736715867 0.12099832110451175 0.2679487315352243
4 0.026819576277595573 0.7025640957708494 0.053639152555191145 0.25808151444754385
4 0.8416618215600418 0.6466993608985956 0.10679325950150197 0.23868285690191016
5 0.9016489677461621 0.6302196521184324 0.10999744143444581 0.18605007398959117