0 0.6272524133733317 0.5755993297406373 0.41741773824282713 0.2789273699164983
0 0.5888949623152547 0.38798155074471663 0.40052088932682994 0.26641852569133084
1 0.6750434418652008 0.73168732961888 0.3737709079425967 0.21276451773310093
1 0.6900444991871435 0.2107300514655413 0.11595800726502202 0.1019150417198288
2 0.6926255640041229 0.8610054084706357 0.40500692277478206 0.21126995371170829
3 0.6810398734371509 0.935874363136964 0.3274405281322244 0.09845479769336106
0 0.4230233864711121 0.5983715590682187 0.35442825736930916 0.19297419026697574
0 0.3982996517097256 0.4812825453239522 0.3784946892434003 0.198481330368863
1 0.427342399260436 0.7208627957452433 0.3713251062853062 0.2054830344921429
1 0.29680667687122486 0.39287407221341775 0.219575124901073 0.14819189800409852
2 0.4340722507875135 0.8444860107197715 0.44348244640413514 0.21479291633626665
2 0.6713863204816316 0.10308156038811071 0.09179367921622728 0.07958097854101828
3 0.40096382617844434 0.9392152376316445 0.23855416111117586 0.1054822254702237