0 0.6018655527469264 0.5456055551494512 0.35859433028936916 0.24485826637505154
0 0.6292317548230092 0.3630600917191989 0.20164504822992904 0.18385307662093575
1 0.6337572081109835 0.697243655191166 0.3676782605395791 0.19924113012323375
2 0.6528053219409841 0.8163529137329764 0.38679714464083814 0.1897376268503674
3 0.655292239876649 0.9125277376385448 0.3285733825833558 0.14372890589973536
4 0.6233849147407753 0.9666336511415066 0.24600347488125826 0.06673269771698696
0 0.39110860298440986 0.6838119224726408 0.31205414361258643 0.1700733174173397
2 0.39211388501937566 0.8040182153327634 0.4134632225921665 0.20912223292709944
3 0.3776619947486071 0.9097105276790127 0.2442429682220972 0.12641250194929435
4 0.39988316499783816 0.9612176040338707 0.2172692061646149 0.07756479193225865
5 0.4403849229423139 0.9927123444706295 0.1300034912843355 0.014575311058741009
2 0.6297788789600006 0.10944033732061485 0.11144403283062888 0.07516254848871141
1 0.6708532061279032 0.19502161621891226 0.07541431180531405 0.07735661712533563
0 0.33344510863979376 0.5777000550919476 0.2227482092493698 0.13830586620819205