0 0.4001432792321849 0.4492722590807992 0.38899402811067263 0.2365318744654146
0 0.44394364540789627 0.6213655997651356 0.3844382962803025 0.24114366832327805
1 0.3390018474056217 0.31245301690483945 0.35497246286012707 0.1823739191569114
1 0.46820340256582765 0.7638781674164599 0.3304300803670209 0.17177904229238222
2 0.2976529850741608 0.21002224006958428 0.3925521396510375 0.16711418367861944
2 0.530871929685251 0.8611808718913297 0.36800975715793144 0.15651930681409054
3 0.3018461086174736 0.1298362162029387 0.30830176564704515 0.11570698695460511
3 0.5633085203332479 0.9308658779749184 0.29122288209279973 0.11021365007251169
4 0.31982218627127335 0.08379378461471151 0.25124958076732745 0.07980030862772665
4 0.5980280877060717 0.9673245967822256 0.23695248408291156 0.06535080643554882
5 0.30989696186887794 0.0546048084813571 0.2291110444280674 0.06930338098811199
5 0.5945431879043215 0.9872787640825995 0.2138061058343625 0.025442471834801077
6 0.2900362914448029 0.041801983912810745 0.16016560901778 0.03531080269050745
0 0.8022938106660553 0.4104882419404222 0.3209406759902977 0.17379109154657066
0 0.8259917675596535 0.5193959380503574 0.320436755035653 0.16417570693118605
1 0.7772679504568729 0.29912772506418356 0.3230925616668215 0.16908134846379277
1 0.8498923668365441 0.6194228687317664 0.30021526632691165 0.1647634022806726
2 0.7385119046372497 0.20040066668461204 0.3950819660435447 0.16961597905738007
2 0.853676884806021 0.7180295356519161 0.29264623038795806 0.16466545305575847
3 0.7020916040425003 0.12335719830211313 0.31740300768850105 0.15205852693704078
3 0.8776421346058677 0.7994399248299923 0.24471573078826453 0.14607544393037514
4 0.6757225080888074 0.0779065522068148 0.2649065546391532 0.11154005475229889
4 0.8963587612627081 0.8613256971025559 0.20728247747458375 0.12287364094712835
5 0.6429607452248736 0.04778705843677312 0.20899841352667017 0.05169286411187334
5 0.9110916779727959 0.9265233909311453 0.17781664405440814 0.13572953027157444
6 0.5171997529832645 0.051058185667226114 0.07286104442806741 0.06293668136867285
6 0.8415196621764538 0.9503405245093255 0.15420365132356897 0.09931895098134902
7 0.47431357373965927 0.033719074231223264 0.06401176286393397 0.0313928336939295
7 0.7886299359821963 0.9715833429942831 0.082350448804791 0.05683331401143395