0 0.43267609435347426 0.6283900081820517 0.384964523126802 0.22267052957564132
0 0.45295723674793875 0.44516717909615416 0.38004486988510067 0.22015478314123954
1 0.3819253645697253 0.7760856663538465 0.3625988477437805 0.15491523614572683
1 0.4505434488120498 0.29023100245363287 0.33352877202960857 0.14943614215470108
2 0.3701366835232077 0.883867092294979 0.39340100400774436 0.1460272033539533
2 0.48779643634197 0.1878447452931094 0.3929531602717083 0.13641181873856867
3 0.3738313943455051 0.9574591259934295 0.3310656314814104 0.08508174801314101
3 0.5106000136789848 0.11033519683616494 0.31194682318465017 0.09850777180170968
4 0.5454524689824065 0.05951973170277824 0.24340756060285867 0.07049886018162413
5 0.5331796691479816 0.02801795607152822 0.2153977998344248 0.03622956248472241
0 0.8560673597046651 0.6757765989569452 0.2878652805906698 0.15860392564786352
0 0.8607317869174985 0.5582399130497335 0.27853642616500285 0.14160915215010716
1 0.8499639209119763 0.7944312827306631 0.30007215817604743 0.14675254529946605
1 0.8677160895836713 0.4454829443800755 0.26456782083265734 0.14116155102788483
2 0.8206320803887176 0.8993332863255883 0.35873583922256486 0.14317575607788496
2 0.8653649099694822 0.33971371361084474 0.26927018006103565 0.13154616641250022
3 0.8171170878621025 0.9579107468718486 0.31468655214052343 0.08417850625630272
3 0.8849282480749309 0.25127495718103704 0.23014350385013835 0.13053906388750022
4 0.8055193675590793 0.9929063914533122 0.26095891582349284 0.014187217093375618
4 0.9017815044216824 0.1891945832331204 0.1964369911566352 0.10566135024487198
5 0.9070897070050675 0.11844897211549221 0.18582058598986498 0.1269602647878207
6 0.833943654641121 0.0926480811582806 0.18761858878870433 0.11002144143034204
7 0.764258449449411 0.06581311754497927 0.09414517719637908 0.062222259176709475