0 0.5639077123055858 0.6843963617214843 0.24966154739382732 0.41391435131976234
0 0.37820416600757467 0.6542002009175524 0.22485369328175112 0.38621224124084297
1 0.7252230731680377 0.7253519509080355 0.1861123757025348 0.37458117280687975
1 0.20558549708754287 0.7534916710150177 0.09449366892003178 0.11296032599220086
2 0.8524170849836253 0.7392404420186153 0.17740627321960373 0.4053272518522354
3 0.9367615347064994 0.7364382119102173 0.09626078587777333 0.338669903976417
0 0.5708451072949086 0.4873439672254303 0.17374342103620635 0.36193204084434316
0 0.4460899140228769 0.4723795332765886 0.16646193779524834 0.35915025397451367
1 0.6963347207508452 0.47706801655888736 0.17642704630773062 0.3716734056983891
1 0.3467941884406152 0.3684676808257972 0.12471299470099294 0.24415380092516598
2 0.8180437030274638 0.47261271091896806 0.17570187485995264 0.4292397331520355
3 0.9271610344727039 0.4458298985817971 0.12952068700868524 0.2444057614024883
4 0.9724843874986834 0.46024275388558983 0.037824809265433856 0.2275992815641336