0 0.5671017124023222 0.4438996847340716 0.2612790515075839 0.4062477568495393
0 0.3799641939049244 0.43071185054879213 0.24660414211221068 0.39819616981872213
1 0.7266217050033631 0.42497376180918245 0.18815633700301396 0.37320136015699223
1 0.23331431131446687 0.4043265710582488 0.177953343285605 0.3558144047005501
2 0.8418384320731143 0.4134456809472613 0.18245579337525333 0.4160505666415837
2 0.12581278765084666 0.42985770455860756 0.16263741504245946 0.39810357880562247
3 0.9307120628138321 0.4407873085610729 0.1315247689456393 0.33151963551321917
3 0.05863101157930249 0.4373837004460104 0.09728331368976853 0.3127325991079793
4 0.9696657776035317 0.47397483492372994 0.060668444792936566 0.27116717401819584
5 0.9901824140686561 0.45475591996340575 0.019635171862687775 0.22311395948216287
0 0.517941174356403 0.6226006401470756 0.18840816947531047 0.3804128986185307
0 0.4056586632579643 0.6146879396359078 0.17904461733222213 0.38706440470055026
1 0.6365004005175954 0.6723006321607914 0.17859436213337732 0.3054736435646606
1 0.2899115663707467 0.6455167937760381 0.1752137205020305 0.34605901199028577
2 0.7531708831365661 0.6679140857129688 0.18287551416241363 0.42806979741081447
2 0.1717758905355251 0.7114114292892572 0.16459100599746085 0.31665282576461296
3 0.8408158859274868 0.7290495675755063 0.13124240206165894 0.25473656668502215
3 0.08142179937271413 0.7106521174626331 0.10776101521353744 0.20059187844648874
4 0.9135036124390539 0.7067504745278271 0.11092035878427244 0.2223665019259837
4 0.04132334984124998 0.6660172469807095 0.041681950855642066 0.16315781373088875
5 0.9640663601084503 0.6855014421917465 0.07186727978309958 0.16299409709511892