0 0.569821896225899 0.40637882102115336 0.24208061313431178 0.3780792675933763
0 0.3791837624849283 0.3687315744107903 0.20902636363452023 0.27398653115438054
1 0.7291321946776613 0.371408136692681 0.17700892981769448 0.3669532291904915
2 0.8539853371602366 0.3600852678597749 0.1775963598873941 0.4006070753443377
3 0.9464528490252909 0.3554154410246787 0.10709430194941824 0.3583429372220087
1 0.6897022390068247 0.5923671622946041 0.17228515609138767 0.3716490212176285
2 0.8163027753453297 0.6122663183915592 0.1861086363604104 0.4752941565344019
3 0.9311568163041072 0.6480702251899031 0.11916095154697032 0.21903176057948726
4 0.9795219948782516 0.6263506796558218 0.040956010243496675 0.20790572217660278
2 0.11052552697068967 0.33891232274407046 0.08163468406502876 0.13405789309070515
0 0.5830396965486896 0.6814233801455658 0.1308025486999655 0.19767689589626075