0 0.5747344867603233 0.4452915903847415 0.3687833179307347 0.2074710503912154
0 0.576700490130709 0.6267400029214101 0.3734231730756556 0.19802355409069497
1 0.5973314360620596 0.29473069634547067 0.3435699962528739 0.13932391650920237
1 0.5924182217730863 0.7702305419411328 0.3146399238253344 0.13350889431232488
2 0.6062605756731899 0.18693536813083816 0.3649528558933322 0.1256563370030142
2 0.5677382042898775 0.8702686946709182 0.3694668331661747 0.10899730224095532
3 0.5939327335159403 0.10001915788393224 0.3211801136357876 0.0952991883230828
3 0.5509261775661234 0.9393506519517161 0.2872325524470916 0.07729704704211052
4 0.560557706043775 0.04600129637398371 0.2604126111385484 0.054739045925742205
4 0.5433519018415185 0.9807559038074937 0.22912065184785554 0.03848819238501268
5 0.5782089185813857 0.024996262170108967 0.20930245254738666 0.016918526311976084
5 0.5653851304877158 0.9996032054963027 0.1781783304194652 0.0007935890073946111
0 0.3973533828640219 0.467925876580921 0.3628007654836431 0.13999546976865893
0 0.40887791520593036 0.5776366532106494 0.345722086662563 0.12498478374355752
1 0.36292937312453577 0.3538118612248186 0.2954091545945652 0.13283734105286832
1 0.3711236013939926 0.6856265746130199 0.30498257991925687 0.13076927152875037
2 0.36580693806035786 0.2434028264627597 0.38671334915002614 0.13362337288144147
2 0.30209830793670844 0.7913232988918504 0.28562593281640924 0.12288617980775521
3 0.31371073613791467 0.14909192223360895 0.22991787837101937 0.09691700264835588
3 0.29762020666238137 0.8788538231136547 0.18643885114832442 0.08338677704534748
4 0.33657433753697696 0.08262367150023753 0.19356647102847724 0.0788309172099515
4 0.32747338348516314 0.9375534606951473 0.16206471528432032 0.06331656624025765
5 0.35380595716765934 0.03758017575790124 0.1522395342154715 0.050961558841298334
5 0.34516047202128924 0.9802846625692909 0.16189687812154901 0.03943067486141826