0 0.41665363122310023 0.5700822489466884 0.371401907477756 0.23183831306880373
0 0.4383728532231261 0.40019247398750035 0.37346956703571976 0.22708657090138923
1 0.3658866554126791 0.7020969569782054 0.3380172345871915 0.16626306523162418
1 0.44433248859151103 0.2623349960531521 0.32376225096205585 0.16833121054380368
2 0.3414444339792949 0.7987253743853634 0.3806140921646578 0.15765478314123982
2 0.4917793417843748 0.16864195113247904 0.36071094974212403 0.14759179740363274
3 0.35669094407570745 0.8794780211003208 0.29088185796531474 0.10996750116816265
3 0.5207265755958693 0.10211756078867565 0.27612259444635556 0.10482410801880365
4 0.3804855023422223 0.928030520369605 0.247326980582872 0.07055481032190213
4 0.5440591572762661 0.05826185848557738 0.23598012300540583 0.07989044423589764
5 0.3728031906531607 0.9554509505777246 0.2279281180541618 0.06770336304583352
5 0.5580032242968548 0.0345870728589214 0.18812183320909417 0.04757739157061981
6 0.34865541247439347 0.9704884741048079 0.1637471850747504 0.042210197860149797
0 0.8304343229641508 0.6529110804862186 0.3040272018374631 0.16067207096004282
0 0.8444206932924447 0.5440396317487187 0.30128716908773473 0.15580842851207286
1 0.8150779362609927 0.7593507079997336 0.31090255370311937 0.15603222907318381
1 0.8511290717930395 0.44380544511079134 0.2977418564139208 0.15893962648953008
2 0.7809362835632534 0.8545534017688574 0.37357064700106035 0.1598907788742524
2 0.8527429914398504 0.3477634992375007 0.29451401712029907 0.14910044131303438
3 0.7633106373378898 0.9282533159916669 0.3124659333672598 0.14349336801666615
3 0.8717721607063784 0.26653628126923146 0.2564556785872432 0.13367026186495748
4 0.740843792138534 0.9583853181251605 0.24470450114841433 0.08322936374967901
4 0.8863592125899138 0.21035362242537467 0.22728157482017236 0.1135442903897438
5 0.7164186040215198 0.9871755218310365 0.19740103122859656 0.02564895633792693
5 0.8982188667193884 0.14581345218333408 0.2035622665612231 0.1297557619236113
6 0.5955539231374476 0.9768327853920409 0.08336116222751008 0.04633442921591834
6 0.8151977294420233 0.10897145297270369 0.16655423115707946 0.11667347848910269
7 0.5423078511656148 0.9884044150390494 0.05043022924809894 0.023191169921901178
7 0.7457888709100667 0.07735677212184891 0.07184621135210278 0.06647045008162399