0 0.6099014019732902 0.5458012511959194 0.39476390772657177 0.27065347839731513
0 0.6494546625128694 0.3469504721033951 0.2571572800274113 0.21379093592803214
1 0.6500946337462984 0.704899627158454 0.38925693335943923 0.2103334026831432
2 0.6678149537286768 0.833811631994074 0.42042301951230654 0.20457735636372176
3 0.6680378819223836 0.9178902669116851 0.3401171015521672 0.11674803015680897
1 0.39683850554524913 0.6866634287733278 0.35543525951132754 0.19434287268394002
2 0.39539798450280234 0.8104615056964046 0.42274295181901994 0.1974777788361923
3 0.3701008152573485 0.9197541919595718 0.2778968143759434 0.13787550741103652
4 0.3984155147383278 0.9640837376745405 0.21433390564559424 0.04361836928064815
2 0.668254403062728 0.07338618757079803 0.1452936779611185 0.09806380988669453
0 0.3259818286368569 0.5818491798705211 0.21788457437692224 0.14228802252234948