0 0.4039290805622446 0.3670732020679264 0.2563194120562826 0.3788253924930732
0 0.585108548573082 0.35607920189417336 0.2534112860086131 0.37147384593665483
1 0.2517891296868372 0.3653942265045996 0.18699460017329683 0.34605901199028577
1 0.7326594404214085 0.32636816936262036 0.1832460076359215 0.3266882346646368
2 0.14177526316137293 0.384124234708075 0.1749248294213957 0.3788728095748532
2 0.8465394527995189 0.3629266226976065 0.16927667062399748 0.366573562615863
3 0.07251746461098753 0.42078937647706655 0.1087267768666908 0.3223479837233639
3 0.9331366909956158 0.38592575621968445 0.12146892081035651 0.299149570754181
4 0.054496855132106455 0.47121199593084095 0.061255213648931765 0.25973168416937426
4 0.9746667720942397 0.4132544079878204 0.05066645581152056 0.24190099588740266
0 0.491911688550256 0.8360467508435367 0.18358219423180386 0.32790649831292656
0 0.6049177277723605 0.8276649266031039 0.1787745019241114 0.3312159107825695
1 0.37882160267918114 0.8380952104125762 0.18665841357741447 0.32380957917484754
1 0.721504266233899 0.8325857952676393 0.18168262797178103 0.3348284094647215
2 0.26141986771927217 0.8112495382660664 0.17156296346257308 0.3307958864979301
2 0.8300387997441933 0.8196850259825723 0.17492482942139576 0.3606299480348554
3 0.18290814114071957 0.8354054209337479 0.15512276696420252 0.3011096840824976
3 0.9164091679847137 0.8314429020143966 0.16194757884718833 0.3302358541184112
4 0.9562926627198863 0.8196681246235904 0.08741467456022725 0.25700040474398844
4 0.13539427461525527 0.8577756396040973 0.11447601562942938 0.26761955456442155
5 0.9877527793423128 0.8122228654788421 0.024494441315374395 0.2228102347515133
6 0.9895095222957296 0.7150771083903926 0.020980955408540707 0.13344790277456625