0 0.4260322311211535 0.40968800597870797 0.3614201949372865 0.25935867977179516
0 0.3894399976636747 0.5860611487542017 0.3709236792721156 0.25499883120013894
1 0.43201688625277757 0.2559538130665632 0.3382189756248933 0.19104333905802184
1 0.3333941993533648 0.7194153158983112 0.32591999415427364 0.1784643036187461
2 0.45630913330058753 0.14277876916495194 0.3792522106611112 0.20015821339771347
2 0.3418895762241446 0.819678755485967 0.35929408960673087 0.16801252592564134
3 0.5108722528935363 0.07312652509776557 0.300370878828312 0.11244084812480973
3 0.37260704495245656 0.8957094588643195 0.23770302840747867 0.10231832537903703
4 0.5537508376198718 0.04023007221215405 0.22903678629871804 0.03948244257700993
4 0.3764915599455655 0.9355968422707991 0.1986819885431624 0.07648848889643116
0 0.5832873237680551 0.4771735814694566 0.3234601978601498 0.17594849653089092
0 0.5615667732949248 0.5832490478435383 0.3306157861814103 0.17388053317907184
1 0.6518828742411856 0.37328135330855056 0.3120564186339745 0.2018309995531535
1 0.5662046053036853 0.6941618537224884 0.3332434328963677 0.18360787872846546
2 0.6654417388071046 0.25599671597312956 0.39831512947104714 0.19384236240824707
2 0.5651405476993584 0.7915736034202622 0.20455273351613265 0.12238548768752612
3 0.7407173014091344 0.17527690907578902 0.23133074205010692 0.13804013488470226
4 0.746001574848237 0.10332946586141792 0.1992974400862179 0.10293079658873892