0 0.3788043322781029 0.40852258976990447 0.23241495564038714 0.3883058662081921
0 0.563363038451819 0.3867559166461979 0.22237990234848554 0.37382684861385596
1 0.22124749203205057 0.4112123305088045 0.17374342103620635 0.3543163760267908
1 0.6974023899143916 0.24207842340050464 0.08954608705350062 0.10386885065671733
2 0.09558301662756523 0.43332164024397346 0.16737121992770201 0.38312057436950026
3 0.031581226424843706 0.46655593136337575 0.06316245284968741 0.31772724734213614
0 0.41888182684761904 0.6010960002660779 0.15388314879066145 0.3325698792996571
0 0.5346861109087515 0.5873442113981112 0.15712633229754183 0.3614300183136257
1 0.30615872617160955 0.632897613039613 0.16398814686198276 0.3494527430478392
1 0.646980294172117 0.6529123530231602 0.121399866414693 0.20740205728587952
2 0.1886978779673272 0.6622674093236722 0.16615643502398753 0.4239719738170702
2 0.8024243386729262 0.22706177820044823 0.06735191343352899 0.08451221491561488
3 0.09062055037944455 0.7278137718418496 0.12181953509121025 0.22182513420895644
4 0.030693043577909456 0.7202106486814969 0.06138608715581891 0.20713633909739843