0 0.36579519698525603 0.47562226173925115 0.4285040866838677 0.2652319291518342
0 0.3731985411815699 0.6748503322789667 0.3971421864033122 0.2580562534408814
1 0.3455613449856835 0.31033919758289696 0.36186578618141046 0.18579457900660087
1 0.30242194017665536 0.8187885218719442 0.20695657966997866 0.12846373763670316
2 0.3485826525606836 0.18053150527520462 0.41245845569273515 0.19442747527340626
2 0.2624207679184287 0.9337536185834414 0.11007538169252143 0.08992763485744003
3 0.3545663027532585 0.07864127259096546 0.34375200987809834 0.12923104948176833
0 0.5879831157951919 0.4996829128778354 0.3496227548510685 0.17526843154380847
0 0.5815518644803949 0.6208039147928438 0.33503182750715826 0.1669639776653805
1 0.6125271384742519 0.3763222860031695 0.32083255114519244 0.1754864468638756
1 0.6715542100208327 0.7371917887178845 0.23133074205010692 0.14470834025459567
2 0.6022153919225426 0.25032044687102084 0.46042347848910276 0.19326283435534547
3 0.6541238946694444 0.1410738053146239 0.22383945288717955 0.13214265177692028
4 0.638639774959188 0.0821064296359452 0.23714352700470087 0.08515864411688671