0 0.431417513734509 0.5600368430201424 0.39021039864316265 0.24486002056503248
0 0.4474860951005345 0.3722990871199328 0.37768761661143174 0.22308554876852915
1 0.39304291530053476 0.7191801866155967 0.3549339984212609 0.1747568841502075
1 0.4464210325571583 0.22323265429909364 0.34011927051623947 0.1577621333790189
2 0.3802433973845627 0.840756230720282 0.4051909670909189 0.16572889646475275
2 0.4826165903374467 0.1254293445502827 0.3781891579958334 0.14138275082013754
3 0.3957585069821055 0.9391600809748974 0.30791811813151715 0.11653312209272516
3 0.526667113192468 0.05518635172356971 0.305010720715171 0.09487053542573236
4 0.5546740149344551 0.022764926124966365 0.25838649140737185 0.04552985224993273
0 0.6320267673001072 0.5528935486339199 0.3473867591180557 0.16024989337999784
0 0.6402423934694982 0.4409888317093746 0.34470316226282066 0.1482026913283896
1 0.6458933576375541 0.6837772932478361 0.3117766679325856 0.17906109337510293
1 0.6761861756185367 0.3323682142682559 0.34733080897777807 0.1578460472261517
2 0.6236183304568917 0.8114748378666471 0.4220178901678421 0.16592469544139596
2 0.7434918580481304 0.2281916624639207 0.3568902434528847 0.15555408620181593
3 0.6753030326426823 0.9142668111932907 0.23815062952970087 0.11331810874992844
3 0.7426236259347758 0.1392353691304242 0.16776768938482925 0.08366078771482417
4 0.6476598068125008 0.9662851588895145 0.21757705693226506 0.055402030798599795
4 0.7448586167287394 0.08029918143762703 0.13858583469700883 0.06890205540321595