0 0.4187073557186081 0.5898119436419557 0.3480191253186026 0.2010313641482496
0 0.43407716964496906 0.42063448826076666 0.3478791172237227 0.1986275179944036
1 0.39578783736395423 0.732477163124893 0.3281120241543245 0.14795094978699114
1 0.4093397892073391 0.2846213815918157 0.31270889056708917 0.1309561990158023
2 0.395086675314325 0.8441720954316062 0.3636096840824977 0.13875513440727041
2 0.4462968014365353 0.19737049441803925 0.33803113350035885 0.11203311389118674
3 0.4159619788723163 0.9344981395362915 0.2724272468721137 0.09925865849776071
3 0.47143274076837527 0.13400422672964746 0.26127177321305173 0.07270446567594248
4 0.4512140638468347 0.9800156902756635 0.22367399186168194 0.03996861944867301
4 0.4861595424221018 0.09814233339859839 0.22367399186168194 0.045842588747970654
5 0.45711523070407334 0.07378220211279438 0.160613959482163 0.03549995079076824
0 0.8090404852584034 0.609968291387128 0.30832122254403604 0.13811179491258557
0 0.803872040018297 0.5006072770283169 0.29842582173889226 0.1331922174753828
1 0.8083393232087742 0.7216632236938414 0.3060573844850698 0.14048766978405397
1 0.8197663235128421 0.402301326262023 0.32218426708759407 0.12866423799146653
2 0.8062262259399022 0.8297384011285966 0.3851042913722334 0.1366030297948227
2 0.8210582751933335 0.3038415334426523 0.35788344961333307 0.12911177850950833
3 0.789351885781199 0.9112174288179674 0.32430809705168073 0.12388451696615185
3 0.8196511455340828 0.23534590369922576 0.2731272873465127 0.11127788926699135
4 0.7794209221647197 0.9626310256818164 0.2499525829182198 0.0747379486363673
4 0.8167809795890475 0.18606705754537958 0.22887799991312363 0.09394748310727132
5 0.7208648573622433 0.9889894195269912 0.15552625098471123 0.02202116094601764
5 0.8100250282234835 0.13193856216027472 0.1861688015234118 0.10305938463985902