0 0.5456295187093336 0.41748445866130335 0.24047012910180293 0.42926914699828017
0 0.3486400006042822 0.39699662703750127 0.20849290037543364 0.3040873398166878
1 0.7129415668384003 0.3744451818058673 0.17291070377344434 0.3856083315302351
2 0.8415333509013548 0.3761008214816218 0.163491111507467 0.4192062370128221
3 0.943619894016835 0.38872760569564685 0.11021491142403707 0.35159087101320424
1 0.6669320445326188 0.639126984333518 0.16091944333984315 0.39034609799885334
2 0.7906741807844366 0.6480221328064405 0.15390369722771197 0.42395798864925527
3 0.8986025172707546 0.6894601079470823 0.11679711733390974 0.2434597495935718
4 0.9660500612565949 0.6650300617098066 0.061382789285115265 0.22150347534921594
1 0.18567493560016904 0.3126110799873689 0.09932687653750609 0.1327849303419451
2 0.07257529244297406 0.3337010751823567 0.08497372545350318 0.14472025010428716
0 0.5414845191625454 0.7167772899829643 0.12374293760696713 0.1978286281739394