0 0.4641164647444326 0.5708699033247183 0.37347389275952925 0.20400686692748154
0 0.4383447149793429 0.3894494445484077 0.3688483530213186 0.20638274274569815
1 0.46246199906035884 0.7235910525169305 0.34488161698402836 0.14377086140317957
1 0.3905202505647962 0.2502431377264601 0.32900131950509875 0.12445618116552176
2 0.48442647624162827 0.8388987494785645 0.38815084775325914 0.144022594423846
2 0.4168879939393793 0.1538934992232068 0.35453286434999853 0.11259078724225378
3 0.522689350166669 0.9312650192200491 0.28132456431772457 0.09774815528473314
3 0.429543339293519 0.08287514892613428 0.27932088605342725 0.07130584759242528
4 0.5634098643714343 0.9767213260419966 0.23626967060426374 0.04222194589341983
4 0.44438451548143765 0.04070295247521561 0.23386582445041745 0.04220796072560507
5 0.41648498723327726 0.021626020090409145 0.18265644494172215 0.032298887586109735
0 0.7583502524869498 0.5342869658688217 0.32066100287608523 0.14122716357118556
0 0.7364768515904211 0.4201811919841108 0.3103170079827743 0.13155583828454182
1 0.7934448072296323 0.6483158213305512 0.3254686951837776 0.14125513390681513
1 0.7475107551945194 0.3118962337185155 0.3193859348897142 0.12440024049426263
2 0.8040108152016889 0.7600387268131381 0.39197836959662224 0.13932678345867197
2 0.7352348075380826 0.21336651174645277 0.3846540861825235 0.12958553233295442
3 0.8125335448663354 0.8526217666557522 0.3164356310274232 0.1171747168649091
3 0.7200637695535099 0.14010514472540425 0.27243778998026613 0.10730759922885841
4 0.8215128148968112 0.9235142504424915 0.2798314810112862 0.10975340088614899
4 0.7170761835323567 0.08480969060303532 0.23732672327056756 0.08788103764868203
5 0.7815223303782487 0.9670352142323886 0.14251967060426388 0.04167652434864276
5 0.7022515193114545 0.03426759082739836 0.17373380785367806 0.06853518165479672