0 0.4386759961842736 0.6003053033573237 0.3564648171131246 0.21143930112458684
0 0.4362872425891671 0.42640420591192185 0.3466672799282584 0.20869967834101233
1 0.4109614593221481 0.7407891199153334 0.33544838493812534 0.15556323048410084
1 0.42100577753628426 0.28801516375090386 0.30977055027432954 0.13308917352516458
2 0.413421938418426 0.8523581056755992 0.3687379259530083 0.15193075638045775
2 0.4380313651497051 0.1963065284021478 0.3255045579343632 0.11925370570411226
3 0.4370795828509081 0.9430899455468545 0.28835395020978144 0.10357146641955403
3 0.47425185924330954 0.1364355021554163 0.22385027194548412 0.07494661063401215
4 0.4719726342405396 0.9832761178251617 0.2364518231737452 0.03344776434967674
4 0.492043339293519 0.10229325826281982 0.18320290265016675 0.04475735026894491
0 0.6217505403908373 0.5959097237085704 0.29312577976688803 0.13490541057698613
0 0.6304716741258303 0.4895261789644412 0.2982977772135435 0.13988099119954261
1 0.6542590964101921 0.7085280114367376 0.29217915416889456 0.15405223565032328
1 0.6455667283844018 0.38816018692158455 0.2859142413053496 0.13465357810468986
2 0.64109457550647 0.8195513601736949 0.38316100287608523 0.15243442132505025
3 0.6904479859780406 0.9171742290826026 0.21383471944055052 0.10096919753915948
4 0.6726206431772456 0.9703106259901145 0.20054042068494893 0.059378748019770895