0 0.6673573299583252 0.5587835227588932 0.4057627454336975 0.27285960944998255
0 0.6166690303473238 0.3763831644802211 0.4204097442247925 0.2785915745236686
1 0.738000830943807 0.7037397795808824 0.38110518483083883 0.20656935414714567
1 0.585409088565281 0.2228755421671337 0.36187441560006933 0.20533699045915418
2 0.7839044575895973 0.8092940836669771 0.4190069186223319 0.1970148507538984
2 0.5226785388425678 0.11839955630803171 0.40916761213892955 0.19159097660221022
3 0.7815895530272793 0.8890061203963976 0.32978139466765444 0.1337769064656282
3 0.47697250079496717 0.054659822997415605 0.3129544715907311 0.10931964599483121
4 0.44988476076843387 0.02348684572791508 0.26515413692148304 0.04697369145583016
0 0.22119692720936482 0.6597054085810825 0.35477483807254007 0.20727870023000333
0 0.18910059234960205 0.5400056778828403 0.3347603423037077 0.18921941346508875
1 0.2507774549812724 0.7771553385864777 0.354215033402495 0.19525946946077255
1 0.1694713319951061 0.42915110449498783 0.3058022275235448 0.18496702177925511
2 0.3002308703908273 0.8812766514041507 0.4096154558749655 0.2012063612175947
2 0.15733351243717117 0.32384401010875397 0.2909313068644319 0.17442736439787673
3 0.3350899535489441 0.930879729988357 0.3364331284591477 0.12221981207939446
3 0.13287022650515443 0.23861493498878353 0.2493941566449932 0.15738551463781755
4 0.3584039829436947 0.9655510131470588 0.25615122351580044 0.04517497271204308
4 0.11044857065512838 0.17133768329215976 0.2101488916453917 0.13809386418491124
5 0.09065468282696651 0.10871407844222938 0.1763830845575365 0.13353338157707967
6 0.15924661194841486 0.08020829853479813 0.17285962906360025 0.10934087457761921
7 0.23094048609759188 0.04065414274356076 0.08614991219677762 0.04866082190419422