0 0.6673636277169087 0.5436841302348075 0.41449102145345024 0.2418513356551616
0 0.6903712177008781 0.34975449056555286 0.38525241912226704 0.23536354620891217
1 0.656620449622272 0.70460181444762 0.37033897995898657 0.16989966767554693
1 0.730058661762926 0.18595478613726005 0.3364889095626256 0.1655357081933841
2 0.6279709167507985 0.8211064945912737 0.41041946760431247 0.16266442067311823
2 0.7024140342615295 0.07332547797799106 0.4024230321727153 0.14665095595598213
3 0.5905644307334216 0.9130008265465015 0.3391872904463267 0.11066727093956175
3 0.6833547132853569 0.01998583628501643 0.3157866568790793 0.03997167257003286
4 0.5275984477489699 0.9370037252736279 0.2713400806547605 0.07082936007011562
0 0.18374894706513228 0.5479273038620591 0.3198582107282172 0.1669594976830718
0 0.19846596361981544 0.4262530569030688 0.3264810764622117 0.1601679835061727
1 0.16919009812371386 0.6726354334018545 0.3383801962474277 0.169339635296028
1 0.19745986805324126 0.30669078563772006 0.3555234545508802 0.164251926798576
2 0.1791123062798709 0.786118085235148 0.3582246125597418 0.14980514133460907
2 0.20739327400685986 0.1890423321941383 0.4147865480137197 0.16562829920648361
3 0.1579700367962883 0.8783861459684654 0.31490344942168036 0.13556948958819193
3 0.21112183216376296 0.09536233624157817 0.36837673753383976 0.1458612061370854
4 0.13919157317647285 0.9350046844082847 0.2783831463529457 0.10333943292403365
4 0.23405628438047585 0.04485673689468842 0.2626566620082791 0.08971347378937684
5 0.2306956962698085 0.012054793580565921 0.22130091515269074 0.024109587161131842