0 0.6234280240329707 0.5986224724294139 0.3802485025720602 0.23056147757629625
0 0.6097169046787789 0.41586717461777567 0.3744596890517945 0.21829028632974315
1 0.6633362699593683 0.7474140843001954 0.35954624988851364 0.15288251922125248
1 0.6170761072374107 0.2694266404007941 0.32368478182333615 0.1533966617951812
2 0.6779797520146291 0.852868364472773 0.39521149371117686 0.14996453049347735
2 0.5806017855550197 0.1627023362223205 0.3850074363682481 0.14224907107729431
3 0.6638262354674064 0.9308622734244699 0.31637532960662323 0.09317452771036618
3 0.5477821899809853 0.08596311884759321 0.28512532960662323 0.09153678460777112
4 0.6266155769603782 0.962989024285456 0.24175818508221797 0.02942494694303887
4 0.530342214920766 0.03562870829467072 0.242886375293636 0.07125741658934144
5 0.5368180116559159 0.01288921041694917 0.2226744848502934 0.02577842083389834
0 0.1955925638920255 0.5920748208262848 0.3040615641075376 0.14758112757819958
0 0.1873757233282444 0.47662721532233887 0.3064654102613838 0.14770710781686075
1 0.20221503289385415 0.7027777241418691 0.2996463202848746 0.15213685940856955
1 0.17734370933816124 0.36851712851859253 0.2962613529184551 0.13999164840067763
2 0.23518169746673315 0.8108929217552576 0.34674212214922434 0.1426372334125618
2 0.18212722075618426 0.2644588525905715 0.30568051329132506 0.1380917232014761
3 0.23724185364705427 0.8952794976171952 0.3074956867176273 0.13100616497859882
3 0.16775349744286033 0.17709640869117038 0.27546078974756855 0.11975303726061923
4 0.2530874571453211 0.9415245964238894 0.24867518881390163 0.0848393887201613
4 0.15313439464335163 0.1163022527227381 0.24862603357023152 0.11355956232765416
5 0.15475354219322204 0.05409164927118055 0.21816093054029023 0.1081832985423611
6 0.40828260306724257 0.964774851268906 0.06887748624780972 0.022758215913281806
6 0.2525263375308556 0.04126376856993644 0.16851421352324975 0.08252753713987288
7 0.308943187646818 0.023182153916043884 0.09384791375517446 0.04636430783208777