0 0.4278947353156104 0.6193985692563261 0.3498551848308387 0.20456676315415942
0 0.4235512782317399 0.44895656052474764 0.3499671457648477 0.2069706093080056
1 0.39953270025736387 0.7565879869949181 0.33240916268951853 0.13873864423431953
1 0.4024105452681222 0.30380151852798465 0.3087065839530839 0.14440972808586836
2 0.3983374050351359 0.8595682579578054 0.3656151651073286 0.13127989607292015
2 0.433653917413427 0.20274681582758436 0.3485643201623876 0.1253938855382353
3 0.42252078863213016 0.9414064905301427 0.2775092504927409 0.09208041332311176
3 0.45061582076684 0.12953697147684473 0.28874475472390854 0.07602371755118344
4 0.45092241266959554 0.9804350851790331 0.23474052999920308 0.03912982964193372
4 0.4642255239546778 0.08726903620410717 0.232896488515402 0.060461441178976665
5 0.4436285604712241 0.9924158045830141 0.22031745307612616 0.015168390833971684
5 0.4636920525544612 0.050086443549991255 0.1940990672518365 0.05078517534145492
0 0.8343390099864524 0.6238746595110337 0.30367496977737357 0.1392939448561782
0 0.8267849608681919 0.5131436909731116 0.3060788159312197 0.1394479903171772
1 0.8333676366322427 0.7316626227816132 0.30115916268951864 0.13673605324133303
1 0.8387975637827273 0.4108566245847197 0.30999082076683987 0.12052531200840583
2 0.8211046004309082 0.8342577800920031 0.3577907991381836 0.12903009538007326
2 0.8281316278546952 0.31567363331629816 0.3437367442906097 0.13500927015361996
3 0.8239038019300858 0.9144015125933518 0.31742628109639637 0.12579514069909473
3 0.8282205694462234 0.23522180989295155 0.2857284373603605 0.11417716509072395
4 0.7929370181924559 0.959752419562996 0.22758828593201677 0.08049516087400804
4 0.8205018928542968 0.17241371897095362 0.2250724788441616 0.09830679779651931
5 0.7804732576145367 0.9869112228895143 0.19041098428423453 0.02617755422097135
5 0.8139291588722888 0.10848072770253213 0.18991047400854144 0.1152268851123042
6 0.6554172771475322 0.9825432971079315 0.06334302093241516 0.034913405784136896
6 0.7243710660429314 0.08955989179941692 0.15066520900893984 0.09593523465939785
7 0.6563356276641805 0.06962161889144616 0.06747894763605335 0.05944768898543335