0 0.36862290223158806 0.6469304545766554 0.4061077487546594 0.2611580313533627
0 0.32355839634504086 0.4496457038893916 0.4032838783161739 0.25384854366690984
1 0.3840830640205878 0.8094349430235569 0.3729213439672328 0.18546340988515853
1 0.2842697851598992 0.28976749242411487 0.34619902008516557 0.17957827610340737
2 0.42198344852737674 0.9169142486397728 0.4086990200851655 0.16617150272045442
2 0.31099323061719686 0.17214839695753253 0.39343589459281003 0.16711418367861944
3 0.4604094241775801 0.9760023327871112 0.3350909635078837 0.04799533442577742
3 0.3235617610707321 0.07913301614439086 0.3036772468721137 0.10829955004323777
4 0.3462819999782809 0.03689225223676181 0.2598716922642541 0.056153643988922905
0 0.8444187224354406 0.6125806849353783 0.3111625551291188 0.1761949377004168
0 0.8293461453168915 0.4870419641983489 0.3288120646287233 0.16927724691362164
1 0.8508537284523026 0.7334586372020873 0.2982925430953948 0.18188417303233925
1 0.8234076555549463 0.36449478496465226 0.3483228500492523 0.1748685330206295
2 0.798938437036631 0.25318324270087084 0.37730901199028577 0.17844776987344907
3 0.7931981051465604 0.1546255503931785 0.35016666382357925 0.16535109763015937
3 0.8654975502129137 0.9285722514763133 0.2690048995741724 0.1428554970473734
4 0.7822063481232683 0.08942785656458899 0.2759511577849982 0.12635492857503358
4 0.8868984449143194 0.9666154606602441 0.2262031101713612 0.06676907867951179
5 0.7729646922859732 0.05427823965907642 0.2190063076488695 0.054488507165377294
6 0.6633796801436536 0.046215780694699775 0.13445166797961478 0.04384874583183312