0 0.5510503375339048 0.2781938811021643 0.2122894051009533 0.37966952002643234
0 0.35491295412742524 0.28072191389608164 0.2234129483981119 0.3605786072075512
1 0.7068261605280403 0.26437302881552 0.15336552713454638 0.3525559015570621
1 0.19287726061082788 0.27402616002790087 0.1444745746628728 0.3164142954022369
2 0.8253687014073888 0.27537299190859615 0.13832997900176736 0.3908216410419572
2 0.08120706146364315 0.32203231283356587 0.1255270216944737 0.3738548615531462
3 0.9166292275893622 0.30409411704936484 0.09226172488231135 0.3302220041130065
3 0.018134179233159985 0.35122726564412576 0.03626835846631997 0.2986083774420977
4 0.9526276255027024 0.3574262729520219 0.06475247438957045 0.2554230605199997
0 0.5487549602377678 0.7664124062331432 0.14425065279485486 0.31160660309454474
0 0.4286746134794691 0.7626099959604168 0.14425065279485486 0.31160660309454447
1 0.6674094620511254 0.7750085231723732 0.13815872367340631 0.3355611507858733
1 0.30741867691407576 0.7840479703030747 0.1410104135632886 0.34520450668363567
2 0.78318925463212 0.716227019597967 0.12982757587177765 0.31143877540027903
2 0.18993645098046527 0.8002438553958735 0.14129362982565874 0.3995122892082529
3 0.8748416440831247 0.736534683200274 0.11473273334464687 0.2968478707829364
3 0.09492854743653766 0.8020191897615376 0.12133180059648334 0.3353653518092301
4 0.9327282264462743 0.7588545950031408 0.07811523636690947 0.28440907077804145
4 0.04084384408762527 0.8000340707780415 0.08168768817525054 0.25592654360279654
5 0.006630193263734064 0.8055681743622376 0.013260386527468127 0.21925348308279688