0 0.4764476651061119 0.4168699126326017 0.2324490438157622 0.368991185970534
0 0.6503233113314753 0.3413087868611686 0.19128153923723554 0.22698245571201853
1 0.31186825021662096 0.4190298197048383 0.17408436293169005 0.35904015732759437
2 0.1860865603845507 0.4257736563997305 0.16905803734338629 0.39024820182415
3 0.08731023479624696 0.457611033447952 0.11437493566408877 0.32985835945388536
4 0.04784837322202679 0.4951153892693263 0.04627731684936113 0.28380768299980896
1 0.41572032144301896 0.6661225075096595 0.17095760360340903 0.3830506485304262
2 0.29223316112448916 0.6884843516206444 0.17174753011044436 0.4287097402856884
3 0.19284323900205627 0.7287421827912346 0.12291474715922614 0.24580765507615882
4 0.11128056306922818 0.7316215246507839 0.1016668583531633 0.2168496198874864
5 0.06437205640292792 0.6970244810245885 0.027971620723708027 0.1251118813425183
2 0.9096195426673479 0.2664531107092333 0.0779481100606537 0.1181940314050906
0 0.5374001988254616 0.7038917801643656 0.13084919879519946 0.22182513420895644