0 0.4052081724256072 0.43767119595552173 0.25497787983074116 0.3729334933653132
0 0.5814550447076275 0.47099107085146474 0.24561445569267898 0.37762930054349514
1 0.2653918223576205 0.37470882773097725 0.18641038513643735 0.3481118359202787
1 0.7264468061800057 0.4810967949737715 0.17553519813444096 0.3239614892523067
2 0.1590454588951304 0.3385943507932157 0.18134051073213853 0.38889330668853045
2 0.8211569903988908 0.5327104011408339 0.16590959189977256 0.36949470976349563
3 0.06751033469098479 0.3411372112936358 0.13290609017780033 0.28983213129804114
3 0.8920125726276638 0.5575880011506237 0.11101951431586261 0.2847726974489505
4 0.0251399584249339 0.3537290112862935 0.0502799168498678 0.24111186872643323
4 0.9306052021375055 0.5784822196175464 0.08521732943614506 0.25083913847132816
5 0.9545125726276638 0.5583152544924415 0.04385824548539984 0.19510313641482485
0 0.3937337490881577 0.6107201477500672 0.189318152244928 0.35775519181804083
0 0.5033658203751221 0.6300356728932834 0.17476909508319005 0.3551835179699289
1 0.2707596545260204 0.6165051508103476 0.18452068155652002 0.31205414361258643
1 0.6014928034667846 0.6852970052146813 0.1790728664362377 0.34562407591929983
2 0.1625814667933014 0.5923959190006282 0.17678477890176852 0.3936450564314677
2 0.6894426016787292 0.7741142842016038 0.1626341056945823 0.30699470976349563
3 0.06423312328278642 0.6177053897566427 0.12846624656557284 0.22012059283650295
3 0.7749102311885709 0.79555394267489 0.11293988275363248 0.18389507283454465
4 0.02984722454217549 0.5726048820569928 0.05969444908435098 0.21251745642167783
4 0.8430997851668914 0.7795102155045399 0.08852348049918773 0.17640382154923026
5 0.8985142269440142 0.7777497088453788 0.082833926520867 0.15952095590755194