0 0.38841971689348753 0.4202267022124423 0.3746430499215734 0.24842037916403223
0 0.3606170990931639 0.5901023096399144 0.37209931420888825 0.2435287426989077
1 0.3831409086021125 0.2708524640442524 0.35366366120531656 0.1876526720584217
1 0.3242482683687483 0.7235844481299658 0.322063937308219 0.17454216724257393
2 0.3957289463428263 0.16902477913551922 0.38209014637495325 0.1742369250245298
2 0.33672575329487037 0.8323031620763514 0.38209014637495325 0.1742369250245298
3 0.42677836074069464 0.09431095517855043 0.31359339281712934 0.13102110400104677
3 0.34053210812777124 0.9082341763160855 0.28185377936119266 0.1131029068775067
4 0.46883280660621096 0.05487262123951125 0.23767526645950837 0.08034191204372904
4 0.3594959600676538 0.9566449357786317 0.23562114420275976 0.08671012844273644
5 0.46928744767243774 0.03924762123951125 0.22969433542435524 0.053647771879125075
5 0.3574896720274064 0.9785943417536175 0.19625032360876765 0.042811316492764956
6 0.4577928027488533 0.02079905429850467 0.1613374714253703 0.015239643163334371
0 0.7899576930187975 0.5136562437379558 0.3173261897799461 0.17677812508155577
0 0.772352128632133 0.6225275787933633 0.31230866313399513 0.16939869830515328
1 0.8098971587798889 0.40727269899382657 0.3075009708263028 0.16923080999028897
1 0.7728453551787341 0.7296246488756652 0.3193103672572754 0.16243899231591094
2 0.8105009381410816 0.30382337022100986 0.36780695901071536 0.1785409523876296
2 0.7579583884533034 0.8277626203961971 0.3509100911543727 0.175549497131759
3 0.8237313407233623 0.22126842662176197 0.32899569665207934 0.16517861509948545
3 0.7459998537273651 0.9079556899203151 0.3094851483036321 0.15489167722464414
4 0.8218741909780808 0.16104635653945998 0.26091861177077236 0.1363858709990793
4 0.7250904097905277 0.9502995692389878 0.2486895466632832 0.09940086152202426
5 0.8101568498894465 0.10890197136589119 0.18528026453082938 0.09532206365714622
5 0.707354204581151 0.9812004401728226 0.18444092717779542 0.03759911965435482
6 0.6808037986479808 0.08874398686455855 0.08431872606929093 0.09179640904499861
6 0.6184468692785531 0.9786554105769861 0.16047241041875346 0.042689178846027756
7 0.631127394380536 0.05933692878925398 0.04947581866531327 0.049755806225564796
7 0.5483506345302073 0.9912889553211154 0.08758763322975419 0.017422089357769285