0 0.3973227918878856 0.4108397174954736 0.3891360716240699 0.2580116271778931
0 0.36552970856998546 0.5933481656394316 0.37718678563425867 0.25978557213843345
1 0.40547497178092295 0.2547786878534653 0.35380355076415554 0.19855559614432927
1 0.31583480683028675 0.7291756949510236 0.3364870142312959 0.1808468113967779
2 0.43534457366478657 0.1383760089402765 0.3899311878512674 0.20284914587809277
2 0.33082105507938425 0.8346878544332899 0.3745288840163173 0.1684394182922796
3 0.486721763201218 0.06884321921744559 0.2957872428283332 0.10190805065512265
3 0.33480227186083383 0.9047143434914813 0.30101460381254247 0.1165830880555219
4 0.3491332934415729 0.9500043688889327 0.23513153074682322 0.07952777545782433
0 0.5674142000126882 0.48114538148282315 0.32927547576975746 0.1804688706807947
0 0.5389913279337158 0.589197588976881 0.32418800434438705 0.1706015255880876
1 0.6176115770351148 0.3694193038290235 0.3467319018614559 0.2029853477360381
1 0.5250964499469497 0.6943999086721366 0.2760411364880445 0.16567807466101833
2 0.6499549698522441 0.2507387590006496 0.43072662768723247 0.2025869637814863
2 0.536616818524117 0.794915405488719 0.22210734941213636 0.12684881710278043
3 0.7282640805369198 0.16576482882616836 0.2394238859449961 0.14455760185033178
4 0.7327312976836416 0.094977347526368 0.2090389469516132 0.09016122360178255
4 0.5440546662413699 0.9529972297589479 0.14406515601834735 0.0843559110040853
5 0.5282676661196125 0.9827389173010305 0.13876785025471852 0.03452216539793905
6 0.48107791461222477 0.9930523040386935 0.08284988570148144 0.013895391922612969