0 0.6027715004963103 0.4244792270217124 0.36958825176905236 0.22325162132606557
0 0.682896279320172 0.5911199870956688 0.2334056795550366 0.18400691346689868
1 0.5796268524124053 0.26952904627333907 0.34820259959016514 0.1702551245989319
2 0.5518928527051444 0.14946959767527196 0.38867618730589204 0.1608774878363988
3 0.5228324483180963 0.05662943493838316 0.3146997674171329 0.11325886987676632
4 0.47213333840299065 0.023066492375333182 0.2759974460367505 0.046132984750666364
1 0.36344597449468846 0.3633567660514699 0.3288738811344815 0.16773939710256733
2 0.3190809501603334 0.2482029059357986 0.44156080269050746 0.16118516152832435
3 0.2564646488443536 0.1571993887011073 0.24498822895559444 0.11437928601224893
4 0.2701082221115571 0.07897649252640374 0.22257001977166352 0.0950226502711465
5 0.2766606483766441 0.033254467515975036 0.1288730845275629 0.03679890620187652
2 0.781927357178668 0.8381986897326753 0.1254366813686728 0.07042478202009324
0 0.34440292342686385 0.48609277157577174 0.20672258894388498 0.11896321563490439