0 0.6104815922018589 0.4170012072943082 0.273634058906543 0.41353408856528096
0 0.43419191580845323 0.4709593933340519 0.2639347301337263 0.4106823986753987
1 0.7534799039440206 0.3405160323252244 0.21021067317479017 0.3841807965887388
1 0.28930486052406945 0.4933580298415971 0.19229247605124983 0.35214707005067586
2 0.8615537695038236 0.29816219444319914 0.19422319167218768 0.40743553158913737
2 0.19284577215217927 0.5580445819821204 0.18144846348606827 0.3852411115344769
3 0.939404010748064 0.2893239085111824 0.12119197850387199 0.3160300833486315
3 0.124267479815974 0.5937433721453048 0.1233898447523479 0.3033390869753465
4 0.08531754361568519 0.6160234198641459 0.09020912913140991 0.24659513329476795
5 0.05389965530082102 0.6126712196985706 0.07220698785043764 0.21215756060285867
0 0.6322764877731172 0.5929561535309419 0.20283124639838726 0.37903722147901947
0 0.5189332370397458 0.6223127594348313 0.1882402811604463 0.37355776356727305
1 0.7564942854833547 0.5992093961987085 0.19103331368976867 0.3160893777429837
1 0.42687738739422976 0.7096679086358797 0.192460364366114 0.3569547623583683
2 0.8658959903562286 0.5604053470804479 0.19455896830191605 0.4170509162045221
2 0.3399650066861343 0.8064145205842946 0.17222226524615974 0.327212921040142
3 0.947516059607292 0.5764715629617888 0.10496788078541587 0.23647923840369026
3 0.250324440861496 0.8250361325327094 0.12458793829046044 0.2001976242279799
4 0.9841041217324508 0.5326688607923414 0.031791756535098484 0.22579691098787244
4 0.18135313261100416 0.8150058653058123 0.08769080440844733 0.17447974867938335
5 0.1213409229222824 0.8202087348098839 0.10700551779664866 0.17777928230530138