0 0.3407558378697668 0.5880700558227562 0.3899365106974892 0.20584360649871825
0 0.3289517836040501 0.40051410568247836 0.37274528248160294 0.2006442632090814
1 0.3347490613017046 0.7471435280286857 0.3561722374753328 0.14026835866153867
1 0.31008248069569083 0.2468358022571579 0.3247400849058512 0.1371371606840815
2 0.35430969232912796 0.862276367782051 0.3856007117805171 0.11695724894668849
2 0.35227530801504836 0.1362858493113245 0.37081332971847697 0.11181385579732933
3 0.3897133386766185 0.9481434276371792 0.3181467296539289 0.08179274900534221
3 0.3712314289833186 0.05276568053071551 0.3076205821911363 0.06954971767500025
4 0.438500940656175 0.9722927845171471 0.27214521034247446 0.04472795417264964
4 0.4028084519634195 0.014839688158012706 0.257539980849916 0.02967937631602541
0 0.8279721340720241 0.5984027428712599 0.3151247002904666 0.13691336012297045
0 0.8272779671364069 0.4780146096879801 0.31920378232023255 0.12740987578814134
1 0.8282411047014165 0.3636081168191767 0.3356664002581925 0.1229938344623934
2 0.8181108669033432 0.2515774950340805 0.3637782661933136 0.12662858370235078
2 0.818243483571776 0.8267961025567835 0.3635130328564479 0.12724403524540626
3 0.8373749205342963 0.9134744394459395 0.32525015893140746 0.1134903501275644
3 0.8353558892451078 0.16218758621955057 0.3292882215097842 0.1160060965619661
4 0.8296567848735771 0.0962776424797536 0.27393087328670435 0.09996046557083357
4 0.840598713716961 0.9557095975590806 0.28766120268244105 0.05948673193739341
5 0.8249208180670562 0.04222812353979671 0.23084379508695518 0.08445624707959341
6 0.712322285350543 0.03324217800253712 0.11418411171596897 0.06648435600507424
7 0.6502224532400919 0.006576572218642902 0.05470614107943124 0.013153144437285803