0 0.5848921551582303 0.364805692688965 0.24514064777675743 0.38886804787201146
0 0.39840071494587714 0.34055615715031784 0.2448044611808752 0.38406035556431906
1 0.7399402320813072 0.37293141808260954 0.17632011578759496 0.36370598580488367
1 0.24511761765118203 0.30719004714128856 0.17430299621230147 0.3348598319587298
2 0.8511560216836945 0.4040928739150686 0.16872185074750398 0.39204821869639284
2 0.12832947922540222 0.33846560118949903 0.15345830733472143 0.3792731064951951
3 0.9296677482622471 0.4371593657563712 0.10973533665433767 0.33626605782257085
3 0.049850699346709944 0.34847936975943544 0.09970139869341989 0.3148834029152778
4 0.9509579403760153 0.4949725428776979 0.054716048379157965 0.26871662665684054
4 0.01160779416578294 0.37967660125938907 0.02321558833156588 0.2545455102110858
0 0.5236880414584087 0.8260343144404156 0.15483712035099073 0.26198856591137837
0 0.3984611715028322 0.8369385058966389 0.16932721060666805 0.32612298820672225
1 0.6321890683024028 0.8587995277103662 0.16384714510721127 0.2824009445792676
1 0.27921864694053594 0.830847182357133 0.16826811083635093 0.3383056352857341
2 0.7478846002915653 0.840125447934288 0.16927667062399748 0.319749104131424
2 0.17135648662200612 0.8099820556304024 0.16737710436397493 0.37281744946562373
3 0.8364066747390202 0.859028489544299 0.139136310376985 0.2819430209114019
3 0.08140561914205163 0.8197438637230164 0.15713988653949612 0.3291702779804092
4 0.8827186181875615 0.8781886024412746 0.1017338716857638 0.2436227951174508
4 0.037680968562348045 0.8088159082209739 0.07536193712469609 0.2654104755937979
5 0.009700551197235015 0.7998406464181793 0.01940110239447003 0.22948898514405103