0 0.3885339532430194 0.5986513381858968 0.3527014904335488 0.19757204823640934
0 0.384962547962745 0.4258541942266517 0.3527854345909809 0.19997589439025548
1 0.36405667417274484 0.7494512810366374 0.317452705288493 0.15091974440145933
1 0.3646328965571374 0.2859636144105565 0.3121413480362082 0.13635677791954334
2 0.3732904805408746 0.8632492770575225 0.3502671098680183 0.12786050977487115
2 0.3980387397774977 0.1889354585139665 0.3350045913706206 0.1034023795598923
3 0.4052921484189529 0.9439658469867088 0.2698489127444782 0.09430233205402717
3 0.41945205710150124 0.12587590027861043 0.2666056250163112 0.07019392573614604
4 0.441353772164255 0.08321406196123692 0.22523657545633405 0.05458178756293744
0 0.5796549896796308 0.5582699313809862 0.2832112500326224 0.13311359441266318
0 0.5689674277622817 0.4517184462113495 0.2633928716998285 0.11572711310038386
1 0.6021519219726305 0.6704813080381409 0.2881868306551787 0.13806117627919434
1 0.5773007746821216 0.35061701819097196 0.24930557140647983 0.1249228290392515
2 0.5897930850348609 0.7837068839968785 0.38425673265159277 0.1384551213021286
2 0.5952495062173462 0.24923581105291645 0.25120575261573347 0.11056969689559414
3 0.6479012839755185 0.8732694459678348 0.23412699706651424 0.10286854497811887
3 0.6342872161138775 0.16285010090008534 0.15910410135269096 0.08627717989303736
4 0.6370114697928104 0.9444277142342645 0.20178572301989697 0.07070926284566535
4 0.6352258690514726 0.10158699636671818 0.16796398855118666 0.0649223436261
5 0.6203296615954876 0.04678814828419321 0.1368818768660511 0.06882075380133869
6 0.5789758792413525 0.02757948961634232 0.06907051961376613 0.052439223054515496