0 0.380540109378994 0.37401941620634693 0.40492078726183434 0.2111662874598545
0 0.3920469368344848 0.5723157442533082 0.400113094954142 0.21108236887846885
1 0.353238094954142 0.21026416270995865 0.36966560527586145 0.14812081668084773
1 0.3821663586052209 0.7366225518208807 0.3526846367379395 0.1454232554921519
2 0.36701639182781065 0.08804564248004026 0.40899053528125656 0.12479566308416426
2 0.44027237815543846 0.8564940815408147 0.4014709058977201 0.1198620929043934
3 0.3892994720731465 0.02360334852381524 0.34109894414629305 0.03957010614153529
3 0.4769909920209014 0.94237609078136 0.31200558060027844 0.0726784815163746
4 0.5135717019337277 0.9835385439549577 0.2692916504529065 0.032922912090084605
0 0.8629932259278194 0.3802801635805703 0.2740135481443613 0.13492672577221768
1 0.8625938131726157 0.2577469486704557 0.27481237365476857 0.13960854020783145
1 0.8738543521310738 0.6255144305635708 0.2522912957378524 0.13480084790013927
2 0.83989702106937 0.13721896665260536 0.32020595786126005 0.1162414273204552
2 0.8676046765979506 0.7467198445246839 0.26479064680409875 0.13032882991798928
3 0.8498366381151149 0.06050568618299258 0.3003267237697702 0.09178337287506538
3 0.8877435770863513 0.8431464260680334 0.22451284582729733 0.11527636363452022
4 0.9039533971164506 0.9130887406283824 0.1920932057670988 0.10515746753082147
5 0.9211725833972241 0.9647720566906237 0.1576548332055519 0.07045588661875257
6 0.8217727281284632 0.9761199388087692 0.10962036729420478 0.047760122382461606
7 0.7702745218928384 0.9975657373852669 0.04434754899622352 0.004868525229466168