0 0.6262672603975379 0.6672717119584752 0.3642394343341008 0.23748737617299873
0 0.6432472189652744 0.48803331113161197 0.35694398486567364 0.22264427496528258
1 0.6355897578439612 0.8240117402905545 0.33502966612476226 0.17330727903444162
1 0.6688783869243238 0.3501503232522125 0.32291253918082813 0.1557803154831197
2 0.6266666390354091 0.9301989937225084 0.38303666336261155 0.13960201255498325
2 0.6526660098761023 0.24827873217395552 0.3588863204816317 0.14345735998323925
3 0.5934043775803772 0.9865084410840708 0.28636536599961787 0.026983117831858403
3 0.6245882389046129 0.17214940831360745 0.2889090638316119 0.09372404830864903
4 0.6026948979154239 0.12641818161353569 0.24788984237026448 0.06490160300338532
0 0.4385085347929642 0.6118799267116996 0.3301380628101812 0.15860418592160508
0 0.44990542559443647 0.5056088133399446 0.32526044466341497 0.1463049389626147
1 0.4031501008760117 0.7299721129808107 0.29178840569116116 0.17559482563429812
1 0.4336441004588633 0.395323760723226 0.3277202314885204 0.1560603316728792
2 0.40147348344853495 0.854832104885931 0.40226743259338077 0.16520827492184426
2 0.38852263630932143 0.28095476481410414 0.33732163093609013 0.15421651789855206
3 0.33467624976608273 0.9386522628446822 0.22414506935591375 0.11398229128535703
3 0.404867071096634 0.19900212917057022 0.1590873863561048 0.08375976503129544
4 0.35061591604191567 0.9824309857145052 0.20459264126540416 0.0351380285709897
4 0.41295188119144777 0.1430017728872648 0.13256116765690826 0.06779659906454108