0 0.41020028950133575 0.61533066364256 0.33436294719512777 0.19418115123378007
0 0.4137176164804316 0.4476005919868256 0.32474756257974313 0.19356496938978404
1 0.39396428395881394 0.7582520464548382 0.30885564528885656 0.14215992739302136
1 0.39046502243304054 0.3081470744526801 0.2940828444686821 0.1292164238577967
2 0.4007875130428806 0.8690600377232597 0.3420898227661856 0.12989348692392966
2 0.4226978624355783 0.22023650286793417 0.33665262744371777 0.1079507806173164
3 0.4202373653480353 0.9560348010477898 0.2691351007977669 0.08793039790442045
3 0.4460147656169263 0.15574821097765398 0.246731092839537 0.06859725240650888
4 0.448113541018443 0.9940028413124348 0.2388900513632229 0.01199431737513051
4 0.47614564914621416 0.11928926350910195 0.18840928213245364 0.04326554595791855
0 0.5838846050301161 0.606066267257292 0.3108398227661856 0.1278908959309433
0 0.5843428591870073 0.4981242585257135 0.30850592139175903 0.13014069662379044
1 0.6003931635089869 0.7198942865235554 0.29450251314519893 0.14363950078087348
1 0.6030397938360033 0.39854912921316565 0.31303383458177325 0.12083340293040369
2 0.6131910355879592 0.8298854683675513 0.40218597661233946 0.13374462344890367
2 0.6184457107616179 0.309560239401427 0.2454463631564028 0.10690474540704833
3 0.6591881127545508 0.9264082866655324 0.2212680120591024 0.10055659848936653
3 0.6594767085894244 0.2354099807763313 0.1534707062954734 0.07941640250447271
4 0.649162308198776 0.9785219736135964 0.184510871957215 0.042956052772807195
4 0.6445069352577828 0.1744665768946832 0.15291114806011746 0.06018563327370348
5 0.6453719962643997 0.12173600697106678 0.12646884036780975 0.058491133202714915
6 0.6014033177009739 0.09492472713462402 0.06842680877840437 0.04277481136950921