0 0.3828017981177456 0.47863253524292276 0.4088492769320292 0.25157972273476703
0 0.40134637759796227 0.6649039072931259 0.4088492769320292 0.25157972273476703
1 0.3373735055826048 0.32637749084916806 0.3839280046683346 0.181196631013772
1 0.398109074328636 0.8226916069997773 0.36970115198777237 0.1830968122230258
2 0.3079382822767412 0.2144574612533316 0.4290124088638675 0.17558003154344315
2 0.4531771307349136 0.9234604160935831 0.40438527459786194 0.15307916781283382
3 0.31649861444796434 0.12435520256281687 0.33114169977105945 0.12182544017282258
3 0.48572736429917696 0.9772970368522306 0.2933671445244052 0.04540592629553877
4 0.3521636599045444 0.07135993814789553 0.2773251184175409 0.07919722825136419
5 0.336391392539617 0.04308612619792411 0.2573094522167129 0.06891029037652285
0 0.8088710417099759 0.42721699356276854 0.29199317809463676 0.17079521456981425
0 0.8219944801670385 0.5470048476737579 0.281789120751708 0.16324789947854745
1 0.7826245615280172 0.30576552350897956 0.27698142844401563 0.16308001116368326
1 0.8235892484611564 0.6603633656129715 0.26177345455088 0.15296096160370626
2 0.749191120506355 0.19852726998468725 0.31966198648570254 0.15737946753592238
2 0.8199592983407181 0.7638966385432204 0.2517656214504663 0.1478174926662856
3 0.7345224657310104 0.11243523410626002 0.2685925445273894 0.14840510176831012
3 0.834137392509776 0.8559982898062629 0.20771149371117686 0.13669111321712343
4 0.7322411109541738 0.0665522967896029 0.2374408550147295 0.08978940834424948
4 0.8493701423908295 0.9204137382213587 0.16547253939818937 0.11843713946385474
5 0.7093554172489651 0.036824729290412146 0.20148147319437754 0.03100582660532467
5 0.8587403458861124 0.9532853820854423 0.13731336876691977 0.06711692865876492
6 0.5874706258734477 0.03859516472470719 0.07505874825310463 0.03857601703065488
7 0.5317651382281218 0.027007092409668563 0.056662031236064135 0.01875763869786106