0 0.6680040140985825 0.4274429693237719 0.4221259547230251 0.2764177046711863
0 0.6112810268512383 0.6095618657273387 0.38508877016618825 0.2519596738970606
1 0.7083673821590685 0.2631711057385969 0.3737102995023434 0.20857855799831937
1 0.7107590649914369 0.794700818562373 0.1167028397775183 0.09266080411790129
2 0.7338444595498549 0.13961078471572966 0.41918747797559147 0.20430232005580162
3 0.7297672962855788 0.0626037939455199 0.32603335361196256 0.09990199799244553
0 0.44042222328251357 0.40555492826713 0.3510961918685837 0.18428835491845938
0 0.42134655817600036 0.5195697928805566 0.3437867041821307 0.18180059491748052
1 0.4683031468271462 0.28202257852664037 0.3684128610700789 0.19650338466433334
1 0.3199748707237387 0.6169946482519559 0.20991002889704669 0.1393967897713275
2 0.4758493272890008 0.1558486267320949 0.4435197871887964 0.2117935713411162
3 0.4402507585844889 0.05562748518824899 0.24930617513871448 0.1038146092640544