0 0.5455471097375292 0.3854630899784786 0.2740537796937034 0.41497193658553644
0 0.35068295016696865 0.3542752218784958 0.2609432748778555 0.38365201074646255
1 0.7098328225675463 0.3972383816660999 0.2104625056470863 0.3833583222223517
1 0.20576919000971103 0.30414328048794703 0.1849969934322793 0.3423530859288192
2 0.8374732339878465 0.42563081891342225 0.2068300315434432 0.4169841980405683
2 0.09987404300433211 0.30713370233486526 0.1769765478081043 0.3879702221806369
3 0.9226685890073946 0.46459582341629346 0.13501988914610272 0.3564824743277854
3 0.036641471870906446 0.31994229373048266 0.07328294374181289 0.2937307413071191
4 0.9592833560054271 0.5177042014859455 0.05507482255547066 0.2694964874192504
0 0.47367589851681985 0.5846047212167099 0.18102874269890784 0.36636357713165124
0 0.3593825571788215 0.5526834331615996 0.18533277006200763 0.3519684705442039
1 0.5895756165130595 0.6393765329011735 0.19237642020868193 0.3472027337399558
1 0.23396283639166113 0.563975435204461 0.18077691022661152 0.35915203867011264
2 0.7100884336292533 0.6653231684912052 0.20534957112134988 0.44341252056506136
2 0.11143535949709721 0.5957211073067369 0.19114779225888495 0.3808425947259873
3 0.808295082101375 0.7103747068016731 0.16218715984361481 0.3085733732646399
3 0.043498136958063933 0.5940506811080181 0.08699627391612787 0.25060136221603624
4 0.8895221863875518 0.725273279430453 0.11829978556067508 0.22179716387332687
4 0.003918619577034481 0.5565603104544586 0.007837239154068962 0.18523600552430183
5 0.935363151625493 0.720731305311242 0.045566257431581485 0.1348531324682361