0 0.34478650512859377 0.5834012339267092 0.3762726502711465 0.2274782218833336
0 0.3569377936369157 0.39919927738595057 0.3665593694810582 0.21042749824529944
1 0.3072340025750171 0.7405464361711537 0.3470628820618079 0.16430682020000048
1 0.35011004593513473 0.258714152736645 0.31804890620187654 0.13478926467051308
2 0.303132561241972 0.8620525672209399 0.37586708040451744 0.15776668342179517
2 0.38562231669804997 0.16412490063247828 0.3685017050970162 0.13115652530865418
3 0.3156622506364428 0.9495132011349358 0.298566403950441 0.09107243277906026
3 0.4284719924328368 0.09100241349209365 0.2600489248176434 0.08056184591923099
4 0.4498688599646007 0.049633477614209026 0.21905767369192558 0.057976078149893355
0 0.5334464727020726 0.5717976094533649 0.30850344742556585 0.14658469487863274
0 0.5484141698147771 0.4584531643107901 0.3204807226913521 0.1396529071184832
1 0.5365495772466584 0.6919339670053948 0.32542826667719255 0.16380326893750008
1 0.573046199630218 0.35329838014556575 0.33491778478224393 0.14239245411399606
2 0.5372348504695835 0.8097224285438565 0.39987757160734927 0.15351849251688066
2 0.6277332989526433 0.2486461423037922 0.3108653380759678 0.1394291065573721
3 0.5931456519758035 0.9154067291636212 0.2290087023348653 0.11589218640331193
3 0.6380471406036183 0.16185590513408066 0.14948598690853496 0.08039198562029928
4 0.558583571269145 0.9666987754284182 0.20216082477592842 0.04556519639871827
4 0.6316948886075403 0.10310154971554433 0.1494160610694609 0.06837275485106852
5 0.6289623910100466 0.046667115240437505 0.13985661712533543 0.07776433890534198