0 0.3822517144777793 0.5513515303972503 0.24634841910752753 0.3852887628702053
0 0.5510234205297381 0.5645297869352854 0.23652320015388434 0.37746104256467095
1 0.24134693536010124 0.5699785744810738 0.17565765373411596 0.3471675983473895
1 0.6870284519973858 0.5906049648891142 0.17997573258587188 0.3306487661924642
2 0.13928839099076898 0.5729197373427601 0.1742330344921429 0.38066739904023666
2 0.7930774618842946 0.5742115799897756 0.166811661692346 0.37299372419570137
3 0.06419674015939071 0.556137553979612 0.12433754715031259 0.31508648982025744
3 0.8729289708068642 0.5510992336229639 0.11621672655632054 0.2833743534372607
4 0.033927989626061764 0.5178909422012096 0.06785597925212353 0.25748734636681164
4 0.9198389431965739 0.5468934240565612 0.09154876200308319 0.2601992834426558
5 0.01572428152366684 0.5154405139279324 0.03144856304733368 0.2239266644518274
5 0.9484752627044691 0.5522564169861123 0.07367266723486775 0.22306327290797073
0 0.47768241173864545 0.15781028092966412 0.17234452544781617 0.31562056185932824
0 0.5839890901803139 0.17372030086321794 0.170080568852809 0.32041719973308386
1 0.3699989482715051 0.15402625397535244 0.170080568852809 0.3080525079507049
1 0.6924419462210689 0.1646618392040768 0.16837617049315795 0.3293236784081536
2 0.26759068000507524 0.1742036658290028 0.17635710152831108 0.3484073316580056
2 0.7867293938935067 0.17664347981088588 0.16879583916967478 0.35328695962177176
3 0.18871839799437898 0.16085083637873737 0.15862089631893433 0.32170167275747474
3 0.865566703514493 0.1856680361189176 0.14520276996131323 0.2900305912769404
4 0.13074631118439328 0.16557527760740515 0.13488793755173367 0.2653759478944831
4 0.9216723918430704 0.195269121631596 0.12450316036273425 0.23831745835817963
5 0.07730213756442181 0.1881950469801514 0.10429316422009208 0.2034312485163418
5 0.9563183267355811 0.20024700090864955 0.07799074608662337 0.20654444075304554
6 0.05694300312681349 0.3106675959763749 0.0884969153622078 0.07285332890365467
6 0.9583282278664931 0.2960927561404978 0.06697646588284857 0.15785133583212665
7 0.029416551353503406 0.3496217114319788 0.04975559778299131 0.060773216912286813
7 0.9697308174477397 0.3577455061050036 0.0381560356902776 0.07442606653036886