0 0.6074404492535153 0.3272665635798259 0.21460341140605593 0.3771596727591708
0 0.41893442462642116 0.32548463952909945 0.2141136652814835 0.36514044198994
1 0.7642557023684944 0.3171399058916275 0.14612032839938996 0.34596308250491864
1 0.2624885261765922 0.3152205769883215 0.15014442690776691 0.32690020158901345
2 0.8796403177531098 0.32116922544836757 0.13326443907494442 0.38392095602186443
2 0.15372366376058638 0.35583029959259943 0.1230613591100731 0.3691621024690593
3 0.9606375171100934 0.35303736896207655 0.07872496577981335 0.317674003349105
3 0.07716585135921757 0.3915636529375951 0.08396724083003287 0.29338370933834723
4 0.9881684873937139 0.4057273911589539 0.02366302521257233 0.25357906435789535
4 0.0338700882120371 0.4188568398712554 0.04384056554494879 0.2511752182040492
0 0.6535215765411699 0.8101611031577326 0.14234519309674182 0.3122252921936401
0 0.5333292688488622 0.8059638952861283 0.1398433977179811 0.309737501882362
1 0.42142594109215187 0.828460827579128 0.14092083919204007 0.3361798095746697
2 0.30854312108629706 0.8210432073134201 0.13748443603315003 0.35791358537315976
2 0.8866722112297392 0.7882975815842842 0.12237571453567196 0.3523351793921361
3 0.95407282041468 0.789949759860052 0.0918543591706401 0.304258256315213
3 0.2214883810453136 0.8394059153275895 0.12841186229823703 0.32118816934482114
4 0.9885969884755024 0.7973024817635808 0.022806023048995226 0.287736575456334
4 0.15047697028193763 0.8358020608662253 0.10845056402405161 0.24623017199317696
5 0.08797697028193761 0.8336195127729911 0.10236953179247146 0.21481228367831307
6 0.06774835671095855 0.7200931065189133 0.06911566282516744 0.1056318768660511
7 0.04756462760899453 0.6665789099535573 0.03360078139794676 0.05878358173892469