0 0.557645431705996 0.3879508471392136 0.21239546370203863 0.3761467837608133
0 0.3792220955843511 0.40013709856707247 0.21219956525220965 0.371339091453121
1 0.7048901846746056 0.34432579594585494 0.1508300714821681 0.3397394622577512
1 0.233397606377001 0.40890638052966194 0.14514083615024567 0.3180768765375061
2 0.812644932320075 0.3257173666828441 0.13586418367861944 0.38531464300612445
2 0.12726311108606211 0.44675956419125673 0.12585700216357704 0.37564331771948073
3 0.8952348023405668 0.3346133165109162 0.09196237309088673 0.3105576643840422
3 0.05411925960907579 0.4715803937721974 0.08166134390110116 0.2936748006358598
4 0.9408364624166788 0.36613602728330474 0.053651848610162305 0.25505942532835874
4 0.01865534431160904 0.5037805838284541 0.03731068862321808 0.24305417972694274
5 0.966615567769093 0.3530617176992062 0.045264919449650436 0.2261713159787604
0 0.5573802150353477 0.807519897160071 0.14205134542199838 0.3012359682927682
0 0.4438607250675491 0.8200837481189295 0.13483980696045977 0.301194012789324
1 0.6721016280800695 0.7949630387851201 0.14514083615024567 0.3180768765375062
1 0.3371609766616311 0.8410392815093778 0.1404310930674678 0.3179214369812445
2 0.7783606049738727 0.7835591553997403 0.13635392980319183 0.39733387377535523
2 0.23619943820009257 0.8407665707369892 0.12600801614439086 0.3184668585260215
3 0.8599179179893205 0.7587872739061514 0.12591006691947643 0.31796499519498767
3 0.1539789228447511 0.853261297211923 0.12233083006665688 0.2891048561810189
4 0.9197916410076956 0.7350914489791524 0.10172877168708538 0.25533912868465447
4 0.09133199900737941 0.8565034520795075 0.09893312863358145 0.2457097589014552
5 0.9509171594048316 0.7088239558845296 0.04860337338362605 0.19014159400669767
5 0.04163985592359191 0.8621494531009382 0.08327971184718382 0.20731814627899053
6 0.9478909052366646 0.5765634693356394 0.06053283521482665 0.0700471824890936
6 0.025583260457009576 0.7682875717584199 0.05116652091401915 0.15425172371278306
7 0.96912963357818 0.5273965045243115 0.02079795682940035 0.03857341980405675
7 0.009417494648259025 0.6960672983844243 0.01883498929651805 0.07474299345426735