0 0.46029636244529765 0.5691815877902496 0.22237990234848554 0.376288571427123
0 0.6291030408869662 0.5433869193348666 0.22457391416407327 0.3691189922562773
1 0.323613993746373 0.6244788623897027 0.1659723243393118 0.33686196927964956
1 0.7706152124565014 0.530094013491682 0.1557973814885712 0.31746336288610877
2 0.21744720486354352 0.6539902815947645 0.15500226526137367 0.37270986513387755
2 0.8643431018935831 0.48636931381700743 0.14015951966177964 0.3580350324666437
3 0.13062896420740394 0.6458854314443218 0.11705606390935462 0.307176629619639
3 0.9309513464070803 0.4611559921391466 0.09252798891495655 0.2899301136357876
4 0.07605281228992891 0.6300025924079874 0.06942453316253144 0.239071710788783
4 0.9683074254926314 0.443594781475099 0.06338514901473721 0.23911367007947576
5 0.04508259140760695 0.6401634478023789 0.05952936942946877 0.22928848901062684
5 0.9885588249383791 0.4527905731835553 0.022882350123241715 0.20010666083893042
0 0.4578040740397782 0.40087039773032607 0.15890067543661246 0.34154378371526317
0 0.5644954487682539 0.38938782467911043 0.15133941307797644 0.32939867507395404
1 0.3418948728095164 0.3848555975297358 0.1526241427611104 0.29097909590310833
1 0.6637083677443046 0.3275293806238577 0.1537432592318226 0.32944063436464677
2 0.23675514505506123 0.4083364217048357 0.15294814300462506 0.38468713661241555
2 0.7512996140647233 0.23821552260749196 0.13848084495571145 0.30034272477433593
3 0.13955212720992244 0.3739571010248567 0.11969546805504215 0.23274131743179374
3 0.8351894227213705 0.22833348589478136 0.09645212274377822 0.17707522227709674
4 0.07682943104487251 0.40872286838206284 0.09715157053797313 0.20111368381555841
4 0.8980391466184681 0.23926177510599855 0.06973003593379226 0.166998285464091
5 0.03797033446973533 0.43705942744772525 0.05495723511361784 0.1547272989507033
5 0.9524054641976846 0.24793307568079442 0.08174926670302304 0.16720808191755518