0 0.4627003355031278 0.5941357470460106 0.384473133370044 0.2775799379398852
0 0.49963476076666424 0.42756370122571136 0.37924541677771234 0.269947780903703
1 0.4058469548048683 0.7266785501344722 0.3590582994236748 0.21078330820014174
1 0.5095431374174838 0.2897179439575489 0.32965211319800203 0.19864421213689398
2 0.375809610577006 0.826889295440028 0.3804128986185307 0.20786839947834707
2 0.5620551455992402 0.2058230591609676 0.36274592697232894 0.19197315754401642
3 0.39194722587474484 0.9191818410791305 0.29121428327735355 0.15462418821168017
3 0.5893149148951669 0.14004746451153732 0.27807498774908457 0.13434187254430147
4 0.40365087764288093 0.9633775777569442 0.232985651746417 0.07324484448611147
4 0.6121751618975954 0.10139032741303301 0.2232302590361525 0.09606122206937281
5 0.39175980069808486 0.9793406526862534 0.2174425100643019 0.0413186946274933
5 0.5938081497769948 0.07347585470947181 0.18761629955398965 0.05946304589301958
0 0.645030768687791 0.6244371751618935 0.3347398216954538 0.20387252301923006
0 0.6627688659566631 0.5183671911120358 0.3319159512569683 0.19645067527036972
1 0.6628484811240871 0.7455758746471498 0.28864672048773754 0.19266510809857515
1 0.7089912425640444 0.42913884078945735 0.34139132777747305 0.19488806626581123
2 0.6243276713103234 0.8438486143701556 0.40685520631083844 0.21018180163888817
2 0.776918238603481 0.3430051971296994 0.33644362737490113 0.19206360153732133
3 0.6514926064426896 0.9340492376207616 0.23804965170297868 0.13190152475847666
3 0.8131633560878332 0.26725353193724916 0.17895726306187335 0.11610380714871756
4 0.6154693553711019 0.9710160000727204 0.19804802419776296 0.057967999854559284
4 0.7960219755850458 0.19878913854928623 0.1659579756284843 0.09822533763518486
5 0.5871013755865823 0.9993363807005693 0.1586301376129562 0.0013272385988614133
5 0.7977494898053834 0.1463251417393147 0.16341412137975825 0.09561118219401682