0 0.43311068238011996 0.44354360104971896 0.3599184131822594 0.2107008071522212
0 0.4280626767166239 0.6183314789678518 0.34515945345715543 0.20273338725871562
1 0.40327658554301826 0.29210640416705336 0.3212856193923598 0.15352264203384236
1 0.40417245116404266 0.7489682644461257 0.29875531653567233 0.13315805065512293
2 0.4074618648589659 0.1760237866601595 0.35460358274417886 0.14807482691356005
2 0.43034148437602304 0.8474578558248455 0.3632113189534824 0.12694413248358918
3 0.43565927244354646 0.08637836603593128 0.2876844397781706 0.10140412970047803
3 0.45866079467665544 0.9148864175615568 0.26481825411945603 0.07382799986021983
4 0.47079163008199065 0.0426579828121023 0.2396601832409044 0.04852973593514683
4 0.47361734299994895 0.9528389242588087 0.2254610281858455 0.05258154681087199
5 0.4531583174224282 0.9769454867262428 0.17224052999920308 0.04259844309878848
0 0.8182035579287166 0.4996951414238658 0.2943954679640163 0.14252147479318494
0 0.8139063176787601 0.6133739127769134 0.2918796608761608 0.13999164840067763
1 0.8237027212555963 0.38607936019014866 0.30893050582110193 0.14568120237899806
1 0.8270781189126045 0.715978305150689 0.32016601005226986 0.12948418049538082
2 0.809319055162786 0.2765783799514875 0.381361889674428 0.1430049525092613
2 0.8249474581646097 0.8159898810126267 0.3501050836707806 0.1370634380536187
3 0.8157238477437805 0.18902696569409463 0.327377548513808 0.12986212121136423
3 0.8180884612163124 0.8833656742492917 0.28835620538222473 0.11582720662355492
4 0.7991998463443608 0.11742061284299674 0.24715493796481305 0.10647400410477682
4 0.8179798142096509 0.9325185401644767 0.2323959782397088 0.09850658421127124
5 0.7636426643123614 0.07479150488635591 0.18515544824050587 0.062459113522863305
5 0.8000102624501568 0.9638682009524975 0.19231432016238761 0.07226359809500511