0 0.516901924817929 0.6241798995617448 0.25042214800037116 0.3776852431082504
0 0.34539975472427026 0.5921178903074801 0.23954696099837505 0.35353489644027836
1 0.6612059057873128 0.6703573016329327 0.18400653898259106 0.348083864637901
1 0.20085403489684814 0.5964492287494392 0.17515725741845767 0.31674995079076823
2 0.7770365628168843 0.6861369857513235 0.182232594022051 0.36007512412475423
2 0.11417937150044127 0.5521450605322369 0.15035269282874503 0.34769226668461456
3 0.8749592431216289 0.676452514995309 0.13859564415612077 0.3067149969397195
3 0.05224117176477438 0.5177499753953841 0.10102618898449456 0.27744927385790147
4 0.9344782642745233 0.6422680565416024 0.07712392930397818 0.23392830154727223
4 0.02895258584744217 0.4957237620574822 0.05790517169488434 0.21950522462419533
5 0.009440916484506384 0.44982691487538445 0.018881832969012767 0.06043180923468515
0 0.5300821921869461 0.4415295487930035 0.16123810145002546 0.32619750771188716
0 0.4201351703033288 0.42822363903440286 0.1679457189569193 0.3166660369436354
1 0.649130456112019 0.41886168009104474 0.17768708381096504 0.319181768226992
1 0.32359316181421494 0.3886152779953825 0.16604579375771777 0.3262534502766424
2 0.7587625273989835 0.43817720523426085 0.1869040844717978 0.40337232617636265
2 0.2314076931781952 0.3117752728541243 0.17275341126461152 0.3167219795083906
3 0.8618708407274037 0.42133713858146304 0.14012785025862284 0.2442709395044747
3 0.15549245816440752 0.29164942258727167 0.11154387850907564 0.2030978707829364
4 0.9331673537914909 0.4378012770527912 0.09914670702386139 0.19574647590950997
4 0.09951110531330963 0.30422723693874054 0.07587434853665097 0.16424473436811146
5 0.9629055909275569 0.467011057569854 0.03362318129599373 0.13732691487538445
5 0.045034679313495245 0.30839158975174785 0.09006935862699049 0.15482514872937012
6 0.019576384685274652 0.32369492000440536 0.039152769370549304 0.12307166564657325