0 0.42082646378335586 0.41220677069600625 0.36979497861931204 0.2016663720794875
0 0.44678036611792715 0.5955411967951919 0.36684467475702126 0.19434287268394002
1 0.37413077753628426 0.25758020423913686 0.3550793220584433 0.13391083603575918
1 0.44596351837181325 0.7439375399267755 0.32605101564280786 0.130163458673805
2 0.3511465298475732 0.14527120061242169 0.37838917331897864 0.12541506076046469
2 0.4934595403979825 0.8454555691310114 0.36287318097901217 0.11032021823333366
3 0.3741817328456095 0.05132361201423214 0.2918865745311028 0.09024642807014929
3 0.516115345698316 0.9215949195160251 0.28339996808319323 0.07308362219119911
4 0.39069814490944793 0.010501130305413933 0.23812705904966514 0.021002260610827866
4 0.5362210150259075 0.9640804237471929 0.22814736929531748 0.03937048164300094
0 0.6125518356320178 0.42740031844775583 0.33104086051998177 0.13279122669566903
0 0.6224970820440565 0.5427289533653668 0.33049440281153697 0.12557968823413057
1 0.6407038225425544 0.30547261627830846 0.27852055027432954 0.1351357784551631
1 0.6631458707476505 0.649390557679322 0.3397454822879584 0.12121983966247421
2 0.608013113953718 0.1924095333107063 0.4068710220261693 0.12195089966088049
2 0.7268133504822644 0.7573923792740379 0.3351199425497477 0.1233997639483026
3 0.6442694707979081 0.09784615957546715 0.2349228771167214 0.09717475026931763
3 0.7577736096610258 0.8476189237801015 0.17373380785367806 0.07995264999601549
4 0.6122715097364123 0.03191836260223034 0.19500411809933027 0.06383672520446068
4 0.7350474982677976 0.9138103206750513 0.16284335525192234 0.06267788318305634
5 0.7309325534874459 0.955011588092463 0.1608396769876252 0.03623557549074864