0 0.3339599653110289 0.5588351252618048 0.20740202248965398 0.3586811878512673
0 0.5126010005363794 0.5428419038924533 0.20980586864350015 0.358751132630687
1 0.18687161001526048 0.6038971966423599 0.14355727610612487 0.33763185435559084
1 0.6588994293251125 0.5433829646555556 0.13740483741490359 0.31826119556598254
2 0.0796735862135301 0.6274074592445107 0.1304284055839067 0.3900268562842696
2 0.767021966265519 0.506651548207251 0.1289155659024366 0.36839224089965433
3 0.022030418587792925 0.6153275324319873 0.04406083717558585 0.29522768459297705
3 0.8481979156197946 0.47790106279409955 0.09021892081035651 0.2952976293723965
4 0.9025953706858802 0.4547276622622549 0.06007856056334377 0.2416436214141666
5 0.9391826128787311 0.4632589027966372 0.05342184197829907 0.2150614241630199
0 0.359686476570987 0.1451454709992196 0.14343972279085412 0.2902909419984392
0 0.47549132520045523 0.1380056838624329 0.13555581113755105 0.2760113677248658
1 0.2450835510184419 0.15216285477202215 0.1369005575210801 0.3043257095440443
1 0.585286558445308 0.13035236616145904 0.12750380618630702 0.2607047323229181
2 0.13866721704878177 0.1788371073655067 0.12824319271067194 0.3576742147310134
2 0.6845418939361001 0.13606009186547804 0.12130082751241525 0.2721201837309561
3 0.05815044592416326 0.18904239823789373 0.11630089184832652 0.3080862527152419
3 0.7676174095503984 0.1156052889948674 0.11380364243766486 0.2312105779897348
4 0.024450458108349282 0.21073409657513717 0.048900916216698564 0.24199334531126412
4 0.8334457688429207 0.10136993584713067 0.10233923154492786 0.20273987169426133
5 0.9056452001072758 0.09201221978650574 0.11457709559476989 0.18402443957301148
6 0.9268178389057731 0.17694354193418513 0.12167108074103766 0.16187130600714358
7 0.9378202732123919 0.24259467009872757 0.07542671059153687 0.08375916783393503