0 0.5979496533498435 0.4601355564818715 0.39279005475229883 0.2796462425625085
0 0.6991193606915374 0.6376796672216235 0.21687260415285683 0.20086412691736683
1 0.572158277567103 0.29497328479840745 0.38803542720050604 0.2218279546315397
2 0.5570638180172481 0.16289283738517218 0.4289987610408051 0.2263734648426255
3 0.5230855016672668 0.08041129753207812 0.35286745820392795 0.12403636537509846
1 0.3293779963155258 0.40028970270941444 0.3342692687916605 0.1974217739963788
2 0.29600981754953865 0.2732740188908359 0.4578449148869589 0.2278852277065594
3 0.237525735771031 0.17144084037795354 0.2627946442816621 0.15049911630597457
4 0.23590139327305829 0.09306387990063124 0.23287104896144925 0.12254504574973295
1 0.8091922756962651 0.8036454780274589 0.07765360596649301 0.08082846432157272
2 0.8000748174923371 0.9091627483193674 0.12102078596063848 0.0854999547713198
0 0.31317348125292344 0.5319343300969777 0.2585746473234565 0.16467023275172904