0 0.3628559801320258 0.40096523538696854 0.40526770018538083 0.23760859515216218
0 0.3783776564237116 0.5889267875845897 0.39523229128535686 0.2302292195278524
1 0.32006380184919875 0.24741887986784195 0.3675536192800214 0.16730962662092408
1 0.3730929116296156 0.7416339572898598 0.3428151172671609 0.15487080294476493
2 0.2905864900008555 0.13380872127668025 0.412806671918459 0.16089531468254942
2 0.41635140970363166 0.8458595073644474 0.3777527448158152 0.13626942307438838
3 0.3087779312152411 0.04870295891395234 0.3077848987054072 0.08942148601191205
3 0.4435411749521184 0.9161165166049927 0.30085337643362836 0.09410330044752595
4 0.46138371750453505 0.9609443244220355 0.23426943314122498 0.06412424575266557
5 0.4356651588275163 0.9841679333153501 0.20897089874884556 0.03166413336929981
0 0.557147494308925 0.4115754763946263 0.36274592697232894 0.16722570803953843
0 0.5648501826777731 0.5272118475233987 0.36416971646201685 0.15044074425330825
1 0.566831761396519 0.28661743568531917 0.3216005261671849 0.16170470779006793
1 0.6017490451299743 0.6373421147558697 0.33065587840305055 0.15225716033745476
2 0.5518475305186926 0.17205710976139135 0.4338812549235553 0.15165756368340028
2 0.670317931866815 0.7408063143058089 0.36388970027225737 0.14563305194561593
3 0.6021990243497968 0.07187181817767027 0.25177268815165676 0.11726061688143795
3 0.686772247740879 0.8301262556143522 0.1813611092157195 0.10402456668211521
4 0.5555103279512262 0.02654049887231339 0.20628703640523993 0.037220385862736766
4 0.6684289441611686 0.8971821921778874 0.15989021046687396 0.0652273538950339
5 0.6565152802507128 0.9556273492111262 0.16623799181824375 0.08874530157774749