0 0.36018697073926437 0.5945825435765983 0.3859602807635207 0.22878753261575577
0 0.33979516490870876 0.4124571469582658 0.35698814667870565 0.2248719235979758
1 0.35844535104020203 0.7453268491466276 0.34409727585813094 0.161868002643331
1 0.3069329758543242 0.26834724715651564 0.31272129561946976 0.15782641338689002
2 0.3917586925491849 0.8520511533251012 0.3843327592802097 0.15199043593134
2 0.332387884875911 0.1561325809769975 0.36472404933345703 0.1437710555605124
3 0.42956988657884926 0.929614353060768 0.3172872490691239 0.10772358487210426
3 0.3511300655809618 0.07681076870971651 0.28312948196063314 0.09634447691546341
4 0.48611815050392226 0.9507552691100228 0.25277156525054534 0.06598656020537583
4 0.36632435636493194 0.02843077705905024 0.241004294958637 0.05686155411810048
0 0.8165449100636922 0.5405352311885709 0.30538377691927 0.15504462651706036
0 0.8067661091385262 0.4229357400081012 0.30740968235713295 0.14795906829418307
1 0.8069806335447284 0.3120438663345252 0.33410395052676295 0.15415254322714803
2 0.8001095997280534 0.20393377953077887 0.3916702779804095 0.15477222280116967
2 0.8278542566877349 0.7520788035366747 0.3442914866245302 0.16185778102404724
3 0.8496046306917271 0.8387432453137973 0.30079073861654576 0.13834368367879846
3 0.8003190133246135 0.11594143443807195 0.33815576140248826 0.13998142678139347
4 0.8639885463406757 0.8934018056589531 0.27202290731864853 0.11291943951506439
4 0.7837593831539389 0.056816451832517205 0.2580729568935982 0.11363290366503441
5 0.7668167014576389 0.028350794107167874 0.21151801829989317 0.05670158821433575
6 0.6606695299724247 0.022525038270902135 0.10499290609869541 0.04505007654180427
7 0.6093068990710273 0.006579976864607157 0.06957533660359311 0.013159953729214314