0 0.5951990424363742 0.39014332705346333 0.4109063205434166 0.27106726364349076
0 0.6323862858661994 0.5704052562139752 0.41079435960940786 0.26866341748964473
1 0.5892914462037251 0.23754807089668975 0.37160176114946325 0.19988648680823554
1 0.6728137685275908 0.7172092376704697 0.35237099191869403 0.19910289300892003
2 0.5769297047777721 0.12667730014502335 0.40000007125958104 0.19144649289182436
2 0.6601030667391726 0.8306573107913037 0.37780565120492055 0.17854571909836364
3 0.5405887962077096 0.06761370330391338 0.31194682318465006 0.10388365463520324
3 0.655328335556004 0.9084394885041032 0.29372370235996187 0.1247346762205033
4 0.5066254005216649 0.03383946569064525 0.26805849335102216 0.03731467165781147
4 0.6505239571756593 0.9539299867207505 0.2543664764263515 0.09214002655849914
5 0.6615388534661566 0.9752819755478761 0.24122763631703054 0.0494360489042478
0 0.18386807564835458 0.47055388037403295 0.33280433988589764 0.19110776074806587
0 0.21082083539839802 0.5856181157059553 0.3276607647761783 0.18370032383669857
1 0.16899052713454646 0.35718131424360594 0.31357357065512836 0.19032416694875032
1 0.22186869281341892 0.6940360656913184 0.3371641884575539 0.1816882745825101
2 0.18307109340090116 0.24738798496599845 0.3524829528527029 0.20150673916276612
2 0.2542152828110281 0.7961240202393729 0.34907145829277564 0.1797741745532361
3 0.15997767194682103 0.16367169885899055 0.3127898441170653 0.17349724387182724
3 0.2607057030562032 0.8839623540796719 0.3148578074688845 0.16638365463520335
4 0.14778718584922915 0.10799144042087122 0.27505273779923783 0.13597031319041825
4 0.28284745657120675 0.9405496921613228 0.2436907768652288 0.11890061567735444
5 0.29140252624085333 0.9690887321437583 0.2266925984599446 0.06182253571248326
6 0.2988343163451577 0.054164036969242074 0.07608668384535691 0.03669027212619405
6 0.39253200610340533 0.9751922066098461 0.18308748488868679 0.04961558678030788
7 0.4640612527789164 0.9909110656913184 0.07849052999920307 0.018177868617363275