0 0.6050271523850655 0.6168649507727196 0.3453772273989027 0.2508074556662386
0 0.587051776093183 0.4477997048508536 0.33767607548142753 0.23334960472734984
1 0.6429327457019125 0.7635742094546997 0.3194502568161143 0.1838005166391733
1 0.5861260190432735 0.3139656247377482 0.3069414125909468 0.1659220471256404
2 0.6517694890075555 0.8740007558913092 0.36505338895977163 0.1853925469444436
2 0.5502174650305471 0.22286029152521264 0.3304203158940524 0.14879437076809054
3 0.6370923566203834 0.9487199454798427 0.26764053677637417 0.10256010904031444
3 0.5135045460544964 0.15939918908190784 0.26694108898217933 0.10967248314387415
4 0.6029267864476824 0.9894275981297359 0.20861927827509597 0.021144803740528097
4 0.49291910236117364 0.12144871318831815 0.2132171362445297 0.07619952497663779
5 0.5262453351808406 0.0942398116440873 0.15263136894243934 0.05411486971666639
0 0.24948061778088476 0.6194981770465807 0.2977456966520794 0.17950388689942953
0 0.24060890208553187 0.5102735536868941 0.2997298741294085 0.16529111926367462
1 0.25227277331220266 0.7306008733418087 0.3192404224778557 0.17658897817763483
1 0.21219166565202202 0.41018376372093973 0.31422289583190494 0.16895682114145233
2 0.2661270432637966 0.8342364998915237 0.3916355862109184 0.1925136414126773
2 0.20173333059293877 0.3140751395637461 0.3596861384167233 0.1657411591390306
3 0.2815329601894112 0.9228807794171652 0.32596234748345765 0.1542384411656697
3 0.20849947672437738 0.2471880658306976 0.2677804263352134 0.13851863699002792
4 0.3016287904267973 0.960861221634259 0.25279779117678036 0.0782775567314819
4 0.20052779442535124 0.18985644406602525 0.2217576255150389 0.12250352976168043
5 0.3392160191455919 0.9944845564418089 0.1645107101528311 0.011030887116382141
5 0.19952284385989527 0.14156921170178025 0.18075235134081527 0.11412057956951534