0 0.35549546097376417 0.5825434549828165 0.36923371641857866 0.20241152561122697
0 0.34959253402315427 0.3984813358987216 0.357074477554468 0.1995879586702204
1 0.34989289402811263 0.7344894276197167 0.3220442589927143 0.13359283846975709
1 0.3324985706021471 0.24973667891127235 0.31228886628244995 0.1308532156861826
2 0.3684225012092526 0.8458485529864024 0.3694211415952386 0.1232524908491678
2 0.3707393642261513 0.14121255815262493 0.361649570754181 0.11338527376148716
3 0.3949573999146599 0.9292276709541292 0.3116125343489411 0.07805254445899944
3 0.3975091051899987 0.06319820718293089 0.27767867200533547 0.07206963394725777
4 0.45100405170451513 0.9609927735657534 0.2433247853770905 0.05887518497397792
4 0.4246170121206005 0.018708007541524085 0.23809706878475886 0.03741601508304817
0 0.819355910348187 0.5856149739079093 0.29093426708759407 0.13490541057698613
0 0.8186451371785736 0.47002049812971364 0.2977257812644932 0.12794570458774393
1 0.8277597607666642 0.3576960149525589 0.32629191892088755 0.12414534216923666
2 0.8213442185183155 0.24918716139975364 0.357311562963369 0.12590816947531047
1 0.8358119085850966 0.7018237636610033 0.32837618282980685 0.11710169202256236
3 0.8367117892942156 0.15986710499900156 0.32078418613879645 0.11195822308514171
3 0.8205200274633141 0.8950968137791645 0.2967457246003349 0.11111878151082084
4 0.8315936428044911 0.9404760861512292 0.2802225262540615 0.07455742425853601
4 0.8281938824722095 0.09633307023694268 0.24542490680028697 0.09493287728167013
5 0.827949429093785 0.043835802882497665 0.20581959503882039 0.08767160576499533
6 0.7214801578501555 0.03406779715809105 0.11335337643362838 0.0681355943161821
7 0.6638697084757327 0.014781703412168837 0.06049246958990295 0.029563406824337675