0 0.5941855418536319 0.5726354221572586 0.2593436734263891 0.41308624482924483
0 0.4120517306250529 0.6087327034441696 0.2442491948199789 0.3835683253790369
1 0.750911118045993 0.5449252691389805 0.18840123187873942 0.3569547623583683
1 0.291297911651869 0.7416226353644575 0.11438153261581209 0.16861174142595287
2 0.869370981267788 0.5105930295263851 0.18935238426346174 0.3978201469737529
2 0.18932927066533056 0.7895942253620666 0.0916279144256411 0.11952716994294886
3 0.9436394413448179 0.4663128364237256 0.09649557662980804 0.32866178532756424
0 0.5386493244401171 0.37952098396902234 0.1814134939783122 0.3662342641717257
0 0.4284070972658116 0.42187482185104774 0.16156727320448747 0.338896269007346
1 0.6501773999017625 0.33350539638922316 0.18862503243985065 0.3665701469737528
1 0.3121852396551279 0.360053215309797 0.13232745849829078 0.21747239104093907
2 0.7641372965873928 0.28617592479849197 0.18745208937211572 0.41934280142435915
3 0.8557082559337069 0.22067931285007714 0.13031526332638885 0.2341873531838532
4 0.9280194660400638 0.20890702329134525 0.10124530891912432 0.22322843736036047