0 0.7586771631992867 0.5855264429809834 0.41243723323447246 0.24013624210447304
0 0.7151998032339024 0.3911225886255986 0.4008386210398855 0.2448040780002774
1 0.8069927268186596 0.7389670132326619 0.37550888247678016 0.17486876927971798
1 0.6941078518091164 0.2325526563188853 0.34122410846096823 0.16726563286489304
2 0.8080333777644579 0.8578874696421026 0.3839332444710841 0.15611351184936814
2 0.6245477800334756 0.1250788614552486 0.3920056309723645 0.14384253953873888
3 0.8113323984638872 0.9398420091318926 0.3473546791851852 0.10009779696908903
3 0.5747589613572649 0.05224700561255376 0.3095240685856122 0.10449401122510751
4 0.5439600912782051 0.01927104202370756 0.2754201825564102 0.03854208404741512
0 0.28531397948297593 0.6620201753537777 0.34122410846096835 0.1672656328648931
0 0.26387605278091064 0.5407518153552461 0.32136241136823335 0.15983032414433368
1 0.3064364422540583 0.77968276612154 0.35763041296324755 0.162653739533844
1 0.2226363616331188 0.4269327497184627 0.3670354882913103 0.16036177850950833
2 0.3972105108396707 0.8820971271360859 0.31027486174159513 0.14289151593790012
2 0.20904090125455782 0.31279201433433684 0.37644056361937295 0.15806981748517251
3 0.3893070218235737 0.9567841855995822 0.3050171295585468 0.08279536209174629
3 0.1805113013849711 0.22048169331146952 0.3345236325673787 0.1455750749155225
4 0.1542951036759256 0.15461367998090997 0.27013084898148126 0.12321320618908932
4 0.3670109672306961 0.9907317302183933 0.2823015464366097 0.015291870807410773
5 0.13889621365918786 0.08861979587965116 0.2316693105199428 0.12276566567104757
6 0.21721681229615372 0.0624423733046167 0.1780339019793446 0.08612057643342551
7 0.29642387007905974 0.03264519585762421 0.058443100848290595 0.03670103180237728