0 0.4055655341090272 0.6884458450580299 0.22507437572948746 0.3812950301477559
0 0.5944912577470614 0.6733397952582139 0.2202107332815175 0.3787512944350706
1 0.2509920284392622 0.7241723109408785 0.15698338145790627 0.34568273017016327
1 0.7519711558941234 0.6675564891293129 0.15642388005512833 0.32164426863170203
2 0.1345173902582793 0.7227569404350324 0.14133141132681656 0.3956738859449961
2 0.8613751359033114 0.6115243586708196 0.12858482873397475 0.36407416204789855
3 0.04782012275042712 0.7001045126581696 0.09564024550085425 0.3295809785410182
3 0.9392213901409717 0.5696226641909337 0.09084863221794902 0.2909096057412213
4 0.018582820391853414 0.6459001952007105 0.03716564078370683 0.2538027417422363
4 0.9747205859849355 0.5409642341201201 0.029969176407906143 0.2555071401018874
0 0.3707747594699784 0.2222267189439237 0.1489885410324789 0.31181904967805874
0 0.490044894786752 0.2067452215934272 0.1491563914533122 0.3190305881395972
1 0.25167247457403824 0.23049667783288172 0.1447963002678422 0.3381214678115274
1 0.6023832423433759 0.1794543278119585 0.14228055383344043 0.33324383072441555
2 0.14268812061693353 0.2684999621375289 0.13574041705523537 0.36188015023231096
2 0.7156157872053952 0.1768205593117334 0.14569150251228644 0.3536411186234668
3 0.05672666530299139 0.27833442982729895 0.11345333060598278 0.294222734027521
3 0.8084436148298609 0.15907329882089755 0.12070188858910286 0.3181465976417951
4 0.8783509787823717 0.14019565056842465 0.10225241144412404 0.26481702194601114
4 0.021241959463621736 0.2721720630570531 0.04248391892724347 0.2729635661935861
5 0.9362391119656515 0.13010351432389491 0.09408972059786326 0.22374180299236798
6 0.9511077801328524 0.2137485162525737 0.06876440583301283 0.16775389365971136
7 0.9731879867615916 0.297183683842994 0.018001876022756356 0.05097038268670577