0 0.3897283465495542 0.5398244380943175 0.3544002870336796 0.20259433018196168
0 0.4063812563839417 0.3620491393500078 0.3519684705442039 0.19761854457632813
1 0.3552074199911906 0.6912162058039547 0.3323880721180646 0.13617764434664537
1 0.3976189670052597 0.2160868971571569 0.315603104544586 0.14221252972259582
2 0.34497668799195497 0.7976578097649502 0.36593003692939247 0.119300181287052
2 0.4451023218052033 0.10824177015499716 0.3563006671461931 0.11622396194144122
3 0.35773633130022053 0.8760602197031969 0.3032482297478001 0.0836797555405825
3 0.4695743235459236 0.035108469144120844 0.2671625671044782 0.07021693828824169
4 0.3911174666816782 0.9205819135320211 0.2429562835522391 0.04582357693820809
4 0.4902867192099118 0.0036315991885443087 0.2261573308109456 0.0072631983770886175
5 0.3849400292832852 0.9498483006230278 0.24056642256620775 0.048059329794112995
6 0.3644024482169819 0.9693059398093736 0.14909440220972067 0.02003716908773475
0 0.8319870907698946 0.5173087328116109 0.3083775809152326 0.13930440367492627
0 0.8338533093180207 0.403041993854948 0.2939125484887112 0.13108430542574112
1 0.8229093337602303 0.6320797516620972 0.3083356254117884 0.1320928652133878
1 0.8477177808836551 0.2915405576393487 0.3010961166146204 0.12678089301187215
2 0.7910509789602868 0.7388322722276397 0.3611782852929593 0.1285793793065541
2 0.8410866268864308 0.19228522214855673 0.3154772380342528 0.12057791433798044
3 0.7845658678699683 0.8209832747032616 0.2986223446217001 0.11459356894470027
3 0.857194115176041 0.10825992340424707 0.2841852825308083 0.1111811630032073
4 0.771023055164074 0.8771962493803993 0.250475495705703 0.09921247221664668
4 0.8611704913539024 0.04670390829745616 0.2360524187826261 0.09340781659491232
5 0.7395213221434077 0.9226506930228648 0.17577445775488015 0.06275157998047175
5 0.8687456441786257 0.015214403346212046 0.20241255779659484 0.030428806692424093
6 0.6133543619860216 0.9254659757801588 0.07728669128626163 0.06787898553411618
6 0.7798662697414845 0.007128611745447732 0.18065207590164625 0.014257223490895464
7 0.5567660811959334 0.9462430913586986 0.03862936047531603 0.03153564661321194