0 0.29446405680477084 0.4004107385055924 0.37569558634389383 0.2037149231258718
0 0.2698942301166042 0.5817752523502778 0.36571589658954606 0.19879534568866902
1 0.2962332077819847 0.2500584687606973 0.3397096195373729 0.14085129645496303
1 0.24186492401656423 0.729415991835173 0.31290300670610205 0.13573592004111718
2 0.325227070855311 0.13731545543013776 0.3744922438586941 0.124443942613704
2 0.2673219045437395 0.8379806667115364 0.3497251720423063 0.11454884517454343
3 0.3565695665483284 0.0570803077412565 0.31129949633135356 0.08287927593887921
3 0.29126787038918367 0.9188591538951025 0.2865324245149657 0.07298417849971847
4 0.41034701340505886 0.03003745954314428 0.2610367424206515 0.053473696445173226
4 0.3066734356608398 0.9695636933848928 0.24679581806705614 0.055709714904753745
0 0.7574956016496706 0.4178284267737013 0.3178928515832759 0.1381957087597183
0 0.7439445860068628 0.5331570995935615 0.3053271631056004 0.13084431388629186
1 0.7425949537027671 0.6462217826714636 0.33694146824456356 0.1360156328648931
2 0.7440134726914809 0.754506744724051 0.3890974733512526 0.12701561646181586
2 0.7921003316263402 0.19928821139153344 0.39649116438227267 0.1295033764627948
3 0.7827595952734546 0.11617370574838667 0.30645594127307546 0.11404536209174641
3 0.733850210959375 0.841003249338946 0.32605101564280786 0.11907682465845955
4 0.8097856428330693 0.061150971392512396 0.3046344155782596 0.09000690055328485
4 0.7205186300449109 0.9058091960044705 0.25025671688720597 0.10138279182783067
5 0.716146968377353 0.958312830815732 0.2136525668710692 0.08337433836853592
6 0.6097402036149367 0.9663906369656624 0.11622365273085195 0.06721872606867517
7 0.5496619811440758 0.9817918667066414 0.07299028471220673 0.03641626658671708