0 0.3829516280481941 0.5517091314906671 0.3711938297468952 0.22980962662092408
0 0.34940110560266224 0.3634328846128498 0.27349989454937185 0.2016889473009031
1 0.3450749520822952 0.7062536969254302 0.3627459269723291 0.1672257080395383
2 0.33192492385881167 0.8287449525448518 0.3939959269723291 0.16777117881854517
3 0.3260445838738615 0.9297064910063904 0.3551380727670414 0.1190648663812297
4 0.36142594424804503 0.9784790959031083 0.26241554651298 0.04304180819378335
1 0.5628793366542416 0.6643359765193615 0.36486975693641566 0.162459975022539
2 0.5785054582294721 0.7885326667040204 0.4687951739313193 0.17387960913771502
3 0.6117285474034643 0.8998019180773752 0.21811884199781062 0.11667318681173838
4 0.5907013814801482 0.9650989179551748 0.20654334405410915 0.06980216408965052
5 0.5503497337377328 0.997508881741405 0.1354554331846633 0.0049822365171901485
2 0.32372659928173236 0.10190226897876396 0.13414794324896506 0.07678503246664363
0 0.6520423891840836 0.5588124182021104 0.19450040474398841 0.12346513236634848