0 0.3316130806651334 0.6410570590882473 0.3979651461024311 0.2484330308131046
0 0.31729217219997435 0.4393895134491447 0.3788182954530477 0.2515582488222216
1 0.32729673326140024 0.806291515841666 0.3705158154334956 0.18842732096025555
1 0.2928253046935928 0.2752371144786319 0.3367360914075709 0.17827145247621018
2 0.34267879057823486 0.9234743856304486 0.4181731456034903 0.15305122873910276
2 0.3388042632358744 0.1592509925327629 0.3939248876115646 0.15447272152578273
3 0.38353809190144206 0.9796713722903845 0.344757022976628 0.04065725541923097
3 0.36373603646324015 0.07502593315484261 0.3114808104390173 0.10645682114145241
0 0.8301803814893998 0.6714750823613944 0.31742140359541604 0.17178128586994254
0 0.8208079395571806 0.5470460775763517 0.3149336388601841 0.1667632842749282
1 0.8314276173803788 0.7982027786566224 0.3371447652392423 0.17472561589244945
1 0.8263938673816463 0.4264930839564087 0.34721226523670734 0.17232176973860328
2 0.8115607517424908 0.9110636825933747 0.35550530844071915 0.15351161908247782
2 0.8153681281202816 0.3041524613942292 0.3580350324666436 0.16093346683133844
3 0.8192487387548193 0.9692872137319082 0.31923781967956255 0.06142557253618364
3 0.8220822383856834 0.20753277466908673 0.32906300074841116 0.1511982169219367
4 0.8268540546948604 0.13714508634893005 0.2710769780212537 0.1293238709492872
5 0.8238417988259681 0.10207900783083888 0.21979898226732075 0.07923429899244973
6 0.738274484265619 0.08139187428475642 0.18808743006969963 0.05005797056495688