0 0.3454472452587944 0.5996267746072653 0.4154634178304396 0.2619713201413465
0 0.3822690178599493 0.41891969195576956 0.38134801947897223 0.2347457104851499
1 0.3078641221329912 0.7550654975732376 0.3734231730756556 0.19371247544893214
1 0.27467120442221715 0.24567290857991478 0.11697906843094295 0.09403176057948724
2 0.2984707005554255 0.879897647152404 0.40458925449426997 0.1896321349648509
3 0.3066384896419075 0.957347225712874 0.33568710914025013 0.08530554857425197
0 0.5472864036004856 0.6091342786982911 0.3586224625363432 0.1717421592226499
0 0.562500623754549 0.49525931216212654 0.35858050324565044 0.16933831306880373
1 0.5631333666383046 0.7345539047503744 0.3564284128359612 0.18370543985160298
1 0.6650775949077615 0.40506114113071645 0.19680950299617997 0.1247242690548078
2 0.5466123251805862 0.8544105116010154 0.430947643605192 0.18543989420021406
3 0.5953098245569101 0.9492445047630877 0.23995285589333235 0.10151099047382453
4 0.5669103265552083 0.9923458851114852 0.21200001373608265 0.01530822977702957