0 0.4247664370549848 0.2782834473030252 0.2813312160703443 0.43784249977702766
0 0.6219646282765804 0.30055648575710336 0.275963965527296 0.4182192820612291
1 0.26528250228423145 0.23734393308996962 0.20300924355887717 0.3834864009396351
1 0.7811209497131545 0.31154603516833934 0.19729226911873135 0.35184395245460576
2 0.1466068691762346 0.23623972540213808 0.19224901881919765 0.42577451049629256
2 0.8839046655302647 0.3643083575420282 0.18737138173208587 0.42297821585741713
3 0.0617370383397811 0.2554211410231543 0.1234740766795622 0.34394582751034886
3 0.9449707975521648 0.4084853733904929 0.09089353533472505 0.32157547039934486
0 0.2985789663407197 0.782600182272265 0.19248457681103898 0.35145150396957636
0 0.42291449093623434 0.7952330601230406 0.18760693972392717 0.3486552093307009
1 0.1767871774578902 0.7649633878712824 0.19523814686198276 0.36366695898132195
1 0.5379493824237522 0.7978335272515673 0.19178512901684394 0.32741304243111485
2 0.08163950915636466 0.7148011358939546 0.1632790183127293 0.37230122238413305
2 0.6581067177263501 0.7892242382027569 0.18209979962203976 0.32422429930721
3 0.031619811905217954 0.7034930692292771 0.06323962381043591 0.3141677076952919
3 0.7511222975424453 0.8068118773600693 0.1614001900234608 0.27217373613632334
4 0.8128529049688307 0.8281523547469957 0.1454383279531548 0.21811177529662018
5 0.8615721928873208 0.8433605270062141 0.1130692114824426 0.17709932168239106
6 0.8962973212953779 0.7625864997322661 0.07355850132961149 0.13790204149446394