0 0.5544679295835385 0.2776052013695508 0.2628193194855854 0.3878625026295942
0 0.37254172494248194 0.3130514618903843 0.2628193194855854 0.38786250262959415
1 0.7040681913863331 0.24051042158862118 0.19805167518968475 0.34313856821314115
1 0.2211045280598163 0.339384884119284 0.18768040914233303 0.32849169072895307
2 0.8187548046486701 0.22823740531004205 0.17855872386230887 0.3835004015660258
2 0.11927134954693394 0.404178839870673 0.1753989962764958 0.3690213745026711
3 0.9058652880707488 0.23821445595913385 0.13429187280307311 0.31764540302745736
3 0.05332982682775876 0.447952626841453 0.10665965365551752 0.2934390910681624
4 0.9407312789208023 0.2830203057079052 0.09015100198249826 0.2541942506427351
4 0.020788529381481905 0.4800698540157585 0.04157705876296381 0.2562064458146368
0 0.5066243137477604 0.7553001892406512 0.17477931670247424 0.3113850169506411
1 0.3983354782053065 0.8058389184897966 0.18084681139677805 0.3355353787696582
1 0.7396662996225343 0.7294683083961532 0.19399986431395944 0.3574497448556625
2 0.8500491415318234 0.707691807782745 0.18930793062564397 0.4053588175117523
2 0.28972147044691554 0.8167701363407581 0.1890661917676058 0.35493399842126105
3 0.9084292297271254 0.6703192871785248 0.12745827505751814 0.3246890910681624
3 0.20192320652184242 0.84282280292922 0.17212351007130577 0.3065213745026708
4 0.9434109791965557 0.6671041639906508 0.0559830132547234 0.28941269084626076
4 0.13474660526245336 0.8647941240945511 0.13569809866691415 0.25285345715416696
5 0.07229675355829598 0.8831596760291133 0.14459350711659197 0.22926259673792734
6 0.047303218610591585 0.7745120278527243 0.09460643722118317 0.1200824172898507
7 0.020257393975001314 0.7223267892215811 0.04051478795000263 0.0588113104978633