0 0.4481844266416134 0.5597050939237048 0.42301559336121797 0.3073965827659554
0 0.3916089482647043 0.37843531280658704 0.4103664613986815 0.2943962307841513
1 0.4795876213321106 0.7213025020813539 0.3787487423019822 0.2391569244893599
1 0.2482907055624157 0.2694277869376155 0.16495285808690405 0.13314310769827592
2 0.5208683827345987 0.841053404411045 0.42201797307121297 0.24268896085462408
2 0.18423128500807756 0.1756775885715326 0.11536417214604701 0.10037246900182868
3 0.5652612140324957 0.905025284595988 0.3444854381933986 0.13343684896379918
0 0.634434845874286 0.47449184030350744 0.3658476498621233 0.22134888019986343
0 0.5972007845378811 0.36286006314850583 0.3629398827536325 0.21153727134196415
1 0.6862809544917596 0.5885520412341901 0.38343045437101336 0.2371455268205431
1 0.6410046011196091 0.23133550790185162 0.21681940994294607 0.16370612448339167
2 0.7402789487857571 0.697608325614666 0.45807566537890526 0.2456323244923438
3 0.8266079967276585 0.7786770859845519 0.24781744946562376 0.16144934732839017
4 0.8293744511685618 0.854496351951963 0.21935945795473744 0.12082934219919012