0 0.4761444773372767 0.41586538461538464 0.24864284983206084 0.3894230769230769
0 0.6592568093142238 0.4230769230769231 0.23284340050107652 0.3245192307692308
1 0.32225202798457314 0.3737980769230769 0.19125426687040287 0.35336538461538464
2 0.19824393891917655 0.3701923076923077 0.17893131137052237 0.3894230769230769
3 0.10102817778328708 0.37259615384615385 0.13909340050107635 0.3245192307692308
4 0.04755982147826253 0.40384615384615385 0.06291778113417847 0.2548076923076923
1 0.366790942727706 0.6225961538461539 0.17683118994732594 0.35336538461538464
2 0.2510563071058912 0.6165865384615384 0.18569911700653147 0.4230769230769231
3 0.14787722609193613 0.6610576923076923 0.12600152205458764 0.22355769230769232
4 0.08108327065721312 0.6286057692307693 0.10168304432636655 0.21875
5 0.04172353384940122 0.5925480769230769 0.022403538331223685 0.13701923076923078
1 0.8052269470357755 0.34975961538461536 0.12660897151588693 0.15144230769230768
2 0.9184177284088644 0.35336538461538464 0.09720278529021388 0.14182692307692307
0 0.48673767546635893 0.6802884615384616 0.1449759836364874 0.1778846153846154