0 0.37340781046495947 0.6178144277228769 0.2325340587553653 0.39148283637123227
0 0.5571058169916756 0.6052071193243508 0.2321416102703361 0.38667514406354
1 0.22042028645436945 0.6637322890338898 0.16826804057273337 0.36474639068123554
1 0.7095784011402267 0.609475690880335 0.1637057277512259 0.3381078587464131
2 0.10483944682723943 0.6755548988284402 0.1553656023461037 0.4114497440605558
2 0.8225100151273259 0.5716032218785063 0.15178441073716933 0.39683044289496433
3 0.03890393565456951 0.6679015582721194 0.07780787130913902 0.3169640023341674
3 0.9067916995107859 0.5336815976330076 0.09384712029084269 0.3013635799560024
4 0.004293446726943619 0.6383684212110813 0.008586893453887239 0.25853595291547105
0 0.4383592249338125 0.17315204450500854 0.16213593381110852 0.3188770895156438
0 0.5532532797121413 0.16974289624891978 0.15433572262202602 0.3110768783265614
1 0.31897639183339865 0.187672836817177 0.1581131384734749 0.32810002564599916
1 0.6675095065192558 0.16043324416085167 0.15767153474477552 0.32086648832170334
2 0.2068050971945231 0.203763026337297 0.16017329465379598 0.407526052674594
2 0.7755844713210754 0.1636344744617569 0.15041084103956676 0.3272689489235138
3 0.11798547924530779 0.22198829509974075 0.1496750993131783 0.34173820559901735
3 0.8610191219038712 0.14738413366754322 0.13927481772773503 0.29476826733508643
4 0.05894348519594233 0.2438189363607879 0.11788697039188466 0.2752645655050539
4 0.9251380710876587 0.1334166353957879 0.10934962891383347 0.25726029697304276
5 0.0254859624676523 0.27229702097766456 0.0509719249353046 0.21384399720496747
5 0.9596995039546559 0.13417715311009443 0.0637257072344266 0.2248821067616249
6 0.012890645330919399 0.4111068475513624 0.025781290661838797 0.07903238834706819
6 0.9613678067481964 0.230748025370805 0.038411986485702536 0.14879308205227676