0 0.6359769555486363 0.5653598259307588 0.4032763498984376 0.2706919489966894
0 0.6563074793984108 0.3634620189990171 0.398510616881438 0.27275960855465303
1 0.6258702260292927 0.7317294904399668 0.3684056843144991 0.19862710436397507
1 0.6903687518748305 0.2002191138180901 0.34660323176711244 0.18749888006712018
2 0.5925012818493046 0.8553089340824324 0.40906127247641966 0.18946545965974337
2 0.6588758091916651 0.08542554339765143 0.40176581543349543 0.17085108679530286
3 0.548078170586021 0.924440382676142 0.33779724025924646 0.0956484463271427
3 0.6351039997505296 0.02397200817230097 0.30671507742201787 0.04794401634460194
4 0.49241207543132404 0.9499411439134033 0.26492658841139094 0.04733641661967825
0 0.14370354832829463 0.5485564929458513 0.28740709665658926 0.19134855256983593
0 0.15496887674946155 0.42039622695127005 0.3099377534989231 0.1782702220302882
1 0.14138970404801154 0.6712366934409756 0.2827794080960231 0.18156507465651034
1 0.16283550262450922 0.29953154606719773 0.31046162087803447 0.18016978829031088
2 0.1535408959814982 0.7917064110715302 0.3070817919629964 0.1810102547800166
2 0.1901109128384961 0.18118002797727745 0.33197035839057143 0.17447108951024257
3 0.12982321241541028 0.888255220478894 0.25964642483082057 0.16579725134990425
3 0.18337582292774782 0.08561450836622522 0.29097909590310833 0.1644019649837049
4 0.11236689997809476 0.9254895658721742 0.22473379995618953 0.09132856056334376
4 0.17476746128899112 0.03910040498700274 0.2514266158835562 0.07820080997400548
5 0.17411100899107484 0.007430171742149915 0.22389336663323495 0.01486034348429983