0 0.4874152855624799 0.3534405060434701 0.26437273148290935 0.4012452899854614
0 0.6730757328804257 0.3007772876214531 0.20991871889034258 0.26069402285096666
1 0.3232915398739752 0.34384910395167184 0.2051106298504844 0.3773051389343402
2 0.1929932869599963 0.3484355976628486 0.1982423846303051 0.4101740881181276
3 0.0924487746053222 0.3469635191118228 0.14084461166785234 0.3505686932443432
4 0.0515096571244324 0.393862898367575 0.06102732635072548 0.27958189557254237
1 0.3807868298594367 0.5738825929945139 0.19588769372012912 0.3813279342719738
2 0.2630719028203974 0.5992206929989903 0.20113659302435508 0.474881710029459
3 0.15592890398748105 0.6503143158469727 0.1534037566531228 0.2704077179536914
4 0.0831758897669652 0.6187452034952827 0.08354514919273978 0.23366343916328075
2 0.9390442244878678 0.25365789996568283 0.08330016643872075 0.14290595804467093
0 0.5060563902352907 0.6410925699131149 0.12465591329430918 0.2107531678362372