0 0.4123245646961942 0.6282126155068158 0.28143320647010606 0.4229267120361349
0 0.6047734404458768 0.6700099175784343 0.2637668418188621 0.39859453546282353
1 0.24935142397340607 0.6049476710773575 0.20780682702094389 0.37839870254611935
1 0.7345315525466318 0.8428438979721921 0.10448719307368612 0.1027238286706374
2 0.11961240861730368 0.5702509259483679 0.21404157000498164 0.4193480057428896
3 0.05539155338994594 0.5198811382365082 0.08643930112458698 0.34264689185763164
0 0.4727908081731715 0.4334740141077535 0.1978556657758309 0.3686154807679633
0 0.5951923688315873 0.46443911213389527 0.1951999871496885 0.3613619830157322
1 0.3533654355647843 0.38454300886380477 0.20325096718554783 0.385526322426272
1 0.7192537158939921 0.40534389797219195 0.13968256847299407 0.21625006868041338
2 0.23410795127126122 0.34041969592754834 0.21994053635929103 0.45068192432427523
3 0.14085778667704332 0.24990391483425953 0.14326163283088944 0.24994587412495242
4 0.07023812968959407 0.2570795772972826 0.09152170123863895 0.21300703671271065