0 0.2611173441366387 0.4529654273220327 0.3858274794964887 0.23091590660760522
0 0.2590461484658121 0.6516678486668378 0.3856315810466598 0.2261082142999129
1 0.24614327604620578 0.28811747971150364 0.36856387505089283 0.16028009538007312
1 0.23195290886393727 0.8138200007098851 0.3567405427314909 0.16431756038277057
2 0.26310894267361623 0.16749347624726763 0.4063397689380301 0.1459178996791333
2 0.28349685762114224 0.9348560936976462 0.3988343828017483 0.1302878126047076
3 0.2921203724482071 0.07656287666467974 0.34928822135110854 0.09910562330692652
3 0.3156590231667641 0.9909219320924556 0.3041579553085032 0.018156135815088757
4 0.34767614928346224 0.043971207229463946 0.27580154758692166 0.06083041332311169
0 0.7687778343971765 0.5927482643609641 0.33442028277247443 0.146104228156857
1 0.7831111423822233 0.7141729357412634 0.3538469504530725 0.15214428415254078
1 0.7948344268505653 0.3377399444728419 0.34374181971311574 0.13950887153931427
2 0.7789563735013948 0.22465171190050462 0.42316669201495327 0.1469962179061259
2 0.7733570142163514 0.8352590755884962 0.3943205381687994 0.14514767237413842
3 0.7525813925126097 0.1325819128687869 0.3170056643460645 0.13060283300678732
3 0.7900676359772946 0.9279146158531412 0.3532592551035859 0.13772120722946385
4 0.7800256346885693 0.08011285174773748 0.3101410383151689 0.07981397285402014
4 0.7895330053837074 0.9713318838061172 0.2612274566830308 0.05733623238776558