0 0.5488449806482978 0.5496902366890587 0.38113822302550804 0.23152017433172253
0 0.5711177984542973 0.37451570306314047 0.3810962637348153 0.22911632817787636
1 0.5665922783516489 0.7025847225961359 0.3441154670318806 0.17455229878312567
1 0.598791821929866 0.2339170363329689 0.3342483266723391 0.1596813781240128
2 0.576597463167624 0.8174095333107062 0.3894109103387221 0.15504494114468167
2 0.5813443225535422 0.13264926226657947 0.3651626523467964 0.14190610103536072
3 0.5475266165148368 0.9004278532825791 0.3022430594398682 0.11495665521266464
3 0.5694029270735197 0.05994773971132134 0.3067989960034034 0.10075750015760598
4 0.5130755438378268 0.9476683832817823 0.23894583291670435 0.06637259400535374
4 0.5606057486266451 0.023954401763478645 0.2389877922073971 0.04790880352695729
5 0.5295248332985145 0.9685192721283346 0.19492133491500263 0.021088066423960602
5 0.5862657261489581 0.004093023797071828 0.1832377784713146 0.008186047594143656
0 0.3800451754532293 0.5191219440751556 0.34858748501403025 0.1555454514203745
0 0.3951125380898677 0.4127369281688752 0.333996570928182 0.14525830120093589
1 0.33124004808135904 0.6318821053652542 0.2814056705784165 0.15962208372966066
1 0.3657716858163914 0.30481742031099235 0.3029144080909533 0.15341819367420337
2 0.3340966333718347 0.7434370296510824 0.3846032180310298 0.15482101927666364
2 0.3088705213550701 0.1933777708865208 0.2955350324666436 0.1434669262567917
3 0.2773186170137777 0.8313486695948282 0.21574655719209937 0.11332990774218661
3 0.31636969155928096 0.10776133008995983 0.1866066883110957 0.09515945345715543
4 0.2904829152160697 0.9027922886061587 0.22034445304632758 0.10153459884097388
4 0.3414361557197169 0.04774748998063895 0.1694860501993228 0.07754880384216928
5 0.3160860370945207 0.9496376414089827 0.15966086913047414 0.0650817293369025
5 0.36738984827687965 0.01606290195399327 0.15464338036931766 0.03212580390798654