0 0.55917519570078 0.42096388195400686 0.3686294367319529 0.20785580167061987
0 0.5337237370852098 0.6081002060422013 0.34927268726252253 0.20500435439455153
1 0.5997528441713478 0.26667113192468 0.36054625821907066 0.1452439013900644
1 0.5474215974341724 0.760046064997009 0.3285403767871037 0.1300934726433765
2 0.6012441637967133 0.14636692395181675 0.3911663570257647 0.13395202244444476
2 0.49417948457214184 0.8574847544991457 0.3632122864695232 0.10449041705523526
3 0.5712386337543987 0.05300756999471202 0.29502273249120275 0.08609689005053442
3 0.4702193455819372 0.9243168706144769 0.28452548620519014 0.06904616641250036
4 0.4308180661400821 0.9643150280555559 0.21355414535704015 0.043385150805983076
0 0.362001931775707 0.44044240705982934 0.3336000295721183 0.13501306523162418
0 0.3572827836355557 0.5534511513607375 0.32082491737092056 0.12031023760715834
1 0.3409086734168564 0.3147989804466349 0.3151251417733159 0.1489885410324789
1 0.3410483256808182 0.6565647603448721 0.29488653063325754 0.1293101706794875
2 0.36536251174242157 0.19262245265256442 0.41052310649519524 0.13680346972051313
2 0.3019143391452118 0.7603487660732908 0.2574430557002924 0.10202861088301309
3 0.3165041531853211 0.09160395911169898 0.2501055370000928 0.09945691430833355
3 0.24822618463822516 0.8433364035822118 0.16091126883046278 0.09257906681036342
4 0.3317988701597419 0.02938370981308789 0.2065945673728239 0.04802499269284206
4 0.24817852694782086 0.913131867254167 0.1666110444280674 0.06390076338504286
5 0.24515500121995307 0.9689058727638623 0.1547177938974978 0.06218825447227543
6 0.29829668789153285 0.987438772649733 0.07122330132547229 0.025122454700533963