0 0.5961824771579413 0.41939229239090525 0.3839133794672148 0.22311352005090676
0 0.5781169268219645 0.5971510370048214 0.37439594407674465 0.22540548107524244
1 0.6467754575612482 0.2696693764995064 0.3480067011403363 0.1674334605591587
1 0.5650284348655591 0.7412978923884578 0.31347131196226 0.14540724722125675
2 0.6609944557476118 0.1568004923982476 0.36645387657178985 0.14842646158741035
2 0.507317775082186 0.8296108462272692 0.3413379735592696 0.12170444107132666
3 0.6347663985961984 0.06270085136852749 0.28815951049991095 0.11387753439748075
3 0.4818366075479575 0.8942489651985283 0.272463093652946 0.08245970670321512
4 0.4419058307127023 0.9298591169881788 0.20667770447486988 0.06006986669440441
0 0.4052236317645438 0.41356280621111624 0.3014520811930294 0.1452673908093688
0 0.3861969412704878 0.5263757477476199 0.3016479796428583 0.1500750831170611
1 0.4027136560988988 0.2980942769793681 0.30194182731760166 0.15728662157859957
1 0.3519860222885468 0.6281895682563613 0.2915428489029014 0.13794396721831986
2 0.4326066288977198 0.1842052831366406 0.40040157040037955 0.1560295980022353
2 0.30249292559380636 0.7214081138911868 0.30326823199738884 0.13087228516866936
3 0.4006628040364343 0.08282417543943803 0.2596072043285004 0.12075341747048793
3 0.2667107288697921 0.8027612708098583 0.176994892073501 0.09816777848503368
4 0.4029646108219238 0.026333790824053422 0.20368616297153702 0.04561881848894978
4 0.27127763825864043 0.8677490308108372 0.1806271936822199 0.06937756720363535
5 0.26541903685483886 0.9229955354257323 0.15958027364709124 0.08354890258531356
6 0.30510903077125007 0.9523172010723056 0.08417949985363048 0.061047177446992645