0 0.3744044840146898 0.45885876126270814 0.41178906388750025 0.2592714295645048
0 0.31447216083317253 0.6554804465427323 0.24245678045299165 0.20477973593514692
1 0.3567423285897968 0.28705186219168083 0.3766805140864318 0.19500770622324853
2 0.34413863616479684 0.156425298332691 0.4269934328963677 0.19044175277359437
3 0.358339922404861 0.06330519952599678 0.3458201551902779 0.1069574818208531
1 0.6032754297706728 0.34570090369685685 0.3956315326158121 0.183996317363307
2 0.6183439431850426 0.2153211895055473 0.485021441430342 0.207888355424539
3 0.6619229096038995 0.10087631510124849 0.2865632534482908 0.13986566816201648
4 0.642581245031624 0.05293048307262866 0.24849135609059822 0.0514375030436376
2 0.2946488904342407 0.938441401383942 0.14395302840747876 0.0987789879271622
1 0.25017974646618524 0.8326194021146649 0.09067676204091892 0.07918049959969355