0 0.3889559037421279 0.3266178190584213 0.25068539628622094 0.4244494130854317
0 0.5877637720407223 0.3291657929608781 0.23410385269548273 0.39775534964896697
1 0.21830740444088606 0.31515287212918897 0.17925699488572067 0.37279378371526317
1 0.7353799053700768 0.22066920829661335 0.11891625501771366 0.16290390109817687
2 0.09041299768075321 0.3113670991512936 0.16473560747530352 0.43015041708202817
2 0.8532175221522085 0.189725089915818 0.0881570139900831 0.10955773351594032
0 0.4268525536336259 0.5402034727798399 0.16640371190276107 0.3917727972018755
0 0.5518525536336258 0.5380215896638127 0.1584072764711639 0.38203153471441237
1 0.2998165783429739 0.5616790640626756 0.18004189185577937 0.3824091683306478
1 0.6748899144763134 0.6297575437105569 0.13265234872590634 0.21355250749171753
2 0.17179948183974872 0.5711354245762805 0.1744980610895327 0.4615262949541067
3 0.08575138254149098 0.6376337237764542 0.08751878928670329 0.24877101398555312