0 0.4003888822550182 0.3710552121888084 0.2519104530960758 0.37372901889563437
0 0.5841549591998143 0.3568396656459638 0.2396112061370854 0.36836152191789695
1 0.23749923044344384 0.35268054145089245 0.1834826960293453 0.35136334351261284
1 0.7257955786753078 0.31908616784035065 0.17104344097547505 0.34359200038102927
2 0.11333927901272244 0.3612816498055008 0.18812667170126768 0.38993684290816016
2 0.8304210361446103 0.3455351033873536 0.15603662313198896 0.37405827384296614
3 0.04996366763210868 0.40507772412025295 0.06996560295994705 0.29573237131742897
3 0.9072622547498023 0.3682926420394067 0.10518324669836086 0.2829887084044873
4 0.9556891980639247 0.37654147610420224 0.07832091472141382 0.2745455996688496
0 0.4578344934184407 0.5547288350173687 0.17811497134213392 0.3415240370292102
0 0.5710371290619746 0.5432200563058737 0.16581572438314368 0.3361565400514728
1 0.3400923273865289 0.5911980960092259 0.18222262317542728 0.3297287281279973
1 0.6877518213479478 0.5714307195998447 0.16950335193179783 0.31714969268872156
2 0.2237158010673101 0.5893737599405581 0.18413531942196387 0.4448894216445948
2 0.8057965905352789 0.6224779213553542 0.16721580533194105 0.36019500158993434
3 0.13585799532270537 0.6655921101350573 0.1350331657495631 0.2604057390081428
3 0.8886711330659762 0.6047619386610541 0.09675905246468457 0.1795113628550937
4 0.07046412083678003 0.6541557033783524 0.07001302004172727 0.21422552395467775
4 0.9465153031236088 0.5894761353904289 0.0819159512569683 0.1716280587895011
5 0.9857728377983369 0.6341185445649438 0.0284543244033262 0.09414517719637908
6 0.9809888540315346 0.5486700451693963 0.03802229193693089 0.08715756060285866