0 0.647566756057511 0.6311084554841965 0.39860387351181575 0.22434649888184774
0 0.6237126274078487 0.45333315673988667 0.3743414901053362 0.21785787359474432
1 0.6797487185814544 0.7819118966510398 0.34761596615065843 0.1584846329230252
1 0.6350238175211541 0.310363087243676 0.31888177323851363 0.1588713595015777
2 0.6811252109140861 0.8886309105502819 0.37567839345874915 0.14367482942139548
2 0.5974216914798165 0.19751690464454763 0.38495789527210683 0.13713566415162176
3 0.6667910755825374 0.957578912429 0.30909513329476795 0.084842175142
3 0.5663066717563064 0.12106460094899384 0.2770614067567048 0.08406648211913509
4 0.6412741025594778 0.9899467888569526 0.2568229891198547 0.02010642228609482
4 0.5545640293947506 0.0747191508341524 0.249947333460343 0.06779437891870571
5 0.5630038242030405 0.0501511394105323 0.21735380225223488 0.036763012199317144
0 0.21484480116802726 0.5744934008114557 0.30652665966725584 0.15081935455033368
0 0.2108405408135313 0.4627986013065801 0.3160300833486315 0.14908788158825198
1 0.2189610224565322 0.6885920464701775 0.31865785137049557 0.15406366719388542
1 0.19629887510175015 0.3563569973455848 0.33000531653567233 0.1404810567605142
2 0.228694995860621 0.7946974638352905 0.39021343131583525 0.1470872353628886
2 0.19377644015919981 0.25075585987429516 0.3492360857664416 0.14182580314404325
3 0.249272610226846 0.8764029630747245 0.32027797098627875 0.13740483741490359
3 0.1923736145567396 0.16919318394146707 0.2907600515360708 0.12096464091653303
4 0.2701004797309174 0.937759816655437 0.24978270598667718 0.11570320869768781
4 0.1930683995032745 0.10694532388837877 0.23010409301987186 0.10474307769877397
5 0.30205189253214754 0.9721033493006376 0.18789517719637916 0.05579330139872486
5 0.1893473554111487 0.05277473877786974 0.20561778774537431 0.09344676010397807
6 0.42350210376838276 0.9784068479734299 0.07021867659192657 0.04318630405314012
6 0.27784181936742036 0.04937880618630697 0.16626056181176377 0.07152649810615073
7 0.47373261786130555 0.999696760103978 0.049308493351022165 0.0006064797920440303
7 0.3528912076095201 0.04025066814837566 0.0807824152190402 0.03679707883205731