0 0.40832760864384415 0.34366750811421476 0.35908401473396434 0.2064740643871798
0 0.40277681568803564 0.5240679305866853 0.34213121378496286 0.19847879938757834
1 0.38585653721418633 0.1861892517674632 0.33648433566341396 0.1501779544426372
1 0.3738169505541581 0.6695302700915537 0.3121101997994097 0.12982757587177765
2 0.38797548139417426 0.06672809314803783 0.36988642607310307 0.13345618629607567
2 0.40212371691348253 0.7678903738010565 0.37427452547386714 0.11350779092524295
3 0.43482341845665046 0.008795383025450305 0.2841993169328529 0.01759076605090061
3 0.42494535902185204 0.8364823029225048 0.2773654120875499 0.06576012279565163
4 0.45544009178938105 0.8782960415496184 0.2315244980017017 0.054017480434095905
1 0.6371065028739797 0.2405391229272863 0.283431883116027 0.13809942927905436
0 0.5677428053223387 0.3614624906180002 0.2423147427564856 0.12177301647782429
0 0.5658126779504684 0.47203941369492325 0.2447605482010245 0.12428882356567947
1 0.56991314560856 0.5811345113599007 0.2038951635856399 0.12238548768752612
2 0.6246974719041585 0.12582627314672495 0.3938829283208716 0.13603809378193038
2 0.5707015590707321 0.6735706273489686 0.22730423576370903 0.08744740471992402
3 0.6829291670832957 0.03775837962215842 0.2251941046447127 0.07551675924431683
3 0.6557294861442517 0.7560784952631057 0.13861368381555841 0.09772792708466746
4 0.6556306712096972 0.8305417455653319 0.17412590534424383 0.06815734109480277
5 0.6283911369942257 0.877446392762508 0.10665037587378023 0.05540705032716558
6 0.5880773064500252 0.9165533635582721 0.0826119143353187 0.05428744098707538