0 0.3341618113269144 0.6106010561946393 0.28999462344890353 0.4067323872746076
0 0.5074859441036982 0.6493608712461096 0.26395357091745564 0.3747829394804125
1 0.18065418901382707 0.5820511563836195 0.22278009538007307 0.36878618592258844
1 0.613135254834311 0.8234262699710327 0.09827819959110684 0.11083097854101819
2 0.0889764331146885 0.5401623237305251 0.177952866229377 0.40724772438412704
3 0.030005179614958247 0.49638136894243934 0.060010359229916495 0.31487812250026326
0 0.4202648922821354 0.41321514119770364 0.188141095238096 0.3149922884055195
0 0.5255881281767316 0.4608338101177354 0.19248665116279143 0.30792063950282006
1 0.3064977542380091 0.3846174071701825 0.2144902386915419 0.3517494285074069
1 0.6528522279722851 0.4103494277963017 0.12786229772553087 0.19806888787367483
2 0.20411752361075533 0.32865522149110876 0.22197758505835358 0.43114629636374946
3 0.1250664084391055 0.24688023113450283 0.14832543064429166 0.21785921533980016
4 0.05399890143964499 0.24722070629547346 0.10459406349206403 0.20938867084871055