0 0.3860105656501131 0.3635986636390187 0.4100974517136616 0.2521834441560814
0 0.43753552768549425 0.549156343644403 0.41219320694550987 0.24740372313076675
1 0.3115559009143317 0.21380497747636176 0.37678397949853815 0.18213625030601174
1 0.457163867265811 0.7055182287739135 0.3671685948831535 0.1820243651765012
2 0.26976808593860946 0.10522631695880955 0.416725091347929 0.16818868518335411
2 0.525239944472842 0.8120007272437733 0.40199392350285407 0.1632131651813961
3 0.27665723437544376 0.04405411080643185 0.32192905613766093 0.0758075938892288
3 0.5745635303404628 0.8882393498139128 0.30516301428287507 0.11404536209174629
4 0.6018369465599025 0.9389998318684581 0.24771791629042816 0.07974817644321529
5 0.607753397705656 0.9712674154139846 0.22996672044751149 0.057465169172030636
0 0.8275337315501043 0.3002777211354495 0.33801435011500164 0.1768810174802777
0 0.8446097067325444 0.4195338329334214 0.31078058653491125 0.16966947901873924
1 0.8006777119998868 0.181063566261044 0.3495714445012357 0.1698093354306273
1 0.8652107436039418 0.5327383724232114 0.26957851279211636 0.15971843901482335
2 0.7487657939063522 0.08317634266510027 0.4013777416588583 0.15359778056601153
2 0.8699557122838409 0.6409254349874771 0.2600885754323182 0.15488277542475343
3 0.7181176766476418 0.03597967291775776 0.3208507379106683 0.05898067081230572
3 0.8944401686969369 0.7229079457596449 0.2111196626061262 0.13995621541887934
4 0.9195873890734597 0.7880775190960783 0.1608252218530805 0.12500168413062804
5 0.9324843104892533 0.8627226206360082 0.1350313790214934 0.14398071181999883
6 0.8962472191839191 0.9039927467805543 0.2013963745066308 0.14406462566713157
7 0.8355957647159067 0.9321116472848903 0.12077620651957889 0.08547723693874058