0 0.4195628080306065 0.5691548695698887 0.24774882590457553 0.3595298638405755
0 0.5960509071505607 0.5898278752333848 0.23804949713175885 0.35667817395069323
1 0.2703564581772808 0.5712887551707552 0.18988862989740368 0.3520351091166667
1 0.7265873920022681 0.6391264268023641 0.16923080999028883 0.3102740370292102
2 0.15894009352603689 0.5524004965967081 0.18807239284558214 0.36875007125958087
2 0.8280373282025567 0.6139353947992888 0.16112642020868206 0.35309542406240485
3 0.074454434305851 0.5117919949738652 0.12271829149289121 0.2841083177445774
3 0.8960432786425797 0.5963214312569551 0.10032817869138701 0.26146605395388095
4 0.03933156539694334 0.4712921403576837 0.05347988356426091 0.2256849500538634
4 0.9330930336336147 0.5885764213952001 0.07718256847299407 0.217189174778569
5 0.9525489304638065 0.628602099005517 0.04025490017929638 0.12187172170244273
0 0.4941239599291537 0.18766444932471366 0.17884619460567358 0.3107218807652462
0 0.6054563804229656 0.2041488617449145 0.16914686583285687 0.30787019087536394
1 0.3858936437215185 0.15832284516836437 0.17437427892770963 0.31664569033672874
1 0.7090316254319303 0.20534415696714242 0.17023813987947387 0.33912019087536394
2 0.2790064340327968 0.17237219634834536 0.18782056037328587 0.3447443926966907
2 0.8068071154498602 0.2128289699090082 0.17655682702094402 0.3826133435126128
3 0.18810670584667724 0.1525849363748787 0.16467495015489292 0.3051698727497574
3 0.8786859347987904 0.23717035312497314 0.13937732625494995 0.2800843519749482
4 0.11814333491284253 0.14257437456311492 0.13862182883806135 0.25844973659033277
4 0.9286363342120934 0.2541059232085576 0.11639960435142117 0.24061516510732858
5 0.07456886192556775 0.20479778615543998 0.06429336171775812 0.122991331042533
5 0.959348305317006 0.26919745180834104 0.08130338936598792 0.19404640071217957