0 0.2565702601315535 0.4041015647294927 0.4187170905534183 0.273190585532937
0 0.27569805480983023 0.5957214765341908 0.40606693192222176 0.2653491458780927
1 0.23120783013098342 0.24271870020586334 0.3789642750672361 0.2017153237301424
1 0.26949502087941746 0.7623478533911844 0.3601541244111107 0.20551517412854553
2 0.22358929369957295 0.1246731673804374 0.43821919176410223 0.19524944508128667
2 0.3223207936626086 0.8696492902629174 0.4105150283478629 0.179440585532937
3 0.2511725017762109 0.04868810623466879 0.33752898528247843 0.09737621246933759
3 0.3633071336175944 0.9345003679167172 0.32947620967165225 0.10101596736521046
0 0.7779934761832628 0.2834547837753358 0.3588922686871791 0.1910920972054685
0 0.7852965486836904 0.4051060858315309 0.36631411643603956 0.19387388407529813
1 0.7854932373662404 0.5259334055267865 0.3444691917641022 0.19033621577350163
2 0.733910249474288 0.07242867480841199 0.42118195939985736 0.14485734961682398
2 0.7775919284413119 0.6435958868265869 0.33882026230712203 0.1804688706807947
3 0.7383267445080486 0.022645907699921204 0.3743080494454414 0.04529181539984241
3 0.7936386370615399 0.7336822382861291 0.28990210208091144 0.16833388129218682
4 0.8114729746240044 0.8033358974379792 0.23993239541809103 0.14417966113434844
5 0.8212692472259988 0.8554646313906276 0.20898314869871754 0.11862943673195293
6 0.7214949211910274 0.8882110618256351 0.14353881867621063 0.0817001043729168