0 0.5704696597442283 0.4107229431985273 0.3959978861885108 0.24182931289767906
0 0.5760411089800728 0.5914521762491038 0.4032793694294688 0.24452700672626876
1 0.5917730487039999 0.2575624339267746 0.3578418504982332 0.16824468990857774
1 0.600550686502217 0.7416660284865387 0.3531041029699604 0.17045263761259505
2 0.5949905085572973 0.1469855108498515 0.3984974007753592 0.16269828827058494
2 0.5624075126387308 0.8532265339560485 0.38386448951402374 0.15489905445955982
3 0.5636098677345852 0.06748922170104922 0.3102802645308295 0.10147980848135708
3 0.54917711005645 0.935718454751626 0.3034184499663886 0.1132051915758444
4 0.532032254400406 0.03611883024162726 0.25324318350688024 0.03913082246217093
4 0.5356190941399901 0.9746830590811357 0.2519584538237463 0.050633881837728614
5 0.5386303327456934 0.9948331248313385 0.22680087581457256 0.010333750337323156
0 0.14853035061027112 0.44977836577914015 0.29706070122054223 0.1687875007890495
0 0.152756374119689 0.5678117003798877 0.305512748239378 0.15966186229823703
1 0.14419940993172398 0.33294695425531545 0.28839881986344795 0.16589390851063093
1 0.14750690257256133 0.6773336242172594 0.29501380514512265 0.15156878081246872
2 0.1662058597763552 0.22320259959016522 0.3324117195527104 0.1627513530264843
2 0.16017008871922564 0.7814826026319597 0.31641690764749253 0.14734878385426298
3 0.15290189932399045 0.13968221193298624 0.3058037986479809 0.14955673155828017
3 0.15051048297800437 0.8653233703418317 0.28255322715538783 0.13876595624392224
4 0.15037102543809672 0.08434477578206746 0.2578852626021507 0.11615184861016231
4 0.14731513368762528 0.9337840111139898 0.24833982276618563 0.11816389786435075
5 0.1801964061961237 0.0518663203271947 0.20558592910647427 0.05159491488695888
5 0.14980178644768236 0.9665155199180331 0.22318224475701193 0.06696896016393393
6 0.31643338256494846 0.042977374611784115 0.07055087581457255 0.03168668136867285
6 0.2482545615862454 0.9727169436090352 0.16528010272644578 0.0545661127819297
7 0.32228417889953964 0.9918456734714478 0.08737779889149563 0.01630865305710435