0 0.6037348289251775 0.5735316653420507 0.37139696053804505 0.22171700064267982
0 0.5936816015263323 0.39258000146369554 0.3617815759226603 0.22132520374302198
1 0.637128106273875 0.7247066577375647 0.33433224525372485 0.16255545457665532
1 0.6130680413355181 0.24525974150467908 0.3075542632358745 0.14224724387182724
2 0.6374339878930796 0.844801016204958 0.3677762949541067 0.1519075129562271
2 0.5666485102409617 0.15226680292604494 0.35525355269656195 0.12257161298550082
3 0.617873627628945 0.933276020007201 0.2898881543450948 0.09348467622050304
3 0.5400952210297446 0.0908932190125611 0.26800178321632234 0.07818005627319609
4 0.5227796828176766 0.050762453584034854 0.23405422202762638 0.05998184404747075
5 0.5629886151351449 0.018327833285104404 0.15439162462516073 0.03665566657020881
0 0.22612118631786712 0.6009289244228498 0.29810671578326114 0.151470831587554
0 0.220944673454931 0.4846362336360548 0.3075962225265672 0.1446510900256734
1 0.22524612450549508 0.7198703344257773 0.3269109103387221 0.15024237613268127
1 0.1999963030745699 0.37739367434966514 0.3364004170820282 0.14342263457080065
2 0.23411232518058617 0.8312084090675085 0.4134493718771836 0.15376854822960148
2 0.19157948801274516 0.27456701047131 0.3831589760254903 0.13836597905738002
3 0.24335615947191272 0.9209118683246242 0.35086545329579805 0.1464141760741335
3 0.2006974444319932 0.19960700818996419 0.2952832767224866 0.12733442082417812
4 0.26303358454713405 0.9633485306820823 0.2677080681814725 0.06135313319627318
4 0.2040663542717745 0.1442205974265882 0.22755599150786604 0.10055338098811198
5 0.2110829926330178 0.08628341667199438 0.19659970654271586 0.11610696414114725