0 0.37456106992413274 0.33774038461538464 0.24258028673153845 0.37740384615384615
0 0.5546537391131872 0.30408653846153844 0.2449701477175698 0.375
1 0.22683641280511266 0.35697115384615385 0.17980058337524252 0.3293269230769231
1 0.6998556761519352 0.2644230769230769 0.1749089800606613 0.31490384615384615
2 0.12122101888184465 0.38341346153846156 0.17042294661270943 0.3701923076923077
2 0.8117813665678368 0.28966346153846156 0.16316945264772678 0.3629807692307692
3 0.05538096783955656 0.42908653846153844 0.1076012877529691 0.31490384615384615
3 0.8959929003754337 0.30288461538461536 0.11464500420073001 0.2860576923076923
4 0.03407500389858889 0.4855769230769231 0.06395445745273884 0.25
4 0.94898240451866 0.32091346153846156 0.0879509634877559 0.24278846153846154
0 0.5694420331097476 0.7800480769230769 0.17256107457807454 0.3245192307692308
0 0.456454271295071 0.7788461538461539 0.16750164924971583 0.28125
1 0.3473589746513669 0.8269230769230769 0.1726170152493337 0.33413461538461536
1 0.6860006012356565 0.7752403846153846 0.17265897075277792 0.34134615384615385
2 0.24277068920733702 0.8233173076923077 0.17513274274569815 0.35336538461538464
2 0.7905049756727975 0.7644230769230769 0.17771839608113665 0.38461538461538464
3 0.1587549477491474 0.84375 0.16047191796976973 0.3125
3 0.8745906429700612 0.7560096153846154 0.1606257548157325 0.3389423076923077
4 0.10477329804621993 0.8617788461538461 0.12901214045254772 0.2764423076923077
4 0.9356493693299878 0.734375 0.12870126134002455 0.2620192307692308
5 0.9645025157600491 0.71875 0.07099496847990193 0.22596153846153846
6 0.9727551478686404 0.6069711538461539 0.054489704262719346 0.11298076923076923
7 0.9871082989526433 0.5588942307692307 0.025783402094713363 0.06490384615384616