0 0.3782099609509125 0.5437672827199164 0.39708384003328523 0.25207363136593186
0 0.36957441328405827 0.35645609952803403 0.28605937643832036 0.21168196553252316
1 0.34034812092986455 0.6994447490033857 0.36751043284531354 0.189070119877618
2 0.32564448911769756 0.8270793712560424 0.40356812515300583 0.18969950923801038
3 0.32565763269357223 0.9292218531491575 0.33564506463300614 0.13564003371399572
1 0.578664545549165 0.6664446253786416 0.37472197130685214 0.18919599774969653
2 0.586825423480914 0.7912767882158703 0.44197372104978905 0.1855631655814035
3 0.6215964367992365 0.901224321932401 0.23943527591440492 0.12915396977858998
4 0.5957127126891669 0.9569533560231371 0.23392830154727223 0.06897389735105063
2 0.31628674050090966 0.08220175824393096 0.08729368616265686 0.06641438061878804
0 0.6580482532561575 0.5569078715080477 0.20343352617146757 0.13333227272589016