0 0.568903452432225 0.40394863853931656 0.3732331883530364 0.21601211252889754
0 0.5237215312136835 0.5748035226439858 0.3678368233178001 0.2087726037317295
1 0.6376824298266115 0.2677956868194537 0.34630051842052506 0.15098239986471831
1 0.5012288810917529 0.7178953020529987 0.3220658326395487 0.1484387020327243
2 0.6651546172429968 0.1667222670153969 0.3717617049002595 0.13911700594145027
2 0.44890875754501225 0.8143078738114184 0.36876918601886916 0.13189148231209694
3 0.6753338985980075 0.08617244310982858 0.31132225781274603 0.10512751576004896
3 0.4179778698967022 0.8841662565350122 0.2939066620082791 0.09781808112380694
4 0.6518103769215848 0.035852503308929494 0.23749001025839953 0.054241176662650645
4 0.37679376966179345 0.9324599497130647 0.2290519710981031 0.06860831291446837
5 0.6627993312345721 0.01896963956074723 0.21448182517618156 0.0372883870753944
5 0.37855998621050835 0.9696915947620505 0.2088400806547605 0.05647720080271931
0 0.16677416152503308 0.355831362669248 0.30783897995898646 0.15075863717968147
0 0.14537204171743626 0.4665061819208746 0.2907440834348725 0.13869745090700633
1 0.18772159532868132 0.24638643683017397 0.3192695380006732 0.14361702455721706
1 0.13113309859203937 0.5664266267353602 0.26226619718407873 0.14118520806774135
2 0.23062255850255203 0.14762595958916708 0.3767656214504662 0.14154882243092598
2 0.12581046642230823 0.6649913116269599 0.25162093284461645 0.1363635305922341
3 0.2644478529109949 0.0717439763131431 0.3036691156225082 0.12911003662725132
3 0.10074192679368613 0.7468479473680621 0.20148385358737225 0.13130410526387565
4 0.2819124055930492 0.035589189185896625 0.25348288112159395 0.07117837837179325
4 0.07846968180393951 0.8082579056336575 0.15693936360787902 0.1046380348865311
5 0.3477727953376336 0.008776274546496824 0.1217621016324251 0.017552549092993648
5 0.06950441397068655 0.8743916452000563 0.1390088279413731 0.12136706178875055
6 0.4428474081576491 0.021647799197280757 0.07584364522316332 0.04329559839456151
6 0.11062905381183666 0.911182757462876 0.18568442984153205 0.12602091725048006
7 0.1722706223423557 0.9360525351311686 0.0954177076952918 0.07984437428607058
7 0.49609989440545876 0.002221237617104377 0.041454057342928646 0.004442475234208754