0 0.3219849295865923 0.5806633876081659 0.3665174139776139 0.21386053473803435
0 0.3329552727697134 0.3997450248763987 0.3665593694810582 0.22107207319957267
1 0.29521477180578637 0.7323525449681539 0.34934086170532097 0.15288251922125248
1 0.32845445279879715 0.24608784138823653 0.30607163093609013 0.15061487492535156
2 0.30549445189237373 0.8460313163212015 0.3661258292787996 0.1465528424303419
2 0.3747280905827609 0.14026584211895934 0.3492149951949878 0.13124790383663695
3 0.33004337205607537 0.9325118985499745 0.31058563471967177 0.10038606617190464
3 0.4043216495518569 0.06056608913569491 0.2960926319575208 0.0876109539707069
4 0.3842837473635766 0.9561196508724061 0.24306816489475752 0.06080092718169976
4 0.44131554674799117 0.024706693804082983 0.24554193688767761 0.049413387608165965
0 0.7974989426780573 0.47879622343018 0.2939964594956002 0.14036958911666111
1 0.8144805039560925 0.7111504288019593 0.34690904521584515 0.14794884667489874
1 0.8256947862208232 0.36550561441240004 0.33249995346058314 0.1495968113967782
2 0.7922593128784052 0.8181164718384711 0.39495799795713865 0.1456607591404297
2 0.8203968116844634 0.2551176616934686 0.35920637663107324 0.14389703579917354
3 0.7566561385246937 0.8981311754183885 0.27950345673344945 0.12759447691546336
3 0.8418006718001347 0.16984922416090284 0.3163986563997305 0.13201400688788806
4 0.7785075240104384 0.9342569686550536 0.2911590731394955 0.06572437810876917
4 0.848194879299657 0.09982273510271147 0.25300520836988266 0.11659330967480605
5 0.8526039943246276 0.04907716357113196 0.22186708971240093 0.09815432714226392
6 0.7406922890765409 0.030156234127373536 0.11348423527210208 0.06031246825474707
7 0.6876957923494071 0.01142938585124893 0.04595278027937292 0.02285877170249786