0 0.4351142192994763 0.5952431096277565 0.2596266559063095 0.42643750304363776
0 0.631587239073294 0.565744950946103 0.2325548451992264 0.40341710503374956
1 0.26487367287970787 0.6305670241456759 0.18646209959963223 0.38660040357611053
1 0.8057298087589656 0.6850281825159468 0.0942138898023538 0.10334494137681624
2 0.13132032178240732 0.6423666196990623 0.19026484134186858 0.4348033068916948
3 0.043731098016786575 0.6391813380650387 0.08746219603357315 0.36106040079299934
0 0.4473838924421379 0.37978392826187285 0.16660182735408732 0.36395794628220585
0 0.574927628154823 0.36829928330513934 0.16384825730314362 0.35181273527431406
1 0.3182057031492211 0.36495224576496005 0.18646209959963223 0.38660040357611053
1 0.6835995672699634 0.262996537419433 0.12174959031179082 0.22479705145573556
2 0.19165405617520045 0.38358543906390147 0.18480192236581786 0.4945215200218651
3 0.07441229104530357 0.32972530703147496 0.1318545883831119 0.2421278954873033
4 0.02170817325469939 0.35444643826328864 0.04341634650939878 0.22860712347342277