0 0.6008209262757489 0.31401508367118497 0.2599136418862828 0.39670948752685564
0 0.4154156808247871 0.33183285582484545 0.2658501123614503 0.38026050516591603
1 0.7461073287645453 0.2881090221949999 0.19726735206738674 0.3599061354064806
1 0.2602585962416765 0.33806721723494715 0.1851018314792602 0.32574836829798987
2 0.8599257159332745 0.28928539122371255 0.1903842559942259 0.3954599067595283
2 0.1662547181710236 0.3929981812959937 0.1722822649309318 0.3777511220119771
3 0.9424815888936657 0.30976063041216706 0.1150368222126686 0.328036455832459
3 0.0911352355674696 0.4285672850779676 0.12078030578444449 0.2984344205543382
4 0.975808412067411 0.3595382867110158 0.04838317586517796 0.24821583342017547
4 0.059102831163664785 0.4640001870019962 0.06611002745559903 0.24050037400399235
0 0.7117886023165876 0.7831276919582422 0.18455537377081546 0.31853682983645154
0 0.5985166728563033 0.789162861391068 0.18455537377081546 0.31853682983645126
1 0.8278286830696813 0.7820261950717697 0.18379090074230356 0.34004546498240545
1 0.48835926845249844 0.8205014055586091 0.18692335717407607 0.34978682983645154
2 0.9198673239770243 0.7176688167533306 0.16026535204595133 0.31537710225063836
2 0.37785549028502324 0.8210138877289122 0.19391688031554727 0.35797222454217564
3 0.9697381659816856 0.7300506558096185 0.0605236680366287 0.29856040079299934
3 0.28944170892586746 0.8418347423718723 0.16401367380308957 0.31633051525625544
4 0.22776139548853452 0.8571243485366509 0.13950048005735466 0.26110670424074994
5 0.16034469552080863 0.867956988657885 0.14194018896178648 0.23010866471807254
6 0.13603158571984814 0.7840794445602339 0.11538745420116857 0.1640709964162759
7 0.09221447783389602 0.6955882893225245 0.04523704628294242 0.059833971749547195