0 0.4651002475622058 0.5911143137726492 0.346573519432259 0.18566168488322668
0 0.4639829311006932 0.42018946121832224 0.3584246569035487 0.18353758943076942
1 0.42702487571277997 0.735262162732051 0.3473469725893642 0.1280812774714746
1 0.44539982503679326 0.2749525944016022 0.32124085149293874 0.13227351823611144
2 0.42592347263475766 0.8400252959153309 0.37004068774429666 0.10941000964348345
2 0.4762131184420102 0.16468239215715774 0.3702087810422378 0.11181385579732933
3 0.44323764228913404 0.9154666990600959 0.29283196420800783 0.06921401683333364
3 0.498646456975066 0.0895197347747325 0.2708611622275102 0.06390277326314127
4 0.47631139857515126 0.9580365530758542 0.24530986100757837 0.041708656475748285
4 0.5109095910162433 0.041079135786003855 0.23139106397832493 0.04858449409561985
5 0.47542039210277537 0.9797271186007475 0.2130513012199317 0.02655822772906
5 0.503580499239434 0.012211036504006244 0.21389176770963741 0.02442207300801249
0 0.8633875275302946 0.5862426318122856 0.2732249449394108 0.12958992138087638
0 0.8638541824203352 0.47312198723082194 0.2722916351593297 0.11745879033109
1 0.8602102282193432 0.6970993055905976 0.2795795435613134 0.12008643704604739
1 0.8649638221733227 0.3659550078936959 0.27007235565335463 0.11499899403696603
2 0.836865011543279 0.7997942934616981 0.3262699769134421 0.11432960223173111
2 0.8543063711039911 0.2639593967760676 0.2913872577920179 0.10812315641709429
3 0.847554569362811 0.8783668945839203 0.30206062224483976 0.09822802110032078
3 0.8715326557551342 0.1829829494999993 0.25693468848973156 0.0951527732631412
4 0.8261803306000725 0.9342428325952985 0.2320128971874191 0.091797774724573
4 0.8777059661169881 0.12162892243664457 0.23391246344744204 0.08464218640331217
5 0.7887020819348455 0.9664160099098817 0.14898792155579124 0.03706680471079092
5 0.8764370297074647 0.051833458764689436 0.2016033636771248 0.10308965367019247
6 0.6788228020410222 0.9617502028309824 0.06586186595882254 0.04953162672414525
6 0.7778205607421369 0.04415689597080633 0.1585022262058353 0.08831379194161267
7 0.7199013830942528 0.024590928367895018 0.08850504113108461 0.049181856735790036
7 0.6367302243573794 0.9795842284329055 0.04427779055687745 0.015430179448076915