0 0.5752461077469706 0.3944808304853457 0.3593919928325518 0.22703194298833557
0 0.5639469827422123 0.5699497454456698 0.36369576418559946 0.21769657456271055
1 0.6134863505890393 0.24999375360570705 0.33663377691927027 0.15860418592160508
1 0.5735946926190749 0.708030891196944 0.31487318129599373 0.15494026691384105
2 0.6332465948226637 0.1439563609171618 0.36510199004944066 0.15307274459862386
2 0.5342257384386979 0.807976810182989 0.35941243607112017 0.1359658053319413
3 0.6178310084192238 0.056846012728736135 0.2932487875306624 0.108147125231726
3 0.5149166466596719 0.876614579392039 0.27073231047541885 0.09006012930088485
4 0.5971565772534932 0.01912207917484772 0.2356926816963002 0.03824415834969544
4 0.5062410030246038 0.9181100004343826 0.23101096962726878 0.06378153824434699
5 0.6163924572939047 0.0035789374927326536 0.1990050881953018 0.007157874985465307
5 0.5187590439388371 0.9499318870843467 0.19229747068840813 0.05673371641857864
0 0.4026731056246922 0.4141767979320736 0.3290442977417483 0.15097262317542742
0 0.3998657647066522 0.5216379801103066 0.33144814389559435 0.15111263127030702
1 0.37979913109203367 0.2997722392116166 0.2885568538423471 0.15580402402400984
1 0.34866655011503617 0.6258897088015196 0.30235002957211815 0.1446248418240576
2 0.39234783686411956 0.19415487080771066 0.3696577218798106 0.1485450684806911
2 0.28639806735379014 0.7259637816119991 0.2924826844794114 0.13925711713684635
3 0.35871443394884167 0.104488814100114 0.21442578540838397 0.11314224271607827
3 0.281191991091546 0.8106584293761337 0.1678708468146789 0.0936551658364396
4 0.3817552751972982 0.04172433616556122 0.20127273249120273 0.08344867233112244
4 0.2962977377079751 0.8688526196709657 0.16192933235903625 0.07174053426206448
5 0.4083967748668818 0.008368287607142175 0.15333201127222515 0.01673657521428435
5 0.3163371568707577 0.9291706399298841 0.15812948196063312 0.0906912873030745