0 0.41696344692414566 0.41813739493092983 0.37751976619059846 0.2202107332815175
0 0.4100346739811437 0.5849529269919875 0.3581770966792736 0.21495543985160287
1 0.3955496172834938 0.2722850765711542 0.34721890869722244 0.15703933159818406
1 0.3915612415222228 0.7202666834217951 0.3087014200954062 0.15374028319989355
2 0.3979794286293804 0.17023351531324818 0.36371013093247867 0.1430079056570516
2 0.41688756122612247 0.8277693636005878 0.3685178232401711 0.143119805937607
3 0.4106680512038462 0.09604998538568409 0.295507236380342 0.10297976326773527
3 0.43187114449102637 0.9037982432182695 0.28337610533055557 0.0978923202586542
4 0.45664784895940175 0.05867947465956235 0.23932357259743592 0.06323137157980788
4 0.44621130114273583 0.9521828920667205 0.22747219224903859 0.07016315933995762
5 0.45245460325571585 0.03335516483376106 0.22702459112681625 0.05093239010918822
5 0.43972711450480845 0.9771385012854702 0.21998090308611123 0.04572299742905956
6 0.4364939024140492 0.01856841199887857 0.1470262663665599 0.02023988163386764
0 0.828050119241026 0.48056150923290664 0.29903008533974373 0.15111263648493617
0 0.816172773700588 0.58960080839124 0.3012660810727566 0.14395704816367536
1 0.8291381321592952 0.37247235752024643 0.3013220312130343 0.14636089431752153
1 0.8222123740334408 0.6942520412939643 0.31574510813611123 0.14669659515918837
2 0.8181479493509082 0.265389303393537 0.36370410129818365 0.15038729453942334
2 0.8197266125472763 0.7938997563980241 0.3468832078555556 0.14261625467510713
3 0.8177023581067844 0.19081412248402846 0.3251366921903849 0.13730501110491478
3 0.8143334536447656 0.8718569059771908 0.30098633037136746 0.1319378173944446
4 0.8055142719776711 0.13166811608354767 0.25749329904102597 0.12131533025406002
4 0.8024551031652786 0.9292414878979708 0.22590759819935885 0.10616490150737198
5 0.7827606537875001 0.08308764174412459 0.19197400134412407 0.09336236877425232
5 0.7987104635228641 0.9646477140800751 0.19432189735769229 0.07070457183984977
6 0.6587108012331732 0.06938890182751124 0.07166979337126077 0.08575716945267099
6 0.7062463118102038 0.9673582810663999 0.162904046936859 0.06528343786720033
7 0.6100464016833335 0.043029514406571025 0.04427633329423076 0.044276333294230814
7 0.6417061415681632 0.982675555294872 0.085253618190171 0.0346488894102558