0 0.6432628879528592 0.609299270725057 0.3960880664239606 0.20146698426308424
0 0.6143771451274865 0.42745223213878336 0.38647268180857614 0.2012991471003128
1 0.6910698504768026 0.7590510402052966 0.3690266596672558 0.13614354520230984
1 0.6134451826035433 0.27851866882705384 0.34728008334863136 0.1333620654322281
2 0.7117890729742127 0.8686987755948 0.39742496977737357 0.1270316720752391
2 0.5639357867269839 0.16956934502615956 0.39938097219518376 0.11745824675054731
3 0.6989367630546094 0.9537415990214886 0.3135669428004332 0.0799319792686061
3 0.5230374409870756 0.09079397602042068 0.28667679137208946 0.06985504245560016
4 0.6732518486305363 0.9887597458774008 0.25145549214211727 0.022480508245198375
4 0.5088909524716736 0.04491110264387959 0.2522392186801801 0.05244068930897748
5 0.5100632283514206 0.018510754242264733 0.2460879951643797 0.023510616881437966
0 0.20375090506804458 0.6100341820667304 0.3185458904364866 0.1352624000977604
0 0.18996331869715052 0.4945027091646902 0.3135142762607763 0.1303707892086823
1 0.2236600677575631 0.7280743993493489 0.3280493141178622 0.13302639110668552
1 0.17159196188658216 0.38369500998895656 0.31317839345874926 0.12315925074714383
2 0.24678313640881924 0.8377640940295452 0.3972010479093556 0.12222397976754679
2 0.1703834109549639 0.2803925643096112 0.32038993192028775 0.12328512861922238
3 0.26993253832990394 0.9222343837397032 0.33207327988749147 0.11628338661114795
3 0.15170581853954454 0.18879465471930035 0.29064809060206176 0.10355084790013915
4 0.2888307386859937 0.9637474075920126 0.2606823274158178 0.07250518481597477
4 0.1356856413431654 0.12846772477433593 0.23709170961339232 0.08820466658181993
5 0.32279413437203835 0.9967867607386354 0.18794784373603607 0.0064264785227293305
5 0.1325507351909131 0.06116003246664363 0.2113211675251387 0.10216619130727575
6 0.45472577049855434 0.9924135576910403 0.07793072532915811 0.015172884617919307
6 0.22820075714171867 0.05202109640204917 0.17447974867938335 0.08470987886996022
7 0.2969606276641805 0.03280522352444895 0.076534527581393 0.04456996878070852