0 0.3922977291690338 0.4142189144486675 0.4062477568495391 0.2772870226716506
0 0.3478632597094456 0.6018652042675634 0.39324846941614994 0.2595493367473196
1 0.4115736723311224 0.2476249195553565 0.36909370832369875 0.2146407328527547
2 0.4416906317264088 0.12089447014528155 0.40431135206211255 0.20294994447190143
3 0.4759971012728736 0.04927600733729295 0.3316596436080989 0.0985520146745859
4 0.5262441498204331 0.009010874556231573 0.264819392666826 0.018021749112463147
1 0.6359725347833238 0.3395132728851253 0.38337677715189583 0.21332980211579808
2 0.6789606277875646 0.21779059972751702 0.4379651982159588 0.2055000804446435
3 0.7445871013814693 0.11828486241355457 0.24101353023634375 0.15228418385509743
4 0.739661987944557 0.05232351435541783 0.23027808086192125 0.10464702871083566
5 0.7200456356652531 0.005184251188841889 0.13459167607449438 0.010368502377683778
1 0.2608358914141352 0.7400877775219937 0.2749473925799496 0.1596420121355318
2 0.20200093199712976 0.84625859558905 0.18686884199781062 0.12664221194188757
3 0.21668143814430652 0.9229263750331973 0.13146408090535944 0.07936562464406194
0 0.6508986158841553 0.47360013116735805 0.2080597245568967 0.16175327865158615