0 0.5949552438841741 0.5274137267634166 0.4125183470752052 0.2734711097973369
0 0.6223884006532192 0.33839551377724264 0.3973393887201613 0.25846033752477326
1 0.5904897166249707 0.6950197551927538 0.3754630344775079 0.20719597449468863
2 0.5718632945392967 0.8222501451312786 0.40848697943804824 0.19654803287425984
3 0.5442616106508282 0.9161205365907006 0.3336000295721183 0.14072494074221106
4 0.4969984483155606 0.9565900341629852 0.26466481578111506 0.06115723474644405
1 0.35379941463866554 0.5914421115537716 0.3852043993315537 0.20999161754819248
2 0.3203089847946007 0.7108467353033215 0.44226680583055555 0.20032316817690854
3 0.26405011741797 0.8094982866924861 0.24769146922696245 0.1492179994145219
4 0.2767469070709109 0.8908862336360547 0.23453841630978128 0.1270936379053341
5 0.3012160778254023 0.9440912290733632 0.13675704867262425 0.04635054121059367
1 0.6984551699538785 0.2040066501330788 0.28159727585813077 0.15539698087101633
2 0.7483264812299103 0.09838843334466188 0.18633551299419684 0.12273080725319904
3 0.7251903246006453 0.02922473811126118 0.12827548620518997 0.05844947622252236
0 0.3260598684886261 0.45285160304246747 0.21226367811257596 0.15976799181003584