0 0.4028390664491651 0.4318494649088448 0.3678368233178001 0.22307706559608484
0 0.4399018624930171 0.6071919399357765 0.36302913101010775 0.2228531437280668
1 0.3609194228539507 0.2850172609260398 0.33707758229016965 0.16896087993737036
1 0.4476770993280988 0.74644707545784 0.30828058368768596 0.13888315581711744
2 0.34438723287296547 0.1704986858163205 0.3669540125925669 0.1535894490025644
2 0.4980104028278577 0.8350008338084637 0.3531687636407042 0.13139502894790395
3 0.3501518655035618 0.0797683171072162 0.2798760335702315 0.11361312400455674
3 0.533454646420088 0.9025061147143456 0.2655021118908246 0.08420716548835773
4 0.37406783566501384 0.03538279092524292 0.23371259440695077 0.0468059419725574
4 0.552023010057808 0.9392915530930964 0.22287070909280807 0.06066921422558927
0 0.599144976472656 0.4457819733382715 0.30425778835005235 0.148274618564484
0 0.6138865706491742 0.5530330295194479 0.2946424037346676 0.14782677482844792
1 0.6017454436011827 0.3309571626237012 0.28821576224318785 0.1571062766418055
1 0.6557818349886364 0.6555620210571125 0.30425778835005207 0.148274618564484
2 0.5796941988418687 0.2221683005635747 0.40119653147395706 0.1623684405402291
2 0.721323112381531 0.7544029296271749 0.3036691156225082 0.14106308010294555
3 0.6134219762273029 0.12196415537027086 0.23258400746336713 0.12098928993976112
3 0.7338081277691304 0.8340097550391206 0.1507061692337534 0.08604457911746376
4 0.5722624536142292 0.0577847413601357 0.19740952261307376 0.07145687472072092
4 0.7397194326664056 0.8917580431984327 0.16915204149446394 0.0773248819741513
5 0.7572575198478823 0.9452584437200978 0.1212713426600554 0.07748950944781705