0 0.6994902263150038 0.3846379339587409 0.3714112236017826 0.22142315296793655
0 0.695969550845759 0.5702728085419243 0.3712852433631214 0.2190193068140904
1 0.7129991163059745 0.22870831401143393 0.34144146922696234 0.15303801918618526
1 0.7015654498468962 0.7230149885360695 0.31993283408100837 0.15456032231580144
2 0.7068890747309085 0.1121217755498955 0.3793990867338564 0.1449898221694318
2 0.6507441759712637 0.8334898722446359 0.3743394339488415 0.13998623141191074
3 0.6843879301045912 0.03920334217663281 0.31956511498430895 0.07840668435326562
3 0.6258663996429363 0.9103864167897632 0.2948967522525416 0.08877493313772515
4 0.634547283686412 0.011447895993512747 0.269094567372824 0.022895791987025495
4 0.5980859670157602 0.9548800128704245 0.24998977838071595 0.055761847089264904
0 0.22840959189977236 0.35926687897090454 0.302979930765424 0.151470831587554
0 0.23091386424406923 0.47600034126981466 0.2955164318265633 0.1463692916051184
1 0.25000677121326764 0.24275584749977297 0.27894146922696245 0.15049133933840958
1 0.20666087829940552 0.5878016296581683 0.3411895087496401 0.14823032687849283
2 0.2695150549695696 0.13235238063817126 0.3333480690947959 0.13591724843451883
2 0.21138002643955683 0.7008313735013948 0.35573856591137826 0.1512218683818258
3 0.2650427564970985 0.055170115150760646 0.2824893591480432 0.11034023030152129
3 0.19440667988540422 0.7906552242179326 0.31196541418750284 0.13984339771798096
4 0.23797565842112714 0.020828579350792267 0.27883593222686964 0.04165715870158453
4 0.1845869924831016 0.8560977911088081 0.26503253487781436 0.11394390090614501
5 0.19140525779973033 0.9172489441945134 0.2154336273176732 0.12871389025986482
6 0.28375925355517345 0.9327576428785336 0.1295352885918016 0.09163182123401288
7 0.35378063180372266 0.9588122438146256 0.057304145357040155 0.04071437063457085