0 0.6053018197703172 0.7662198833184392 0.2835762405372938 0.42971604837915794
0 0.4098821944998702 0.7058133728341782 0.28269469751306364 0.4080814329945426
1 0.762259906579226 0.8171343607393887 0.2144075129562271 0.36573127852122245
1 0.24799193378040502 0.6741184295644302 0.20881622684921902 0.35976940328707757
2 0.8830888842334775 0.8172560323921422 0.20915495899297745 0.36548793521571565
2 0.14178602164250143 0.5971788792914231 0.19385033904567048 0.4042658271245668
3 0.952171986574381 0.8318428042924577 0.09565602685123818 0.3363143914150846
3 0.07227447177423402 0.538385728487533 0.11320519157584452 0.30754068774429666
4 0.04065920725252591 0.4978230238017304 0.0513459516812306 0.2600691245265377
0 0.696903125591787 0.27884391398039415 0.19910289300892003 0.3566931839414671
0 0.5746763264107835 0.24992251012667477 0.1962093007305016 0.34450585987429516
1 0.46378311342460954 0.20501464968573793 0.20641238069537293 0.3596013099891366
2 0.9125759052938663 0.3461592829966117 0.1748481894122673 0.4283042886630284
2 0.344596830359396 0.19188633912995964 0.19880904533417662 0.3494816454799286
3 0.966831809827284 0.3787034893974704 0.066336380345432 0.34398510663054166
3 0.2545770811930294 0.15922457941383011 0.18223108546298186 0.29558847030766644
4 0.18849784434020983 0.12583990652326574 0.1510341502188812 0.23587904304006516
5 0.12896694360903516 0.10609662072370803 0.14254927183345495 0.20412476314624178
6 0.0970231187477497 0.20453675971612956 0.0906523289848684 0.10701289718741916
7 0.06402838479035498 0.24777248381906009 0.038898219830211314 0.07223293793065544