0 0.45877898727126387 0.6499952037994294 0.23141961101138867 0.3598533711304839
0 0.6293939144173459 0.6433977024583322 0.2311395948216289 0.3550456788227916
1 0.32046412083678 0.6773555720295578 0.17288725474980227 0.34038287131168066
1 0.7676850723109396 0.6566924095562664 0.15197638838047567 0.3098542431669512
2 0.21150914512141933 0.6749980379179483 0.1703196919601862 0.3784237911985751
2 0.8571411168762167 0.6322322393975768 0.13727329526763954 0.30378469513532735
3 0.11430523825597493 0.648556820271225 0.1221501778701636 0.290503608642165
3 0.915207153346614 0.6026342023498559 0.08583617791360172 0.2418862016965812
4 0.06129246904692483 0.6211986321322649 0.06378153824434717 0.2327818796491451
4 0.9485928375811455 0.5804433024006392 0.06422527106987658 0.19933834278262097
0 0.4539379753026972 0.4642229000946573 0.1573441130676872 0.3198902463569799
0 0.5554013963667599 0.46114181403660864 0.1468886798830239 0.30462593228461515
1 0.3375032992064836 0.4360992081493584 0.17277095519581265 0.2973239498297718
1 0.6521389834410153 0.4385144948168079 0.1565040644984085 0.30546716943390295
2 0.22909650160019693 0.4636845963171649 0.16635204822177252 0.3924262495470083
3 0.12512478909874344 0.40316891394195137 0.11808994311865031 0.22079207018062655
4 0.060279092721892136 0.4190200239252136 0.08275599982624696 0.18900158631196567