0 0.6102882770038425 0.5809084378672004 0.21562226876559237 0.3558851508059831
0 0.43394124008468143 0.6138669270237711 0.21551038363608177 0.34626976619059846
1 0.7594805805953808 0.5906606830161318 0.1599981518385994 0.32575214373344036
1 0.2997034677813945 0.6494520579562497 0.1379999097830751 0.2939985924709402
2 0.8746973682857304 0.5735519993597216 0.15566597133132648 0.36650562806826936
2 0.19974805342013588 0.6349470657008545 0.12162052722419373 0.3320684799505341
3 0.9518967897713275 0.5271785407441232 0.09620642045734502 0.28359990589166667
3 0.13460645136608004 0.6160250271806623 0.07983209029034807 0.251790404488889
4 0.9867106020785302 0.490309571402403 0.026578795842939557 0.2242850441313034
4 0.09488704726286329 0.6121405121875534 0.058001675929089454 0.2344599301494658
5 0.07600591906181416 0.6426361902328525 0.042907288228949965 0.17643192161549154
0 0.5411747528521663 0.22064024550085426 0.1549946605542639 0.3088133203759617
0 0.42959170567496346 0.24006885010069406 0.14761529439845972 0.29422239303205144
1 0.6514439918229358 0.19162423135576867 0.15510654568377438 0.31842870499134623
1 0.3249544697767118 0.23649306581816212 0.1358478051706274 0.31557725771527784
2 0.7619789579762924 0.19276224639163966 0.1560575692846129 0.3855244927832793
2 0.22894048003475367 0.2507503021985041 0.13892296210153615 0.37332551554786336
3 0.849579486179789 0.17138334478285183 0.13841947901873924 0.3300562847786326
3 0.15952264003818006 0.27761324088194433 0.11619746670419406 0.27907196428536335
4 0.9194168954120266 0.18057809840710393 0.11829362875188675 0.25268560673333346
4 0.10793784721880938 0.2872296304363781 0.10356286772265597 0.225907598199359
5 0.9582840174680404 0.21453866539342867 0.05489854771580291 0.17430782616303422
5 0.04909955901433383 0.29340810118087607 0.09344400002447438 0.18241456686901714