0 0.5913751583003809 0.3837095772123175 0.25700378526860396 0.37406490169766143
0 0.40874072991776167 0.3682361271255453 0.25194413248358916 0.3690332875219511
1 0.7463602451041271 0.3776900200456593 0.19336996312065333 0.34951930202881165
1 0.2745560545184069 0.3205313619025205 0.17097946630407118 0.3340885766996537
2 0.862001931775707 0.3902887609000685 0.20019333924692426 0.38820476235836815
2 0.17511650054008648 0.34194868327381306 0.16553165118378893 0.3674065400514728
3 0.9292568555833529 0.43391689381380705 0.10696770344013729 0.3023314385692656
3 0.10104331141581187 0.35978656868416475 0.1052039800988811 0.26867759241541944
4 0.056194216853674546 0.36906938442487 0.08509134919748376 0.2509549818664242
0 0.5247382536631311 0.5570697165516106 0.18059485091945587 0.33453642043568976
0 0.4112484526680751 0.5491667070708849 0.18400653898259117 0.35387915060046804
1 0.6377922346325149 0.596166745565332 0.20412939150327247 0.3260406451603952
1 0.2992176460369066 0.5591805828099962 0.17413919388988425 0.3486236145567396
2 0.7513501365565436 0.6256483899636687 0.1977792714737938 0.4336539174134269
2 0.18801593257631982 0.5991305745381754 0.17692098075971388 0.3559471139522871
3 0.8334111888128921 0.6841737768063487 0.12975658421127123 0.23385147038182608
3 0.10590211181992505 0.5873682267614864 0.09928290888180673 0.1556968231846502
4 0.9035006679904141 0.673715371258549 0.09661688063135407 0.19633828593201677
4 0.05307537574499817 0.5658488862382275 0.08270794628220596 0.15972078895427935
5 0.021055822287730484 0.5501152392315661 0.04211164457546097 0.1449618292291754