0 0.37735895034310946 0.5703434185109768 0.3482260112222224 0.19630758568769016
0 0.38037422828381445 0.39013887081964804 0.33838682604572656 0.1865803159427952
1 0.3557832999159194 0.7275016431229349 0.3371559229596155 0.13369570055817967
1 0.3625661678739318 0.24453835081769007 0.30305447568354715 0.11407333337412404
2 0.360872752803099 0.842914229789928 0.38014540302745736 0.12217995287174578
2 0.39149423705240394 0.1451423621039836 0.34587610533055557 0.09534604722615168
3 0.3991684507219025 0.9394876451794383 0.2879599970771368 0.08505935183370447
3 0.4248393524956731 0.08064409954461273 0.2559826452535257 0.053445725162795624
4 0.4267857113600435 0.9871992574548243 0.2506714016833334 0.025601485090351324
4 0.4503864579435364 0.04249024518922796 0.1978986865792735 0.03594749130880995
0 0.5474445507932697 0.5470889949444022 0.3199932990410257 0.11907682465845955
0 0.5485605387816777 0.4401597980218149 0.3317887292491454 0.10960129645496289
1 0.586299750114851 0.667700871872374 0.2939985924709402 0.1379999097830751
1 0.5737149883085473 0.33351031392300345 0.3151856067333334 0.1190208820937043
2 0.5951348475834942 0.7891650308475489 0.4042957648464744 0.1272673580032143
2 0.6134883402494661 0.23544211905691925 0.2786803133034189 0.09937054362727106
3 0.6467635996290072 0.8906999805978283 0.22568379763824792 0.09394748310727125
3 0.6391463410388355 0.15042725034272328 0.1485928702943377 0.08584086360964943
4 0.6316431558305564 0.9638214893134928 0.19381834609519244 0.06714154874405463
4 0.6424713546291667 0.08678126983055544 0.17905956833044895 0.05255064412671217
5 0.6424423746199787 0.03391064008712886 0.11415572217660251 0.051795419502516774
6 0.5796346488484508 0.01996223289915722 0.07032699000459407 0.027253474881258306