0 0.47581915585370826 0.31932534363633275 0.2837131569798575 0.41989151023574717
0 0.6723891004627295 0.3650535598755194 0.28357330056796953 0.40787227946651644
1 0.322574384578673 0.2685377020687874 0.21352610671789976 0.37862055575373343
1 0.8331530943054569 0.38935693824731266 0.20354709543160637 0.34731461508247424
2 0.20141790970965193 0.24881126073574228 0.1995785415952421 0.41940202936222926
2 0.9188664030137791 0.4597669337444415 0.1560575692846129 0.3975156809569476
3 0.1063261302208408 0.2613829056336575 0.15071842261174606 0.3518146336982411
3 0.9675578522376955 0.5099610070350074 0.05638102568181635 0.3007884429226948
4 0.05500133486143404 0.2977482716332754 0.11000266972286808 0.29150870233486526
0 0.34639885117273234 0.8032186567018716 0.20111527799538245 0.3448967837608133
0 0.4687013065539213 0.8277457977587017 0.1912481518385994 0.32320622770493873
1 0.2265142275865783 0.7774756074003039 0.2012551344072705 0.35691601453004407
1 0.585120017321194 0.8414905940427609 0.1935121415805576 0.31120098210352265
2 0.13023535272734696 0.6854939297737261 0.17674116106838966 0.3159107782365116
2 0.7016645988591661 0.8444180826345126 0.19102438157957843 0.3039754584741695
3 0.05458749534839328 0.688366279049368 0.10917499069678656 0.31076744190126415
3 0.7914871598810544 0.8715378696106885 0.17355411900797052 0.24858910076100435
4 0.8524495814156 0.900027401677565 0.14644050053859997 0.19074295622273388
4 0.01838994662881293 0.706604902720436 0.03677989325762586 0.2983286560975895
5 0.8834897967977681 0.9178744406498188 0.07390554668755146 0.1542657088805977