0 0.3512207805802966 0.5562612320567393 0.38970056402405157 0.24499811805319938
0 0.4060562001763166 0.39067555079765065 0.3848928717163594 0.2449701477175698
1 0.2775198562752154 0.6832665009278638 0.35109619186858365 0.18228834053597745
1 0.43923456215321366 0.25501907253521305 0.3195523441938403 0.17489499489284663
2 0.24235188727863746 0.7792385399001176 0.3772446518861479 0.17523063892040178
2 0.49213752962889445 0.16636346078310874 0.36723747037110555 0.16555931363375795
3 0.23907058824400346 0.8597673860539636 0.3057700273761495 0.13155583828454206
3 0.5429080563909648 0.10053739490863543 0.28384156431679075 0.12421843331267027
4 0.24792891143802218 0.9079072423860535 0.2534282228720057 0.08558907283735423
4 0.5723643478211129 0.05622707049235175 0.23179360748739028 0.08546320632702106
5 0.2288715984225743 0.9330427382428271 0.23149975981264698 0.07825166786548284
5 0.5661812762211761 0.030944730373522744 0.2041759090961093 0.056463215634904446
6 0.22212736385110057 0.9510366214771361 0.15590308756935725 0.05137581997091609
0 0.7349587123148933 0.6390416902287677 0.31955234419384043 0.17489499489284663
0 0.7692675805217488 0.5346491971341449 0.31214490728247285 0.17004534708170985
1 0.7042066387263499 0.7446570841520356 0.3218582411227719 0.17250513390681513
1 0.8152038825981772 0.43994201449398085 0.3384892657498661 0.16779533777382646
2 0.6665368743510114 0.843018984110321 0.38465208879751545 0.1800802867315383
2 0.8297922354496912 0.34745687082607046 0.31945439496892575 0.17249114873900048
3 0.6251368591420394 0.9149106060406687 0.3237723411520459 0.1604998883053993
3 0.8546102006440262 0.26945773733640366 0.27549951962529373 0.15541249264141105
4 0.6033328776855449 0.9461939662499069 0.2689287412691414 0.10761206750018623
4 0.8797975205035112 0.21189828873833652 0.22845515355341478 0.12149292829908376
5 0.563695948525033 0.975026134928246 0.19927026756350258 0.04994773014350811
5 0.894412405732975 0.14826629150048742 0.20510233658935426 0.13817999969785888
6 0.44154056619099424 0.9640270200543459 0.07995950289542474 0.07194595989130821
6 0.8202094648729952 0.11056614332970598 0.1706648966361924 0.11875343811768249
7 0.3916740246876614 0.9783382156349044 0.05714949681183594 0.04332356873019121
7 0.7565299840305795 0.08014046687562953 0.0820695013745276 0.06776920284558059