0 0.46294477921722166 0.6000746357866951 0.3985512069721589 0.2723974730669857
0 0.41957997900176747 0.41514866890990254 0.3761328650494805 0.254184140841072
1 0.4789156038012914 0.7628734102848067 0.3593586085122143 0.20277909884430903
1 0.33191528026852074 0.2825072770820919 0.25649373417252264 0.1554438048669683
2 0.5062602268203664 0.8868559732799514 0.4075474925231464 0.20826385421813415
2 0.27094645829277564 0.18273336259477027 0.18063097219518376 0.12182224172984682
3 0.5475504358293062 0.9546779113070396 0.3153583177445775 0.09064417738592076
3 0.2890543042561072 0.108398617897607 0.12791098428423425 0.07051036397194568
4 0.5935890427515862 0.9905654166453707 0.26174264236155587 0.018869166709258697
1 0.6974350540785783 0.6690265612346328 0.3592466475782051 0.20037525269046286
2 0.7389228516857076 0.7879237816111555 0.43661756823731845 0.21492009205781398
3 0.8069912511889821 0.8857559863276278 0.22937966087616082 0.139326227872903
4 0.8055983673685646 0.9451520061192047 0.2292676999421518 0.10969598776159072
5 0.7839110854442922 0.993244149501662 0.13858668384535705 0.013511700996676158
0 0.7225831831750871 0.5400195368430037 0.22088388560086641 0.16274850756736853