0 0.6291982185525833 0.7213970436131191 0.20866247184545209 0.38927521445990093
0 0.4394062575282475 0.7155107130698448 0.20379883697300466 0.38407507366717897
1 0.7880198924006951 0.7487709205421642 0.14339499902069702 0.3527271599120048
1 0.28453999394062507 0.7184792494276486 0.14551913235076724 0.3288849226160578
2 0.9020067857317441 0.7412646489846879 0.12472365543748018 0.3992342890488105
2 0.1686798667555903 0.6681951011715598 0.11477261543356419 0.3696032382325979
3 0.9726791231087398 0.7125899433931308 0.05464175378252033 0.33423252913978985
3 0.08777340828964647 0.6291696659703953 0.07784781337216605 0.29214064382564714
4 0.03223320520978645 0.6030218930079425 0.05350166772755083 0.2637360937081927
0 0.6200681210522365 0.24634309186473166 0.133388016452026 0.3182884167880999
0 0.5011057077192296 0.2390338380141017 0.13347193029915885 0.3254999552496383
1 0.7389885774616771 0.25004657648459244 0.13126388312195603 0.34213065408404664
1 0.3867831589996492 0.21769395572542408 0.12880409440335464 0.33712673753383976
2 0.8534509825931456 0.2834056895425008 0.12190024004796986 0.3629803724986035
2 0.2702385774616772 0.21178284919423185 0.12687576004992776 0.3777958979067097
3 0.9423513333618868 0.2870602172847744 0.10915375593692125 0.2994992512860301
3 0.17883648105076808 0.19951863567098208 0.10719745030111681 0.3377645655050539
4 0.10790903387111773 0.19252809743987626 0.09199117747146691 0.26927952774227354
4 0.9782971405400687 0.28038819630710976 0.0415943220878305 0.27237035711100394
5 0.04535309130636252 0.1826185748268025 0.0890838482348238 0.22581407273052806
6 0.03677264413894938 0.2707759855490515 0.06923771079174722 0.17135966340579534
7 0.019736778509508283 0.3546408421917299 0.03186536821230736 0.05543553053730604