0 0.3921494017557616 0.3955365530758544 0.3968141532606756 0.24939258796933791
0 0.35855680064469914 0.5716327738496791 0.3628664594320862 0.24139774754391055
1 0.41259635601107714 0.24736431377264922 0.34359080573230183 0.18090994271581218
1 0.2956731840319257 0.700379423370192 0.328971830359396 0.17576654956645343
2 0.4401344572685091 0.13144817205539494 0.37513465340704527 0.18884883300096184
2 0.30718431658551887 0.8009772859199249 0.34741900579084967 0.15698338145790613
3 0.4783205001463695 0.056291544307264824 0.3125897689380302 0.11258308861452965
3 0.30569263597729457 0.8670550800805553 0.2852659182214924 0.10510385872019266
4 0.331279933023322 0.9168924226981301 0.2096692459782026 0.07692709667927361
4 0.5254628154431632 0.019310674684989145 0.24234359988290435 0.03862134936997829
0 0.5722950296002937 0.4537843424147431 0.32877593190956705 0.17095885725876087
0 0.5452466744674338 0.5576812533627666 0.32607823808097763 0.16369136865694472
1 0.6056468477925121 0.34253601765448666 0.33858721497478056 0.1759903501275644
1 0.5194002424114973 0.6615501892406512 0.36463772576743053 0.16699041705523526
2 0.6507730236916752 0.23701755757745674 0.40368695957845585 0.18230869622275675
2 0.5686382942397705 0.7792816956997858 0.3337795226670884 0.1758784498470088
3 0.6820413757827406 0.14743182327195456 0.3015500304179437 0.15111263648493617
3 0.5250303313267813 0.8475405403922003 0.29394669505674753 0.14132940144871825
4 0.6934422886810929 0.07391869008867463 0.24950207358854362 0.11147614507756431
4 0.5083054476182148 0.9043666258492518 0.19313617057602295 0.08374698415886755
5 0.700208965487074 0.026338365312526445 0.14869154910781865 0.05267673062505289
5 0.4979819761939216 0.951437451340224 0.1591884767474334 0.07575214373344033
5 0.35274518233605817 0.9500147425193373 0.04473846914294746 0.0370647948326923
6 0.45893274238289644 0.9667557305077453 0.14359000912538306 0.04657028904561965