0 0.4248355150454959 0.3706306941864105 0.37741710186323646 0.2324490438157622
0 0.42574114429961074 0.5454138202340799 0.3678017172478519 0.23177667062399776
1 0.39522534007641225 0.22679488820915888 0.3384484252713099 0.16742764434664523
1 0.4060164926478438 0.6914936157422017 0.3145219246668574 0.1681505575210801
2 0.38680525068325555 0.12368164354068593 0.3786420442826404 0.15586215348856758
2 0.45066221574970633 0.7956912301723269 0.34694420054660446 0.14406155599994827
3 0.4169323274158178 0.05059888251247995 0.2879083616461885 0.1011977650249599
3 0.46134454316552403 0.8697061810477341 0.2683417096133924 0.1026248781581398
4 0.4475368950815922 0.019176670877056285 0.23804006362512126 0.03835334175411257
4 0.4792647423127088 0.917892420764963 0.23368021505346503 0.07863695660234854
5 0.4418894957688323 0.005312532167955617 0.22512514538381845 0.010625064335911235
5 0.46984694629551377 0.9486969175287749 0.20634221988908516 0.05755716109422693
0 0.8458443856961236 0.38646721072493667 0.3083112286077527 0.16401523840515225
0 0.8497333711892631 0.4975484136956831 0.3005332576214738 0.15305510740623873
1 0.8432692842139164 0.27365453479210855 0.31346143157216705 0.1588713595015777
1 0.8490797431111446 0.5985939988061921 0.3018405137777106 0.15372748059800317
2 0.8241191717563064 0.17121366331540017 0.35176165648738716 0.15451740710503853
2 0.8417595576429447 0.6966221412287259 0.31648088471411057 0.15266838082768594
3 0.8195535388425678 0.09462677298820547 0.2964634313158351 0.14053159674318452
3 0.8490025784142853 0.7786890970553773 0.2962395094478171 0.13572390443549245
4 0.8057692663990211 0.04403940553851327 0.2424592065911295 0.08807881107702654
4 0.8532274467094516 0.843508896560253 0.25218655214052343 0.11587130199562878
5 0.7762776802186419 0.014857065096477166 0.16626056181176369 0.02971413019295433
5 0.841267510334573 0.8974020717325152 0.2038857071955823 0.10770174372911392
6 0.6568954323342256 0.01321375712084864 0.07491440796560986 0.02642751424169728
6 0.7502012588234417 0.9097992324388936 0.17447974867938335 0.09366539338458953
7 0.6825873309108985 0.933820660660985 0.09336145065831622 0.04965677609099391