0 0.5366900020575112 0.5925480769230769 0.24374536141055822 0.3918269230769231
0 0.3449371296263127 0.6189903846153846 0.22338847907687137 0.34134615384615385
1 0.7019670601301018 0.6009615384615384 0.17492482942139548 0.3701923076923077
2 0.8329514055233821 0.5841346153846154 0.1717980700931146 0.3942307692307692
3 0.9221205831712663 0.5637019230769231 0.10062423193277627 0.3389423076923077
1 0.6381634971213982 0.36177884615384615 0.16927667062399776 0.3581730769230769
2 0.7574647983413301 0.3401442307692308 0.16727602439863448 0.4326923076923077
3 0.8676044548570302 0.2776442307692308 0.129453912429 0.23557692307692307
4 0.944359438482166 0.2800480769230769 0.07746030351676061 0.21394230769230768
2 0.07331131088310228 0.7391826923076923 0.07862048325241841 0.12740384615384615
1 0.1945962250120273 0.7235576923076923 0.12027579437483833 0.17307692307692307
0 0.5163572697822798 0.3161057692307692 0.12984063900755266 0.20673076923076922