0 0.5761367913904379 0.415288962472009 0.37887493287445745 0.20316000964348319
0 0.5882535391826773 0.5931176277163466 0.380493882058245 0.1936005751683765
1 0.5902169718043215 0.26446210632275685 0.35454233333830676 0.140212408521261
1 0.6167558046892233 0.7365381248521371 0.32731512867594037 0.12998157236282062
2 0.5954175093292089 0.15181703793365434 0.382014917486858 0.12405688712767127
2 0.5996587261381975 0.8357102637638361 0.36641449510869306 0.10929810936292757
3 0.5670131575778374 0.068380794363462 0.3067599449912386 0.0839168444577994
3 0.5839108380290222 0.9073220971167205 0.2983710610746121 0.06932591711388898
4 0.5323292333338306 0.02558613484754318 0.24254308205227668 0.03203732172008567
4 0.5755217557463128 0.9515135002614854 0.24872434405757174 0.04897614507756414
5 0.6067226005026427 0.9804100770831466 0.19044336363772002 0.03917984583370672
0 0.4009012032797706 0.44360057516837637 0.3439458275103489 0.12796937719091914
0 0.41794853148887756 0.5495656314285794 0.3387456867176273 0.12304978460267121
1 0.3543209363757084 0.3285506556863785 0.2942499552496384 0.13640980886047033
1 0.38220935643462656 0.6555017076795943 0.3126958275103489 0.12724202536730791
2 0.35491000583541826 0.21819753317056653 0.3910416293746986 0.11706914922724397
2 0.3272394121496063 0.7609901828083869 0.30469939207875174 0.11745879033109
3 0.3077900230813992 0.1259282020098293 0.21717980932771683 0.10342535451185915
3 0.32949579257244205 0.8474167440662931 0.19618302191431553 0.08134313800502141
4 0.310414869465678 0.05521056596234 0.20800602844103175 0.07921904255256429
4 0.3584398601737704 0.9080723993152245 0.17297861258958286 0.06160881751175232
5 0.33641577179536913 0.021026198414904128 0.1626274862478097 0.02297942862938048
5 0.3775723189171994 0.9641681181315173 0.15252134266005554 0.07166376373696547