0 0.5743661181622715 0.44193948942604844 0.25924393132408885 0.4052586557954482
0 0.3786261128391313 0.4155663062176653 0.25134674828814924 0.3883897772150808
1 0.7426843235439595 0.44412037425000733 0.18546340988515853 0.36397371614561985
1 0.22672059140020104 0.3738268486138559 0.16785289300891998 0.344645050740147
2 0.8744285581154332 0.46291141204975983 0.18683469903396108 0.3976275622994659
2 0.12269200444492283 0.38643964766006617 0.15769469751306373 0.3902482018241499
3 0.9514700349806353 0.4982846324896766 0.0970599300387293 0.3227587023348653
3 0.05467213518487968 0.3980603011465752 0.08936262848721187 0.305735986908535
4 0.9953004287214031 0.5466062960033586 0.009399142557193695 0.24534614453827047
0 0.5289970607181189 0.6555671308425233 0.16005365919789488 0.3301800183136257
0 0.40782526077666675 0.6308294109133219 0.16446955460592932 0.3205926040338707
1 0.6549275783548061 0.6791308980304311 0.18497366376058638 0.35195448537638896
1 0.29224474694222247 0.6253504305505193 0.1659387929796461 0.356650296341563
2 0.7742342528794417 0.7170757866379716 0.17501136671455916 0.4023653287680844
2 0.17089540064200676 0.6847263482542112 0.1740318744654146 0.37832686722962283
3 0.8768874605424753 0.7296893870393311 0.15534391611511686 0.3325558941318423
3 0.09135013688074724 0.649416061069461 0.14033314384255335 0.31804890620187665
4 0.948922305819787 0.7385923294513106 0.10215538836042598 0.2867289803628026
4 0.04273449306679469 0.6359152038670113 0.041391834922087575 0.19009963850325343