0 0.5558007570063901 0.6353151767400541 0.21980290061340596 0.3905160125938906
0 0.3597403716305569 0.6491883354217076 0.21450546218114136 0.37824482134733756
1 0.717521651653976 0.6400326644765799 0.1516136652814835 0.36535395052676295
1 0.2043760047982291 0.6945106860806369 0.13650494378400554 0.3477711460178729
2 0.8486781908759631 0.6295609722387775 0.1606862390163964 0.4114049681658231
2 0.10473678087303567 0.6673499330274826 0.12826084831742318 0.3809210712170744
3 0.9375449915778638 0.5973184627584146 0.08553442842866424 0.33310633023675784
3 0.03050725408068169 0.6497466852800241 0.06101450816136338 0.29123310371208405
4 0.010577574086536475 0.6298757932366649 0.02115514817307295 0.23771858713416258
0 0.5296890011709565 0.45198274623515644 0.13748443603315003 0.37180960755633446
0 0.4090069473540765 0.4703009889374451 0.12276751143532968 0.363842187662829
1 0.6531401656633906 0.3951399749519989 0.14131263609169792 0.34802310649519524
1 0.29384067265379754 0.4415552612817419 0.13748443603315003 0.37180960755633446
2 0.7696287549000147 0.39143377953077885 0.1514095865447704 0.4780827592802099
2 0.1771520948239025 0.3913008984800846 0.14450007604485962 0.36737985596462547
3 0.8782160709572568 0.34616419737189585 0.12802006539857905 0.31614320530188944
3 0.09588862948319798 0.4135500826290795 0.11031159929742611 0.2936267282466459
4 0.9511415817499068 0.3519371847081152 0.07499261632003441 0.2509976202900051
4 0.029446119625967035 0.41714051943092245 0.05889223925193407 0.19280139164305277
5 0.002514065809087103 0.432188386737663 0.005028131618174206 0.16927707267852007