0 0.37417824672598415 0.5913148143025201 0.2236741256900833 0.382101337462656
0 0.5509197156913118 0.5712440645351087 0.21819406019062654 0.3724300102825163
1 0.2269217981322746 0.6362623220144072 0.15451740710503853 0.3548758338637755
1 0.6929987787151466 0.5659879896440605 0.152332194231804 0.3236258338637754
2 0.1191101777964151 0.6495262748494415 0.14675104876700634 0.38120625642657247
2 0.8004236724724536 0.5239058542452499 0.1378080373433862 0.3907097559124469
3 0.04338350569667891 0.6444397117832872 0.08676701139335782 0.30131990770209754
3 0.8779938525959599 0.4965824511580476 0.09553089301187229 0.301347878984475
4 0.01244030396374347 0.6233365507638464 0.02488060792748694 0.24086012718503477
4 0.9280878952481765 0.46717687166434163 0.06505434616897733 0.24334788718601366
5 0.9530761399166494 0.470488942430146 0.0414026112090683 0.21424999179846138
0 0.3914912964474807 0.17198351686825425 0.15473604038564986 0.323653805146153
0 0.5039425157930915 0.16106746762231092 0.14891978829031088 0.30917478565832085
1 0.2780902939718587 0.1793077825246172 0.15076881456766328 0.33561709335062856
1 0.611922229426892 0.14937159073105072 0.1415401565308313 0.29874318146210144
2 0.17399375950707413 0.2081407927948963 0.14295191624696083 0.39557339078489434
2 0.7112616115666547 0.15477982354454753 0.1351690845589984 0.30955964708909506
3 0.08817821114304744 0.23315824921657408 0.13036139225130616 0.31856640001468467
3 0.7907313579501836 0.13507354251335896 0.12526805333040214 0.2701470850267179
4 0.04194563603955434 0.25064249742937095 0.08389127207910868 0.25584262975566374
4 0.8523656214691429 0.12458767988301239 0.11022314319823077 0.23666780308964977
5 0.010691517702071803 0.2774484317925875 0.021383035404143606 0.20471852103020963
5 0.9199254537237469 0.12019871474567013 0.1271006062578244 0.20323772719482447
6 0.014448906880852002 0.4119379456372729 0.028897813761704003 0.07035487795622344
6 0.9332729575265765 0.20410955987126464 0.09332920678870729 0.1668164082162233
7 0.9462590047421886 0.27601515986881725 0.05569166146694416 0.07510662769916052