0 0.41619286963448465 0.6233230308238937 0.3714389198287378 0.22840959189977256
0 0.40491673951337 0.4422786878534653 0.3545700374611218 0.22512388407529813
1 0.4039550293507981 0.7730594944846337 0.3271207067921863 0.16604579375771777
1 0.37369653221970806 0.3010918875891322 0.3244231456034903 0.14909289044213347
2 0.4163850399659656 0.887998068224293 0.3630525212278002 0.1607239588760965
2 0.40061528846280586 0.20626083394122816 0.3528916658334087 0.12897003792145198
3 0.4544750281034459 0.9643474628601271 0.270783262986404 0.07130507427974592
3 0.4282534359398592 0.13913700118188552 0.26331996878070857 0.08825107678329683
4 0.44227181630917684 0.09415681557144495 0.2196731043952422 0.06434881710278063
0 0.6093187681106872 0.5865264499167863 0.30519237637272095 0.14808504853284424
0 0.5991667257772874 0.4789253948773267 0.3100000686804135 0.14833700901016655
1 0.6301412606189698 0.7031078775686826 0.28629728146749456 0.16630797585432416
1 0.558840728648732 0.37696112531614107 0.2810699962528739 0.14201755383854028
2 0.6376796603450592 0.8226021831387119 0.3895367882108006 0.16451358765521545
2 0.5629229464302915 0.28093325940095604 0.23493536713217586 0.11318162161167063
3 0.6926175512048091 0.9145050264395567 0.24944236263663827 0.11874519535132978
3 0.6317621528482722 0.19672032146808383 0.136209837661712 0.09840104721117858
4 0.6949435620694471 0.9708013946866904 0.2129650774220179 0.05839721062661924
4 0.6305331668338253 0.1292866489217304 0.1501713623871678 0.07271462095083787
5 0.6085987531221826 0.07640714434675708 0.12857870629324544 0.07398464495673363
6 0.5729186944307258 0.05288282538222434 0.07531645729239446 0.049578464321572785