0 0.6210676619469501 0.42535391971206926 0.3965203055859322 0.25797439614390877
0 0.6214471884162814 0.6121141330181431 0.34515799333093283 0.23310482607831526
1 0.6496057061707373 0.2680721836045076 0.36733541959601995 0.18897220376522797
2 0.6517238849367246 0.14261004722151066 0.39377772728832766 0.19066670383621648
3 0.6441021974844628 0.05690339534173775 0.3365302812515773 0.1138067906834755
4 0.603338852237435 0.013903744129255156 0.2739853967825622 0.027807488258510312
1 0.41314314992614215 0.32058229962801954 0.35512029037696036 0.18339428415254078
2 0.4071906894408682 0.20407278389698055 0.42713772576743053 0.18561180182866338
3 0.360617717402496 0.0961916563875392 0.23576464123986768 0.1373845181020536
4 0.3707044960513875 0.03359480733736513 0.21256283825662117 0.06718961467473027
2 0.703281988532704 0.87559863807252 0.1305382213511084 0.0850874863560214
1 0.7044920918965113 0.7574250628815611 0.1777784858728167 0.12647588857654013
0 0.3515430450414375 0.43539547288241387 0.20942028277247443 0.13809386418491124