0 0.3357730852542196 0.5533346820985993 0.41911250262959415 0.24759952210740993
0 0.360765713994551 0.3576589764603474 0.3973100368241455 0.24013624210447304
1 0.30066252557505285 0.7188364400430749 0.37925221066111126 0.18705582774321444
1 0.2708482986035789 0.19190463490915913 0.16128350274690176 0.11482687386769132
2 0.28439208908376 0.8496922133746134 0.42956512947104714 0.18043168621160588
2 0.25673495733012813 0.0751222974709774 0.11493902414049154 0.08544926565636293
3 0.29531928717852485 0.9455366912916779 0.3535352449143163 0.1089266174166442
0 0.5389540353944974 0.5532944093056609 0.40781861380587614 0.17537225236251486
0 0.5418634426889419 0.42829440930566093 0.3762329129642096 0.160585548768529
1 0.5551355219801276 0.6845277949492972 0.39356338730363266 0.18241596312978786
1 0.6583680658181622 0.32986342983398187 0.22177130757500024 0.1323530790040546
2 0.5450705263644224 0.8070400349483181 0.4679707177923079 0.1784753805758011
3 0.5952415599455654 0.9242419416221639 0.2385422805116454 0.13014503182685153
4 0.5758419353549138 0.9788006236228657 0.22227284895940175 0.0423987527542686