0 0.3689333368248918 0.5592634901950053 0.4142287716870854 0.2877733650501568
0 0.34657427405759916 0.3730143701495156 0.39441030710682945 0.2717804941869625
1 0.37068625106917086 0.7220382438077425 0.37793029646054915 0.2201223795011052
1 0.20984071067622734 0.25959160045788116 0.15825386896730406 0.1207314284440158
2 0.40035071137947437 0.8465968384451259 0.4160979872473443 0.21605042891980156
2 0.18059457964353137 0.15416566293000958 0.11410309517384323 0.09556477669413638
3 0.43822864463496825 0.9165783340146842 0.35218181362952694 0.1173948228569348
0 0.5647447589949968 0.4869770540571898 0.4036869595784557 0.20545392309184357
0 0.5384411948531764 0.3681337384406497 0.38637029037696036 0.19206112262501007
1 0.594801016204958 0.6019202640791886 0.3922554241587116 0.21889587880234712
1 0.6179068614805868 0.2406565561534642 0.21471772120473887 0.15409073986800706
2 0.6345216326427612 0.7148766540542056 0.44705413957260076 0.21138980561095375
3 0.7087776382586404 0.803451289249402 0.23385054121059368 0.1532566876542782
4 0.7092980069046045 0.8788781067317839 0.21015899210277503 0.101009900240877