0 0.39308500476980296 0.4594307831463254 0.4261131240045567 0.2933032164343344
0 0.4355277842433564 0.6498964295645048 0.4032469383458422 0.26572708659407623
1 0.34346033403188697 0.2949665135851398 0.384292757522748 0.21917214800037124
1 0.33586373830496447 0.8269196265170604 0.10532801488788998 0.09904117002376858
2 0.3231033276063325 0.16680678599932675 0.42538206400615053 0.22612150436530318
3 0.31759090857006245 0.07419571895691922 0.35152797098627875 0.13352576975182195
0 0.599255969330527 0.45824585290195413 0.3616504937320516 0.1964037104678053
0 0.6193890538880636 0.581597888180075 0.34951930202881154 0.19336996312065333
1 0.6029374244434341 0.3313459277027526 0.38188891136890174 0.21904616776171013
1 0.7307266841605689 0.6809540088004964 0.22228008334863164 0.1387420676333503
2 0.5745028392814451 0.20995680774316394 0.4855901787863134 0.2316748564856782
3 0.6159477339820081 0.09582688393551805 0.2415108525794009 0.13974990954263952
4 0.5862322259336106 0.04990695734476089 0.2205413749441442 0.049925740179703734