0 0.40132922015913297 0.6070006228943776 0.23031313810923806 0.39743159763206887
0 0.5851036563484626 0.6741007848218377 0.18941796078751538 0.2562171457648476
1 0.23322782655267352 0.6052225036596238 0.17232711538208056 0.37791761213892944
2 0.09894811626283156 0.5922615467333592 0.1585334278193961 0.41330353884256776
3 0.025237654846570402 0.5875987764841996 0.050475309693140805 0.3536486008777547
1 0.32134857455310784 0.3729384863539238 0.1604337624849282 0.3845693459304229
2 0.20425244131107798 0.33876111058190383 0.15253870878794976 0.48267919450207913
3 0.10081803446747674 0.2787275650574496 0.12729559440375088 0.2749407768652288
4 0.02780021322492178 0.30383296939634435 0.05560042644984356 0.2357481784052842
2 0.8529287893410221 0.7420900063666745 0.07214517732172254 0.14266994400933825
0 0.45933286900827375 0.31126825157694865 0.10697388361496799 0.2115450893931567