0 0.5805412286113621 0.40427465633112253 0.23056105596230753 0.3800611179797188
0 0.40640223413566395 0.38226411276503747 0.223223650990436 0.3583425887479707
1 0.7343664047057937 0.4060902634897249 0.16298764546613415 0.33360484515006894
1 0.2684188281423616 0.3430070768863654 0.15087051852219988 0.31663806566125774
2 0.8508480544087212 0.4227625024482571 0.16806105596230753 0.3793338646379011
2 0.1721600932299045 0.3621547743353158 0.13425337296249873 0.35249995899230685
3 0.9372117013494977 0.4518036132057401 0.11724464270398344 0.32105416001566367
3 0.1036295000935669 0.3665577251138468 0.08817472617279275 0.2822569661655939
4 0.9717597968883415 0.5042826449958802 0.05203312285821172 0.26741432000685295
4 0.06384716462867959 0.3874519435807696 0.0685104167397648 0.20751396513734216
0 0.5278166413014674 0.5839625773637795 0.14614673722139643 0.33100520001957945
0 0.42099233171736894 0.5599669148141984 0.13880933224952477 0.30928667078783134
1 0.6380998758542797 0.6331566676051789 0.1555523443195591 0.2950593928413976
1 0.311512442958758 0.5792684543162258 0.1413110745780744 0.3261415651471319
2 0.7474538981025577 0.635489743487767 0.16346314117183716 0.41533561438083805
2 0.20068378686116858 0.6238243640748264 0.15573415150115133 0.3263093928413976
3 0.839764227172783 0.6752782337316137 0.13402961027746202 0.3140384205307684
3 0.13116104816512988 0.592183608186854 0.12189849816571283 0.29466779488811123
4 0.9106637035434297 0.6768569270553204 0.10958557887237128 0.24404716924545375
4 0.06872398142029647 0.5820935538363641 0.06352091725048013 0.17620802257258708
5 0.9611025172707546 0.6834810685869291 0.04162058367738361 0.1302832041081117
5 0.03104641371153603 0.5633243107648254 0.06209282742307206 0.16181291693188762
5 0.0288375585519476 0.4142998348675526 0.03154368852411073 0.05084439590167815
6 0.015470361798887815 0.534659970254126 0.03094072359777563 0.13741082872251717