0 0.6177219015937736 0.425287841828898 0.1866362585075503 0.34425811092819036
0 0.43987924313272475 0.4237176973826235 0.18658031594279506 0.3394504186204982
1 0.7687865969739837 0.397242439855404 0.1335838154286692 0.3282962488578842
1 0.2942227805660116 0.40025526899697395 0.11667297850461339 0.3205950969404092
2 0.884101284152655 0.39459017388292505 0.12195618261272483 0.36160037111463283
2 0.20212224416097635 0.4360239334508613 0.09065024004796986 0.35588339667448704
3 0.9678985600181111 0.43316587824971975 0.06420287996377774 0.278400761516054
3 0.13510825031824888 0.45930586424249964 0.05822544618811031 0.25401257608049477
4 0.0946064923737732 0.489366802992368 0.038295394897900896 0.19335686399898494
0 0.5979333908460803 0.5833121849679685 0.11566601233901963 0.23405663540194782
0 0.48730052520440204 0.5752870328069789 0.11077440618419433 0.22670520738157024
1 0.7139193888018144 0.6383522266877973 0.12810481234391455 0.2704640516067374
1 0.38287307392398245 0.5842636656714609 0.11099817644321529 0.24593597661233949
2 0.8242865272609053 0.6235408403872486 0.11038449236153597 0.39971218567907374
2 0.28565716110510125 0.5934501328742015 0.08986704414139678 0.2885757043667947
3 0.9235015447044714 0.6828989609588331 0.09869923285020832 0.2215477911767804
3 0.20486342983398187 0.6716008565277843 0.08796499693971953 0.12511416590525626
4 0.9815541108064318 0.6702944483006633 0.036891778387136205 0.18875900602955106
4 0.13740189547321272 0.6564212488578842 0.04729541130097811 0.14075202773204756
5 0.08682322675412185 0.6465389469516131 0.0565751405278315 0.1121856530035717
6 0.05892725444349262 0.6240999666036734 0.04405242667580378 0.06856669833724337