0 0.7577576270551165 0.4951871509915043 0.409327224408667 0.26544994447190146
0 0.7439470471647233 0.6902988573425917 0.39971183979328234 0.2647213341939751
1 0.7786865811681866 0.33649744208707244 0.37360990603969724 0.1933704226071025
1 0.7556240615895753 0.8538514720888707 0.34430161581054636 0.18397305331178487
2 0.7673015161569701 0.2148299824636193 0.4087433255813958 0.18167963422624922
2 0.6988541842576053 0.9337798059422423 0.4085892801203968 0.13244038811551534
3 0.7481496120623563 0.12128006640839373 0.34331646182241554 0.13127059049665132
3 0.6596671582048468 0.9892959581925557 0.30402381483374524 0.021408083614888575
4 0.6858197990317176 0.0818704829405851 0.27277381483374524 0.07568954932039797
0 0.24661792933810475 0.3954548819078149 0.3414356332737034 0.1765793622807651
0 0.24831058700343714 0.5151918081764187 0.33437814027316387 0.1784367507261665
1 0.22716670620723106 0.6331982850349475 0.3675698500440132 0.17377534823737023
2 0.25404992169974766 0.15680071593327452 0.4380516158105464 0.19107700352156656
2 0.22967617329698914 0.7470166722036766 0.3755516158105464 0.18634103671504548
3 0.2836681452565524 0.07771115895998815 0.3173362905131048 0.13647845069389244
4 0.2693382325723373 0.04074270380488795 0.2934841574523669 0.06290584552265523
3 0.21404933089133305 0.8391272990783425 0.33105002135332406 0.163831521233608
4 0.20281462652980325 0.9064529227613277 0.2721253499730247 0.140229090335281
5 0.19973187490416805 0.9516706182607007 0.23058290229150716 0.08923772614665254
6 0.316502899437774 0.9794962918952747 0.10342626583752171 0.041007416209450684