0 0.36935249812390214 0.45707807264957356 0.38383578421420406 0.25510841360706576
0 0.35335259427648086 0.6409418628077357 0.371648716282202 0.2447228016866864
1 0.365423221151945 0.30075104991907414 0.3562605756731899 0.1885100673822311
1 0.3137608847350502 0.7800729903171771 0.3392238561428027 0.17541251838600785
2 0.38253504620272627 0.18058918283783498 0.39480603271611403 0.19578248706590665
2 0.3312111138801883 0.885641593505978 0.370180141107953 0.160588186302071
3 0.41809531031428204 0.08562111825254956 0.3073444667824103 0.1373522350853289
3 0.3457120260924735 0.9548875308444787 0.28748430819124854 0.09022493831104256
4 0.459470289710158 0.04865345228156974 0.2650944255741622 0.055406539171423574
4 0.36321029782048186 0.9867456419342934 0.20740211788185453 0.026508716131413205
0 0.5757624893822977 0.5207297287957535 0.33437420454441763 0.17270058131016355
0 0.5597476891817075 0.6349590032228767 0.3149336388601841 0.15944898685294115
1 0.6037755407067723 0.406068758596702 0.3439476298691094 0.17091291700031327
1 0.5399802622329231 0.74054374792004 0.3414179058431848 0.1635473330777758
2 0.6173655151081701 0.29048351563165675 0.4330997340148812 0.18863182982650542
2 0.5973457086606797 0.8630771781384006 0.32965043081811085 0.177200182695858
3 0.6842596978011114 0.20232573434705006 0.25686369755164107 0.13411728040435084
3 0.6168431299887748 0.9461166326561042 0.2156626386107136 0.10776673468779144
4 0.6671871022722088 0.11839174654286455 0.21064514984955723 0.09994041664537069
4 0.5769428090593254 0.9815196317545509 0.17420982392562948 0.03696073649089808
5 0.6531477422575448 0.07066949650737028 0.1353286925571628 0.04949193043132611