0 0.5595580740016668 0.6167903074753551 0.37858672343551636 0.2727722456321932
0 0.5248206128788244 0.43773428036011286 0.37858672343551625 0.27277224563219293
1 0.6280905647203456 0.7602239715079049 0.359661196422791 0.2112039267747855
1 0.5144001506396138 0.2873288084540588 0.3307310984192052 0.2062763691730763
2 0.6569748611064051 0.8652266084252124 0.40027474856587947 0.20756764619772
2 0.4613934485576608 0.18262692481737805 0.39281137763204477 0.19972517987421576
3 0.6527929204406429 0.9391045608644581 0.30940172525263365 0.12179087827108367
3 0.4121451368154989 0.108393736678418 0.28021979477675146 0.1323586449650992
4 0.6281096105155985 0.9768373721455479 0.24058303811116405 0.04632525570890422
4 0.39185362794979695 0.06803941463098215 0.23552351333117535 0.08770769317791978
5 0.6429791130987099 0.9925223047925565 0.2136370654742636 0.014955390414886967
0 0.14945432731211167 0.6623478792867518 0.29890865462422334 0.19978620256680857
0 0.13509612327651405 0.5473691718264242 0.2701922465530281 0.18608449749900233
1 0.16457941548223007 0.7763349729574783 0.3160561890238319 0.19780297498760618
1 0.12127592266130388 0.4402329306896009 0.24255184532260776 0.17854278445612487
2 0.20668486571444336 0.8824943109550566 0.36396522378589086 0.1972014684263526
2 0.11939100865789241 0.3377540052201565 0.23878201731578483 0.17070031813262063
3 0.2270870236104513 0.9361171889364671 0.3124771246659366 0.12776562212706574
3 0.09798152087269942 0.2516214516059827 0.19596304174539883 0.1618967493658116
4 0.24634449771409445 0.9714535093888887 0.2740689959501459 0.057092981222222505
4 0.08083408837189017 0.19114990118183742 0.16166817674378034 0.14191518697905947
5 0.3153425108374602 0.9972490885232903 0.16687271450456967 0.005501822953419286
5 0.07222603364569058 0.13141443326331895 0.14445206729138116 0.1378288665266379
6 0.41900170000385706 0.9954603695354697 0.07130647745274811 0.009079260929060622
6 0.11816238070809547 0.10316869593283452 0.17369506659063202 0.10147042093831875
7 0.17433225589959392 0.08276542492585436 0.08547772190352877 0.04582236351780612