0 0.6039879757560817 0.5620155549502761 0.20339845262927952 0.3435279138716071
0 0.4306871308111405 0.5551939303113961 0.19115529999203085 0.33858036515202683
1 0.7469345081730948 0.5877043221490165 0.1375989190033615 0.32354192001664267
1 0.2957655105909049 0.5728443220878305 0.1296036540037598 0.30663108309258674
2 0.8546893885573118 0.6057759672917431 0.12943902653009387 0.35468003488713207
2 0.19706621015202755 0.5428653313053835 0.11412026213494492 0.33528143796209736
3 0.9378723360028505 0.586322269867267 0.09024642807014925 0.2869527733437757
3 0.12685084748744854 0.5312368564241252 0.07515158554301828 0.2723618687264331
4 0.9807413296102047 0.5616692821818122 0.038517340779590695 0.22643705026195787
4 0.08548163866902338 0.5199440369313982 0.04680594197255741 0.23118880000489492
5 0.9974711153517066 0.5715783652621617 0.005057769296586711 0.2022307610292306
5 0.05655317108603657 0.5436328574401397 0.0494863765340785 0.18557166564657324
0 0.5670246541942745 0.3874010534078987 0.13759891900336135 0.32354192001664256
0 0.4616472866940752 0.39458377852174553 0.12764765158594982 0.3162184964255936
1 0.6760341241950715 0.35503388624342247 0.13686785900495507 0.25626219899132796
1 0.35911829515641064 0.3597551385080398 0.12412419609201344 0.2921520636047546
2 0.7847110253211889 0.36710990164272245 0.12507917795843765 0.3642394769377616
2 0.2526739848557782 0.2924466041350335 0.11875669911427604 0.28007689027076854
3 0.865852342684737 0.3296133724232115 0.09376325570939031 0.2077097641139855
3 0.16887525227318984 0.29867914771335563 0.08442445950168068 0.16195277334377572
4 0.9378294330962842 0.35327506371488937 0.07855645224825025 0.19071501334279672
4 0.11213461251995872 0.3184405292439854 0.05798215180937298 0.16164508923762205
5 0.9777035607933733 0.3694594893624415 0.0445928784132534 0.15448949334083883
5 0.05620403257461917 0.3298024348773424 0.07905696252394331 0.14987760000978972