0 0.40381840763777305 0.2272554561120191 0.28401484134186855 0.4397165361994799
0 0.5972709400697604 0.2603202875496962 0.2934903363984142 0.43541276484643227
1 0.24670334663115615 0.19143860766116944 0.22046566965057585 0.38287721532233887
1 0.7625068216703693 0.27326226646669177 0.21255468339484251 0.3759669554321526
2 0.12166837424144639 0.19635950318341766 0.20858632844018415 0.3927190063668353
2 0.8635290561752005 0.34837396235810825 0.18956539354767335 0.4107648453532332
3 0.9294728252842124 0.39172151567559577 0.12454738148857121 0.32095089760958173
4 0.9596037088135001 0.4285453110345392 0.060648485900181015 0.2695984883274685
0 0.3933431656423026 0.7522438802500815 0.19509825730314362 0.353450478376909
1 0.5073638578282375 0.7930718287943459 0.2027294644411992 0.36825149601596946
1 0.1466912663183121 0.7327679217552574 0.207607101528311 0.37090730264713795
2 0.06869170351449315 0.6967527763283273 0.1373834070289863 0.44303290888180685
2 0.6250823745872796 0.7893026432537954 0.20258957488236007 0.3634438037082771
3 0.01779126560720686 0.6897829767248271 0.03558253121441372 0.3608186619349611
3 0.7144222403931859 0.8122226150732328 0.18415392187878837 0.30727348049918746
4 0.7785916663631272 0.8340615332447663 0.15383892766482504 0.25528094840448456
5 0.8465766959020964 0.8484999425967694 0.15038590981968597 0.2190972758581308
6 0.8906245679810686 0.7369832785395296 0.09449366892003178 0.11296032599220113
7 0.9195627771695604 0.6910633519487726 0.050105321680088806 0.07223114323476174