0 0.5877219254154705 0.632082717440385 0.22152110219285084 0.36779248129465825
0 0.41295333313705207 0.6160071015010153 0.21112212377815082 0.34833791150277776
1 0.7376909045906193 0.658388164599146 0.15014442690776683 0.32530454261121816
1 0.27021833465794926 0.6198896066160258 0.14205134542199838 0.30350207680576946
2 0.8580301361202987 0.6647914408438041 0.15642135758917583 0.3614741351994658
2 0.17629896858607008 0.5840816800614852 0.11948212225725353 0.33900026771068387
3 0.95052011593981 0.659789932923238 0.09895976812037989 0.29539533609978635
3 0.11166652787245973 0.5597624628825856 0.07827800549811051 0.270797373158547
4 0.9893132555712953 0.6273669898555029 0.021373488857409376 0.25335499853856847
4 0.0730845979514993 0.5264433126313569 0.05139901643712999 0.20052633329423075
5 0.0462770257374835 0.4873942976969018 0.03149078291884395 0.06557524783717958
0 0.5678667566530838 0.4394952744313038 0.13562340075977547 0.3225649956157052
0 0.46089560280693004 0.4370054931889427 0.13282775770627162 0.3128936608600429
1 0.6881835459482557 0.41587844882302405 0.14955673155828025 0.31088146568814107
1 0.3551039298031917 0.4045235851637824 0.13013006387768206 0.3056261722582266
2 0.7981462412977424 0.43284725712874 0.1516585497504986 0.4214024386247864
2 0.2503448138044973 0.33844378112505363 0.1426390407714851 0.3179251537288463
3 0.8921676467379781 0.4122207492081738 0.12144928704242702 0.269400629529701
3 0.16893442462642108 0.31493483604113265 0.08313876256170226 0.21327291588707262
4 0.960326313102933 0.4272043324730777 0.07934737379413384 0.22316805120384614
4 0.1185740468550738 0.34618383110208345 0.06165516115790071 0.15753685322638888
5 0.9985409334304642 0.4365409713261226 0.00291813313907159 0.14462242021271374
5 0.06031648604778697 0.3604380526652778 0.08059208271392658 0.15077291588707276
6 0.04052046370203857 0.3755874764729167 0.05086438584354269 0.12846689881912396