0 0.2628546715455399 0.4280219456005613 0.39928304756031474 0.21358204928265487
0 0.2622665939162446 0.6117483486755264 0.38505619487975246 0.21581806774223544
1 0.253680295560606 0.275629456372729 0.3607235953436018 0.15309429748321463
1 0.2509101654722288 0.7655805168804914 0.32628485221969705 0.14308731491454332
2 0.2631971713225675 0.15904291791119055 0.4022268079302006 0.1319631651813961
2 0.300262942857663 0.8670726676418904 0.37519582751034886 0.12444394261370426
3 0.297807362701069 0.07338470970230959 0.33658722004996583 0.0927743733780399
3 0.3264356901741166 0.9436181322528697 0.29954840652970016 0.08033557337314516
4 0.3457124407912296 0.03236716716447621 0.2601057468555884 0.06473433432895243
4 0.35363851558073084 0.9781242604539189 0.25515098554905147 0.036590830803495
0 0.7438449025452033 0.49327122245755733 0.3214771599120048 0.14303137234978822
1 0.7599608598836558 0.6047563701464387 0.3401192564152299 0.13604360414727074
1 0.7616767309922031 0.2601121311756692 0.3553272303083655 0.14582681645692092
2 0.7548818219053632 0.15212086758804674 0.41184219254558513 0.1320750503109066
2 0.7593480062664425 0.7152353937350402 0.37416555105410537 0.14124289440824958
3 0.7389131319318383 0.06825197938601864 0.322114987883219 0.12142472824755049
3 0.7715147027666837 0.8015500850144808 0.33452666713747886 0.12637227696713074
4 0.7473509727260519 0.028955512779722158 0.3033749776248192 0.057911025559444315
4 0.7672223470531959 0.8688437916809841 0.2536299501204384 0.10621845541790045
5 0.7687188048599739 0.9240623250135017 0.21497218741638535 0.10336706874601266
6 0.6568664242067055 0.9409740040028717 0.11204840652970013 0.07815381334769164
7 0.5994194960005825 0.9680596511898644 0.06505091515269079 0.03197725334181784