0 0.6291566035674493 0.47339987083767376 0.2784211750891731 0.3912277075766114
0 0.4566201643591871 0.4988805688088621 0.2677542440371789 0.37876063307134455
1 0.764103252809757 0.41504573932335487 0.20576530660512743 0.35432699433650394
1 0.3150634832165945 0.5090458163122491 0.19948544928618167 0.33727614939156286
2 0.8626914564637459 0.3789386944033532 0.20128778887877438 0.38524111153447704
2 0.2285544429788451 0.5600797623583682 0.1829887007905976 0.36763046191949084
3 0.9375514872762463 0.3854291146485283 0.1248970254475075 0.3038988916453916
3 0.1677968499244291 0.5907666437609755 0.13100634524786267 0.2933878195579348
4 0.9794757736534186 0.4056971794825547 0.04104845269316279 0.23368021505346503
4 0.12882424889494185 0.6104979232674377 0.0993063053725067 0.23206009543768202
5 0.09066346371403022 0.584780047718841 0.07869381512378881 0.1880071381303881
0 0.6549058706596143 0.6445767719637914 0.20146867686538392 0.3325804180178797
0 0.5489410412534176 0.6647789145487704 0.19530868484045527 0.3442637659850831
1 0.7759394155012096 0.6597902032796265 0.1917334269559823 0.30339838136969877
1 0.4572636227803405 0.7251483428752515 0.1932055919672359 0.32022530444662184
2 0.8762553154504261 0.6297487542112447 0.19972517987421576 0.3947445352158526
2 0.3757872947879614 0.8063423267784567 0.1775206593202274 0.30513046191949084
3 0.9522132047417731 0.6558058264892161 0.09557359051645384 0.22904377807413376
3 0.2930196897709386 0.8180486940881411 0.11871796258988573 0.18029508939315683
4 0.9883686963679483 0.6231892759386272 0.023262607264103306 0.20734986829516636
4 0.22826622025740587 0.8030624985676718 0.09080348988632445 0.16223659604213453
5 0.1671784526216509 0.802611340904288 0.10742010367592564 0.16061647642635152