0 0.3694760321293683 0.3750839792433578 0.22062345892608776 0.34444558634389383
0 0.5378527262401671 0.34199168335669594 0.22860522469262096 0.35701127482156936
1 0.2239663170911765 0.38730613277391623 0.17464229108101284 0.3361769952160517
1 0.6745477245790377 0.2993392163888047 0.16123665116279157 0.3136316169840283
2 0.1128502349007571 0.40409861250853013 0.168817161768465 0.3572651528922223
2 0.7704400619303169 0.3147985757863393 0.13648884354147237 0.33807024641203864
3 0.04217845584518797 0.4610457979558953 0.08435691169037594 0.26985179125693853
3 0.8342655898571703 0.32670737948725986 0.09294380486696842 0.25582888222341044
4 0.005936277465428141 0.49262424034427277 0.011872554930856281 0.23590536546530055
4 0.8756092523639141 0.3534767101596685 0.062342269727688714 0.188921357805267
0 0.40689337778629486 0.5564460054151394 0.14527311962972503 0.2885002400286773
0 0.5050193743220588 0.5370495955819048 0.14813910216656806 0.29589393105969736
1 0.2979196329471546 0.5958017947570694 0.1727937455490254 0.30733084136989786
1 0.6039926208933172 0.5044320319025163 0.14807822094443082 0.2576145451676405
2 0.18268906302353816 0.6021412719383389 0.1818215465258266 0.4108783785547639
2 0.690916196084276 0.49186492401656423 0.10234426279921667 0.21587426045543376
3 0.09183732857710589 0.6760064567473679 0.11769161248828748 0.2313902527954002
4 0.03446096248970591 0.6787939588237466 0.06892192497941182 0.1862994963313536
6 0.9171392433483816 0.4519971203084985 0.05541022398273572 0.08074828088218994