0 0.43163859809500515 0.6731139425985047 0.22562780502994279 0.3653886351408121
0 0.6231223080417578 0.6703504402890498 0.21323063354472865 0.3578973459778847
1 0.27027106600030204 0.6982394121161861 0.15996807744412964 0.349454904430235
1 0.768875061755745 0.6905903219229175 0.13947750582674864 0.3249688417695516
2 0.1459690681225805 0.704973364507265 0.1552761437558143 0.3973639770863248
2 0.8714113532005481 0.6628921508915072 0.127574033676895 0.37271006400480783
3 0.049938582003191706 0.6786409472174146 0.09987716400638341 0.30489882043461536
3 0.9432645557193262 0.6236493203441782 0.06459055596081871 0.2704057221766025
4 0.011222527659509885 0.6376067072421474 0.02244505531901977 0.2511190028055556
0 0.46739833263859637 0.47298026522526754 0.13125812545592114 0.30557022211794876
0 0.5771512733545798 0.468314458146368 0.13872162439478194 0.3105457648464744
1 0.3431542140705633 0.455647781007746 0.16807169919558043 0.32083255114519244
1 0.6943626021997821 0.4361442956489322 0.1408735100713055 0.30579402267906003
2 0.21739833263859637 0.46716145063637843 0.14692056152704128 0.4211786380636754
2 0.805370234492735 0.38457551349989383 0.1358036356670071 0.3464915568736112
3 0.11623760219978199 0.42268828691212623 0.11431544375962109 0.2571575981993591
3 0.890333943047932 0.41663779547297086 0.07423660543405602 0.13377814238931626
4 0.040205713565421825 0.42687952273771373 0.08041142713084365 0.20606137742553415
4 0.946320406708672 0.42756800838488324 0.059057647079012114 0.11901936462457276