0 0.4266595032484375 0.4326276792325193 0.2706031487318744 0.3884075646404651
0 0.6117065018509212 0.4176251206669652 0.2115376680741299 0.2501491286354491
1 0.27705674823818416 0.38380137568582395 0.21153727134196415 0.3672089798959843
2 0.16002860604794625 0.35074636195802444 0.21629580840598633 0.39623728631161986
3 0.06886559416905794 0.34919664570915443 0.13773118833811587 0.3295477772135435
4 0.025437005590065082 0.36802582764209824 0.050874011180130164 0.2745131937457349
1 0.27848026664378855 0.6330369026573119 0.21570713567844238 0.38902574785008126
2 0.1576747086021018 0.6166266594369539 0.22404686435139873 0.43265928375827517
3 0.06467164812595194 0.620813329718477 0.12934329625190388 0.2528068528599482
4 0.020752399757630966 0.6016542859888792 0.04150479951526193 0.21773164890083516
2 0.874314405347696 0.4302682122789184 0.09154198135650277 0.12638549505468133
0 0.3754437857556114 0.704480309937202 0.15507186108058044 0.23153654261429596