0 0.40006435814617064 0.6178471350269562 0.4178253046935929 0.2620305020601555
0 0.369620397730326 0.43493213116959856 0.379195929069283 0.25129600097405896
1 0.412982983896483 0.7724405708838064 0.36384974775096385 0.19799171691292644
1 0.22033899350869918 0.3155405753499508 0.12667837162771328 0.09979097468366063
2 0.440912116639572 0.8929604919102931 0.41673436313557927 0.19953050206015577
3 0.47708079046617385 0.9543763478292907 0.32561017232724443 0.07194254522163354
0 0.582603725028876 0.5524701503346294 0.34672910963919096 0.1806751803800667
0 0.5581964429351707 0.4366530044467056 0.3538147702286509 0.17367347625678692
1 0.6383239460586208 0.6637722448593303 0.37814694680196226 0.19119984712790483
1 0.6300479052220435 0.3120284519973859 0.2212255981508771 0.14819189800409852
2 0.6688667214090199 0.772202990337167 0.44798436313557927 0.2004397841926093
3 0.7561935964096537 0.8621631104217221 0.24273433566341396 0.1416098625573356
4 0.7515178652662173 0.9235661045139282 0.22713639860093776 0.07388250157312644
2 0.18846841720929827 0.21435634072336235 0.09985843031917006 0.07738696672543065