0 0.6132360505153426 0.5110253871544388 0.28533579654082897 0.4190752441814348
0 0.44728723254205904 0.6141024503568613 0.23754149879908062 0.2837671120387096
1 0.7720839778368227 0.47968147205314476 0.2108267873908825 0.36793759017391064
2 0.8884866567500114 0.4443136884562398 0.21549827784062933 0.411388973512623
3 0.9503074374626758 0.3973461927632225 0.09938512507464846 0.3356664002581925
4 0.9847852659774615 0.3466280574288166 0.030429468045076975 0.26307628343553446
1 0.6499798629224036 0.26810856717237413 0.20108542253683645 0.3648051337421382
2 0.7560742659075714 0.22323324767799313 0.22004378805171526 0.44646649535598626
3 0.8442079236678658 0.15202836544386492 0.1491133336807019 0.24115192722968054
4 0.9231569060288055 0.13880579218943448 0.1172334324873961 0.22676471305718932
1 0.3325699544218696 0.7507050012695271 0.09132571060758547 0.09790364634749064
2 0.22003522683605647 0.7447520188273434 0.09827506697251742 0.13913333610183815
0 0.5153695891166611 0.2553814963170631 0.13507841909289253 0.20177962592073426