0 0.5797151527689534 0.3355446179236695 0.2348810092787391 0.37085203128561584
0 0.40389872814965294 0.3776879093419784 0.22274989337999784 0.3603258838228233
1 0.7244633907237084 0.2801443099086211 0.17212926773734066 0.34448144909447953
1 0.26686551173923334 0.38927252887935115 0.15018696824657146 0.3163997682768377
2 0.8377238727782538 0.24754467760452553 0.1702009333839139 0.38516468114038255
2 0.17627374045196087 0.43456478869644877 0.14591073030405377 0.3617085400609513
3 0.9313480020075544 0.2512580350870518 0.11871319798755063 0.294801015642808
3 0.11082445429175135 0.4863579080724513 0.08944747490573272 0.25655749250133664
4 0.07107707890615698 0.49657496393043576 0.06493350156685186 0.21387058219113633
0 0.578735315820423 0.5229535416389287 0.1428076020907674 0.301430233645316
0 0.4775500070998638 0.5498347187879241 0.15245095798852965 0.30456269007708836
1 0.6941199312050385 0.5142102183038131 0.17662927593887928 0.318403446541135
1 0.37485509119622773 0.6032492799139679 0.14996319798755062 0.2971689990460683
2 0.8074223701831502 0.47800481676894824 0.1656729538999975 0.40883883753988093
2 0.2791759147774868 0.6729443064084902 0.15046668107034764 0.34043822981529925
3 0.9068743014616119 0.4968877928277706 0.1254492246486697 0.254482088735868
3 0.1964530070876266 0.6611997239017584 0.08080940104293624 0.1334148809467382
4 0.9635325137712621 0.47818413052187664 0.06236182771874009 0.1992653526985778
4 0.14240842554965455 0.6616923874843247 0.06138283283552381 0.11513073731396244
5 0.08481401734566849 0.6576505876134209 0.07326220719286651 0.1040222693921396