0 0.47458798782044054 0.5489178509658237 0.3752081291961535 0.20513331059504536
0 0.4485684787939451 0.3616976300835018 0.37196304589301954 0.19544798120024132
1 0.45842032386061116 0.7084460068624138 0.350719627782336 0.14447759851353553
1 0.3807666146598286 0.2202775138563044 0.24765499644757816 0.11750145623945449
2 0.47076863916559664 0.8358148806265502 0.40035915986381754 0.13633105426596068
2 0.3230154643660966 0.11109948636777146 0.15315420329159524 0.07878586231382084
3 0.49742016609964207 0.9338479870885963 0.3364774388458687 0.09131320401124189
3 0.35208772819551276 0.043979517835419354 0.09972910403831897 0.043663175792165006
4 0.5457820417612517 0.9770251625154891 0.2516824742985755 0.026505026290398186
0 0.6813040464008537 0.5151884243870957 0.30660915986381754 0.13360320786859958
1 0.6873272823902409 0.6391263908690116 0.36315947712621066 0.14963501471832538
2 0.7148799791205825 0.7612329312592289 0.4359962335968658 0.13257253364956073
3 0.7747195116371777 0.8667352447375729 0.22758299006752097 0.10732651338871389
4 0.7598147934468642 0.9442878246754256 0.19819635235270638 0.07290327466125308
5 0.7337026603358955 0.9763771620284596 0.1258412371492878 0.013252513145199228