0 0.3837095772123175 0.6321820694133147 0.2144693293867814 0.3817769504348927
0 0.5588544636410597 0.647566756057511 0.22363687026612994 0.37260940955554417
1 0.23441754660866185 0.6565464719717605 0.15246983966247435 0.33811254246928285
1 0.7020775844657479 0.6759190274826671 0.14699038175072807 0.32346554367818786
2 0.12767031463052605 0.6467565181006673 0.13721036966167743 0.37098266208506586
2 0.8143339215528062 0.6450115381393893 0.13961421581552358 0.37109462301907487
3 0.04912711809166605 0.6262348842014467 0.09779384933371477 0.29718786345954623
3 0.8926005296839912 0.6197481341815239 0.08968662340010415 0.2776212114267499
4 0.017985943247279743 0.5916557033783524 0.035971886494559485 0.249947333460343
4 0.9400353343540362 0.6099121416254687 0.06637259400535374 0.24055587071297657
5 0.0008791178353341366 0.594309804670045 0.0017582356706682732 0.23188884010932084
5 0.961502008337638 0.6145255592623191 0.03377906279724549 0.2102542247247056
0 0.43706854775174964 0.21067259941251776 0.14861050136651108 0.3067505815352739
0 0.5474215489606546 0.2206304946846246 0.13910707768513547 0.308706583953084
1 0.3227179140430438 0.20896022427785896 0.14687842081671904 0.3210616975243417
1 0.6560984500867721 0.21485142902272242 0.14274249411308085 0.3352608525794007
2 0.21569077972988546 0.20517988579138102 0.145541517463306 0.39535700642555455
2 0.7578700483562021 0.22802323025656696 0.1391663720794875 0.3614792384036904
3 0.13574807151591284 0.2147063288152375 0.12831941719000378 0.3345890869753466
3 0.8423965270098491 0.22352840140842078 0.1275356906519408 0.31776216389842354
4 0.07240836451084523 0.22982419068484936 0.1102016294446295 0.25459039829436947
4 0.9043927028068086 0.2372566933849628 0.10517001526891899 0.2495587841186591
5 0.03529864207578389 0.23999606604293147 0.07059728415156778 0.2074618292291754
5 0.9508198590707726 0.24905531621352311 0.08873164153368024 0.20561778774537431
6 0.02624960091066338 0.37793731755406273 0.05249920182132676 0.06781483043808041
6 0.9524629980290364 0.3430852185485457 0.07380142648021494 0.14255798307532921
7 0.0038444256228991427 0.4249506117579003 0.007688851245798285 0.044388840109320975
7 0.9650090723437886 0.4099187338503735 0.03908063752593559 0.06658326016398132