0 0.7377980079474364 0.6256044767438609 0.41894465220876087 0.2572455241266421
0 0.748723196164103 0.42286252826948645 0.38998659808205144 0.2509260689550158
1 0.7428884657736652 0.7926087943168378 0.3739969172311967 0.18286249521535652
1 0.7725907924645836 0.2591541401402677 0.3497346551316242 0.17198730821336042
2 0.723743631631411 0.9007137703109422 0.4211786380636751 0.14692056152704133
2 0.72406425838734 0.13895161082867588 0.4143028004438035 0.16096569773413474
3 0.7039093069029381 0.05069957424480073 0.3217816936518164 0.10139914848960146
4 0.6750061979774572 0.016602241850819488 0.2778410611992522 0.033204483701638976
0 0.2178119118229172 0.6203642852177477 0.34979060527190187 0.1743911543672067
0 0.23052750452847265 0.4945454136664501 0.34011927051623947 0.17148338725871576
1 0.21548696618424176 0.36536762255206356 0.36650562806826936 0.17046532373014228
2 0.2223607939260152 0.24707524005895745 0.4025073702356839 0.16995118115621358
2 0.21739731046607982 0.861063851199016 0.3976437277877138 0.1672953745250451
3 0.21547004544364395 0.9333682061723921 0.35308764379209406 0.10973926869068261
3 0.2129671999936433 0.1537031807749409 0.3614741351994659 0.16059797863743538
4 0.22931754193915604 0.08064294436959761 0.2839915568736112 0.13252814946181687
5 0.2318043083643697 0.041384637998955504 0.22803169365181633 0.08276927599791101
6 0.33379991948199783 0.030393692377582344 0.14356137742553415 0.06078738475516469
7 0.41016349500229704 0.0032057248725918873 0.05590391308151715 0.0064114497451837745