0 0.6191664110845986 0.668781193940428 0.3571836800684323 0.24139468276684647
0 0.637717018603291 0.49348491078172635 0.35714172077773954 0.23899083661300033
1 0.625415615629016 0.8204545698242343 0.33454204170718893 0.1823159659255483
1 0.6749678209269147 0.35780550704205527 0.32227105519380106 0.1671226616974765
2 0.6166543131806571 0.9238586858761398 0.3681119692796493 0.15228262824772024
2 0.6442754582902762 0.25018773074083706 0.3459318831160273 0.1470285009228506
3 0.5697732298884797 0.9805649183774887 0.2944021316179373 0.038870163245022675
3 0.6298794443047231 0.1820327883976505 0.26336192807140135 0.0937140321719631
4 0.6147430594398681 0.14024313101627212 0.22456471528432018 0.07201853556521055
0 0.434474953792204 0.611323639250931 0.27883398726179903 0.15473445878411063
0 0.44460601648025744 0.5039207896328489 0.28115391483425956 0.15008081193741732
1 0.38474336850172836 0.7197905079932997 0.2695962362626499 0.17575289232473013
1 0.4390910995229644 0.39431472144135044 0.2741102135354925 0.15923406016980507
2 0.3939689529165227 0.8356372597609119 0.40404378371526317 0.174764053525287
2 0.4494739179551747 0.30133494874634525 0.29772908216702565 0.13673605324133303
3 0.3305966208729648 0.9192184169293248 0.2280175437054872 0.13226873487236354
3 0.4033453721266541 0.2035331846409415 0.1605000549443306 0.11593623119516182
4 0.334112388230171 0.9741487406863166 0.18610317682278185 0.05170251862736673
4 0.42270810252167923 0.1435444941363557 0.16451052072885922 0.07057124519408284
5 0.4217010795450513 0.085852186444048 0.14333745754186494 0.0956271437373999
6 0.481587436937741 0.07768409219979112 0.08754548451508953 0.06323794428827009