0 0.5427082755906804 0.4453137272868647 0.3663156601939892 0.24359484905658382
0 0.4935629538012036 0.6123239520265442 0.3707875758719533 0.23411935400003833
1 0.6051014560991848 0.31237701737754825 0.335035125782305 0.17304397324201126
1 0.4850884234393734 0.7516421117804918 0.3180403143905177 0.1677466674783824
2 0.6435668240995338 0.21002583206374653 0.3735806084012754 0.17656693586656955
2 0.4230882588451554 0.8388707723770216 0.3488705936033573 0.15663671884160543
3 0.6358554502322133 0.12076877286405105 0.2924908580182786 0.12377798891495652
3 0.39068974551398006 0.9053041549419701 0.27267247968548464 0.1063915076026775
4 0.6268429419246954 0.06877132904897094 0.23071582102348304 0.07395244635254569
4 0.36406428230096605 0.9442331962965268 0.226159961188087 0.08102409525524533
5 0.6527968518782529 0.04907305692518349 0.1892628273060737 0.05593646202549096
5 0.3952150709376918 0.9747955990517241 0.19440629624349448 0.050408801896551836
0 0.36984121290733746 0.43426808778404463 0.3322955029987305 0.16335864384720722
0 0.3470428169857046 0.5358719910871501 0.337271083621287 0.16830622571373838
1 0.36417120369126094 0.3210075394355973 0.2942536853243523 0.17425875814572578
1 0.28470687576175835 0.6327160362990644 0.31795637023308554 0.16534282132453626
2 0.40019075345904764 0.21978833241929913 0.38294416054436387 0.16963517652270915
2 0.20355988609420322 0.7169812925063919 0.29590203406130977 0.15269408754052996
3 0.3723404918350471 0.12152328105607631 0.22767095602186443 0.12429332602447593
3 0.1754654001261277 0.7979776415532562 0.18630190646188735 0.1086811878512674
4 0.40457111685135827 0.05989759079882017 0.20768468937420656 0.10209915240450446
4 0.1888658799541774 0.8621342056964061 0.1587683247229626 0.07666179527765274
5 0.4417200832056677 0.02969676249011281 0.15982906435789537 0.03827020159553377
5 0.18676727601837528 0.92223035954256 0.15239622783574502 0.10049042247785586