0 0.3605413953914288 0.5559770700606632 0.40196164048612953 0.24443418640961803
0 0.3784125112729638 0.37105577816305807 0.35009446210636963 0.2213307306571929
1 0.31454777084930396 0.7099759752924475 0.37136010534684993 0.17876094768215722
2 0.2993258684158198 0.8347661409541889 0.3976483675781587 0.17712649410192574
3 0.2977406740920554 0.9346656458976432 0.339278996819718 0.12744084109835377
4 0.33176533479569276 0.9785366334732688 0.2724657239117472 0.04292673305346229
1 0.5560411450719805 0.6808777885369963 0.3588787381946223 0.1711996853235212
2 0.5498488860209538 0.7962973763113215 0.4308400773490079 0.17089418255226035
3 0.5836281794303864 0.9080633606383762 0.2386255492801775 0.12931085267042683
4 0.5645837386773409 0.9691274701054783 0.21406407013658188 0.06174505978904348
2 0.32603108717380785 0.09859468725219998 0.13233330090581277 0.08063015023231093
1 0.31359814454666723 0.21744518230874557 0.18047110520487294 0.12042063950282006
0 0.6281081051622781 0.5709874514274769 0.21233728704886884 0.1309453062506583