0 0.2817052069029151 0.3990640309907111 0.42288690978788723 0.2927772816003638
0 0.296640687139732 0.5951247598941001 0.4128093887895057 0.28478084616876664
1 0.25364173705880616 0.2399440034863304 0.37693802495953704 0.2101145464006913
1 0.29930972690745744 0.758708988098731 0.3551493641139227 0.20594468206421312
2 0.25052670241644626 0.12063470488533876 0.4147833815770797 0.20363874966554144
2 0.36464711123888804 0.8585914915925217 0.4093595074253915 0.1936309165651275
3 0.2728992620893317 0.049315811769640186 0.3551816471306474 0.09863162353928037
3 0.405113083099069 0.9174613431060001 0.32300737436465365 0.11484390770424414
0 0.788837880228298 0.2656031995033255 0.3476297347303863 0.2005483170289768
0 0.8014142540250435 0.3865314472881047 0.3500335808842324 0.20074454127149147
1 0.8079810124371737 0.5079502556791705 0.3208793361160808 0.19358215805362305
2 0.7969040383479551 0.624831130504481 0.3279368291166203 0.19176698462732106
2 0.7429443494051167 0.0615197714347997 0.3992819864270099 0.1230395428695994
3 0.7486601729704403 0.016214664557958502 0.35844888482835013 0.032429329115917005
3 0.8197424192151497 0.716226439594305 0.2696283395803166 0.17744221819158448
4 0.8382656847687174 0.7816700015981078 0.22241480804725017 0.14967549604534397
5 0.8532906444330839 0.8270733197792478 0.18435452474657138 0.11548213240762396
6 0.7747500901695179 0.8585928801551019 0.14164059459919925 0.08330016643872103