0 0.5314753653953356 0.47963872942853136 0.40045096348775605 0.26370118115621355
0 0.5061308933764894 0.6669548698801818 0.3883618068794512 0.25105204919367696
1 0.5906764685013424 0.3289420815489065 0.3663915474672808 0.19222591935341896
1 0.4962016438404213 0.8190321895754373 0.34952266888691325 0.1841325192212522
2 0.628487696659493 0.21917891921363883 0.4023653287680844 0.17969254601025927
2 0.4439113980879348 0.9169762081199456 0.3806747727122096 0.16604758376010872
3 0.6147141286846546 0.12353410482407938 0.3204107968522783 0.13694767943424152
3 0.40942623580425763 0.9658745581529872 0.29374472647493377 0.06825088369402557
4 0.5951407228424228 0.06363203214555938 0.24797375337715336 0.0778798107359453
0 0.3511938964407815 0.4713921346058677 0.3663775622994659 0.18982207319957267
0 0.33624717707979906 0.5871598015161087 0.3590960979988535 0.17742490171435854
1 0.3324238363927511 0.34304343666206283 0.3279300090057423 0.19021023553484048
1 0.2671509860021117 0.689275605364166 0.3447149765792209 0.18388055874393017
2 0.3533871637222562 0.2287926434253979 0.4143985447051298 0.18272629335741125
2 0.18600060123565648 0.784751892634302 0.33259784963528666 0.16642373447370098
3 0.3275454168908354 0.12410446630407115 0.2410698886075403 0.13038648540457723
3 0.16609235272101902 0.8738252913749129 0.1977167468314209 0.11369576418559947
4 0.36201659400669767 0.05982541053388871 0.219225495705703 0.0931949709489345
4 0.17850316818906412 0.9417628848759109 0.17592829460084272 0.08611963434534158
5 0.3955026181467663 0.03274298002899105 0.17081292860122493 0.03298305848340366