0 0.40377683562533456 0.4048721869898501 0.39450825633174386 0.2517404839829064
0 0.37239218221828946 0.5857201499310893 0.3746897917514879 0.23686980593760715
1 0.4209118683246241 0.24957233443552312 0.35320619034768647 0.18113374327692341
1 0.3209890756377173 0.7274082025963673 0.33348567499234494 0.16866691138547033
2 0.4378285603395774 0.12910027604182656 0.3915697795843105 0.17962509936752166
2 0.32869854051071223 0.8328976826642092 0.342121567358585 0.14485225040812003
3 0.49293947551927536 0.05128802650860028 0.30739027973068 0.10257605301720056
3 0.3497985253017403 0.9044535658768159 0.27295283977751833 0.09761256955726502
4 0.5305643554255989 0.012071161153311794 0.24656359684110996 0.02414232230662359
0 0.5820083634405927 0.45115669569978584 0.3262741365308065 0.16849906096463704
0 0.5603819283428617 0.5693368082201918 0.3335836242172594 0.17107075753931647
1 0.6431023616269564 0.3368610981724887 0.29281618882678917 0.17252345130844032
1 0.5885730601360062 0.6731487890187495 0.26470874431093594 0.1310426151500002
2 0.6621290521210124 0.22354462810005285 0.43233721497478056 0.1781724055983978
3 0.7211885588186802 0.129709697950587 0.25990105200324365 0.1309307148694447
4 0.7339383186313272 0.05256282046639896 0.2081469428485866 0.0985057619236113
4 0.3589506961705024 0.9450671748609505 0.19706231985948527 0.06222426905480779