0 0.647872991662362 0.539567713943286 0.2691453197155411 0.42270162944462963
0 0.4609887767994115 0.5615218206421427 0.2539385162544009 0.40520294076365243
1 0.805660797541312 0.5394458112272341 0.18769113889244665 0.37333384169925526
1 0.3135177683370761 0.6021172447045475 0.1968586797717952 0.3641663008199065
2 0.9124111652978433 0.5270840698012811 0.17517766940431356 0.40905565120492055
2 0.19477763885953803 0.5871706381632967 0.17153598141957763 0.38697319208426906
3 0.9667776060944042 0.503460490874332 0.06644478781119154 0.34045709422877696
3 0.11324114429961075 0.5692867140679833 0.11462077241063785 0.2979715899976092
4 0.9969936244184947 0.46840713304537324 0.006012751163010622 0.2559273016477825
4 0.0672321845745068 0.564202433352616 0.0941584329057695 0.2706335948332295
5 0.046045412925927454 0.5748254663740817 0.04999351466446664 0.24938752879029805
0 0.549064866067871 0.13949213495051954 0.17505280905881876 0.2789842699010391
0 0.43641997963912876 0.1493067651277675 0.17332072850902674 0.298613530255535
1 0.667999270216251 0.13554716899037567 0.1773446942786559 0.27109433798075133
1 0.3253688795563411 0.1590934050715132 0.17080492142117157 0.3181868101430264
2 0.7841676121389296 0.14974301011808697 0.1837198396624745 0.29948602023617393
2 0.22055131672618694 0.18365705319182238 0.16622115098149715 0.32436123115026
3 0.8698663666723234 0.1294749452840606 0.16280965642156994 0.2589498905681212
3 0.12920516288003311 0.1879115686841648 0.14805069669646598 0.2947313507660431
4 0.9223031383209028 0.1156923298041879 0.11579304829038506 0.2313846596083758
4 0.06653722147901958 0.18721678373762987 0.1272524743895706 0.2601818171401249
5 0.0396207367808474 0.2041293344787335 0.07028459884097388 0.2215490233502253
6 0.03328186644890016 0.3007870048356202 0.04618684290816025 0.1676567595595288