0 0.30433351014997007 0.3681011904910514 0.38960261479913716 0.25143589053289783
0 0.2726550090681815 0.5563006382852465 0.38248902556251313 0.25362990234848554
1 0.32151751746171686 0.21153643898366362 0.3533041395726009 0.18555281746717858
1 0.2269186955850242 0.7064931886841299 0.3264700349806354 0.17516804027817928
2 0.35967702796162765 0.0999802889948674 0.3888720857557209 0.17458275838924048
2 0.25341815817667346 0.8221704450132148 0.3862723411520459 0.1697051213021286
3 0.3960244778006211 0.041008887264888126 0.3233356597833731 0.08201777452977625
3 0.26926967914789424 0.9045435790855509 0.29007361052918473 0.1068811210586139
4 0.4642626877450008 0.016738480825249726 0.2589746245099984 0.03347696165049945
4 0.2876454377323831 0.9544298176912543 0.24543309061115165 0.07196826887521669
0 0.7822622133966818 0.423823773068688 0.32617618730589204 0.16795650181664085
0 0.7548710359766215 0.5362670946270195 0.319062598069268 0.17015051363222858
1 0.7465637039499587 0.6517566271807642 0.3501166996194392 0.16625210345699004
2 0.8083943128404775 0.19496877499736678 0.37243695957845585 0.18370852954868852
2 0.7384032957606677 0.7636403905037394 0.3962795226670882 0.17960028503519146
3 0.8228847164670771 0.10450979272074824 0.303757978121961 0.14809622957109608
4 0.8477292140393616 0.054566471162416745 0.28296002129256065 0.10907513287420155
3 0.721509045980222 0.8541693175597775 0.335399775021619 0.1586208963189342
4 0.7045882638218266 0.9158870631593715 0.25990105200324365 0.13241414661846782
5 0.6960054362114859 0.9497507436514764 0.22350462755179296 0.0641272273989027
6 0.5840306916078108 0.9578108682021758 0.10532436911367345 0.05108454859196216
7 0.5316133801132602 0.9773435271135414 0.06298974612457214 0.013837795034137802