0 0.5656089647891817 0.5759774753852793 0.39859453546282353 0.2522935675216267
0 0.5927943731296055 0.3955491621686698 0.38885327297536054 0.24502608838882894
1 0.5713999706593412 0.7261689119133121 0.35883225898980736 0.17755057406735922
1 0.6313696228788677 0.25110861542067864 0.33964344904973104 0.17984253887868687
2 0.5659060333473946 0.8343629665881113 0.39480603271611403 0.17295265927688883
2 0.6236843656353532 0.14058763301501476 0.38510672951934394 0.16808902629793726
3 0.5416848382929927 0.9138227487592748 0.3290630007484113 0.12449813666896639
3 0.6059431512241795 0.05695768570445617 0.2976871228763329 0.11391537140891234
4 0.4965003765050608 0.9549468589792333 0.26829549825117216 0.08568696901205787
4 0.6029038324177635 0.025071761246457637 0.26534618131831916 0.050143522492915274
5 0.4925589329487489 0.9741986059617247 0.2363741496000869 0.047043623368927055
6 0.5078902179138991 0.9909346254478516 0.1660751810688488 0.012984207348451694
0 0.15755409153484093 0.48944760914102403 0.31510818306968186 0.17975862787179808
0 0.18093337100657197 0.3751110799873689 0.33230603271611403 0.17258904491370414
1 0.15053745317359762 0.6024633412913303 0.30107490634719525 0.17488100972503184
1 0.19009601648532706 0.26329027833007845 0.3273724625363433 0.16534953611653597
2 0.16642029220993199 0.7117404451166267 0.33284058441986397 0.17748064822828516
2 0.21587578858754108 0.16339081126731506 0.336945887861035 0.163001630633949
3 0.14879614260984514 0.7947710335990225 0.2975922852196903 0.16045793280195506
3 0.21740730269782943 0.07565042665193043 0.3005944805184929 0.145964930039804
4 0.13432365821949088 0.8573199816863742 0.26864731643898176 0.1361957085784564
4 0.23129980519506857 0.03814687218570554 0.24893885114832442 0.07629374437141108
5 0.1523456799513015 0.9112806536375795 0.21334271103825328 0.10459607938308689
6 0.28063675450187453 0.9285612933133341 0.07362591908032648 0.08695801657290539
7 0.319796704552022 0.9571766918905438 0.05848953421547151 0.04600872095063206