0 0.4914624283706223 0.6188931256465156 0.28355164625562573 0.41847183892616013
0 0.3006675757444002 0.5916629279083396 0.26196757085368066 0.384258434536958
1 0.6508644576902385 0.6644797828727173 0.2122097147973463 0.35882107741010627
1 0.1484941182026926 0.614935609963851 0.16014909255250634 0.2661459727549818
2 0.7781254805374788 0.6874525978024302 0.20578810284284324 0.4042143752155052
2 0.041336997792567644 0.6475660080799874 0.08267399558513529 0.1519061974946615
3 0.8791710656479877 0.6891883554611264 0.1536769406153329 0.3451231719348073
3 0.001438149640344527 0.6003541460096812 0.002876299280689054 0.11416983048090087
4 0.9320891876989033 0.655801426598167 0.06555862606280052 0.2513988955883902
0 0.5102553710737288 0.3845880704259352 0.1933656721451296 0.329485310108016
1 0.6347763611712405 0.41229863288392105 0.21148680162291128 0.3827895941691484
2 0.7592720812774172 0.4231472998752739 0.22357304572474243 0.4527109669689454
3 0.8757240331073147 0.3940177538207775 0.14712130199562878 0.2513731719348073
4 0.9362909601809917 0.4234805488549156 0.08741187472802746 0.2208483433825853