0 0.5013136179940895 0.5532418067282879 0.42352478286111056 0.268761366714559
0 0.5829822744866817 0.3726635876585252 0.34972692394715044 0.24659212073635628
1 0.4738965872537051 0.7160401428499328 0.3844028952368942 0.2048900775657569
2 0.43411435046681074 0.8422155335489061 0.4202502782572645 0.20395546978562742
3 0.394406756977281 0.9264705403929435 0.33879084100641 0.12159212073635627
1 0.25337257891624054 0.622028909213878 0.3715424273183758 0.19478494682579986
2 0.21447189607015732 0.7400357114366758 0.42894379214031464 0.1976254743483188
3 0.1317102863038478 0.8353753412698146 0.23752854926424477 0.1414187656034966
4 0.1361131607328365 0.9082518774500072 0.22361653490911662 0.11929440409430907
0 0.23567281729814912 0.49580045375900517 0.21108624157193703 0.14034132412943762
1 0.7066888173708695 0.2454638202413923 0.16111653490911676 0.11674772424653333
2 0.7524207368953706 0.13341765879075249 0.14762513912863212 0.099431055045038