0 0.5998031735983586 0.4729349348225772 0.3593618161873347 0.23566300688789107
0 0.6128573067858843 0.6518710966438022 0.34488279859299836 0.2247857665485749
1 0.604917738242827 0.3196145541947282 0.32534435567030384 0.17021867686538392
1 0.6437025382744046 0.7915191935045572 0.30843352158649207 0.15432343493105366
2 0.5946030952367026 0.19858100935313278 0.35898421665633506 0.17075916073404487
2 0.6274210367422586 0.8837970284933037 0.34921499519498767 0.14347561589244945
3 0.5664553984261391 0.10962399101046899 0.2890209451741302 0.12139096063247806
3 0.6122016066088878 0.9519955401292731 0.27686186272675156 0.0960089197414537
4 0.5241293651292577 0.061472424636181335 0.22614334564313082 0.05101907300826167
4 0.576381662154047 0.9787007344307331 0.19258739566398816 0.042598531138533687
0 0.40291854425191814 0.4953530348006403 0.296358350146002 0.14365650387905923
0 0.4203747998805071 0.6049982767349708 0.28677093586624697 0.14762295903746386
1 0.3878171866898236 0.3775046406151702 0.3132971545654434 0.16435943812108206
1 0.4185863011105119 0.7105571982168796 0.3204247820200931 0.1505672890599709
2 0.3583486928759113 0.26800977532115317 0.36370799795713865 0.1567567023856119
2 0.3591264723999314 0.8146744660338313 0.3396975067543067 0.15946130182008472
3 0.35178666336261144 0.17253207902592527 0.29873422596421856 0.13905912085868888
3 0.38719025820360603 0.8892084074534181 0.2842552083698824 0.1281818805193725
4 0.3489422844225992 0.09660061589244948 0.26014682099234687 0.11405955687692258
4 0.39714128684654576 0.9477419522950133 0.17099473578281715 0.07022042093831861
5 0.34505681183553405 0.0482082288845435 0.15399999069211662 0.039902102080911384
5 0.41426189844757955 0.978663957804843 0.1446503242652131 0.04267208439031396
6 0.43720332566772896 0.9979546596826208 0.1324213159787604 0.004090680634758515