0 0.41654767438143403 0.4438922219151171 0.4333470876012622 0.25967937426805593
0 0.3354310616512338 0.6257752624514954 0.3011860891223942 0.22300422053920954
1 0.43681171342474523 0.2742252425779911 0.38743890404764364 0.186612837267949
2 0.4696750731051162 0.14746381809829018 0.4260685358071232 0.18991188566623968
3 0.5066149752437794 0.056123693886431486 0.3473469725893642 0.11224738777286297
4 0.5609871603185298 0.01671100304017076 0.28187183320909415 0.03342200608034152
1 0.670136410295833 0.36959176701175156 0.369771514481015 0.17420195551677387
2 0.7106568116739305 0.2534518247333862 0.4667658271245668 0.1884591918971157
3 0.7765269143077181 0.15232143091196515 0.24191392841601564 0.13042716360694465
4 0.7775184407789949 0.06950063888482841 0.24006490213866327 0.10398485591463695
5 0.7651712600888468 0.022989314796633967 0.14675216869988633 0.03941470072435909
1 0.21149895806295588 0.7678559710377668 0.12725222620583515 0.10375904547542748
2 0.20591837256459833 0.8819827132051814 0.16744523762945532 0.09509481324476518
0 0.6981508942936863 0.5009360782989845 0.23297091699239575 0.13981874766121813