0 0.39070950017566075 0.6395222373369515 0.41612494031914393 0.2710623244378327
0 0.33813113757930024 0.45456726693278793 0.41131724801145164 0.2708944361229685
1 0.42520380308402006 0.7925709216875005 0.3605438991428906 0.20199180482406667
1 0.28477037057913485 0.3069978281493879 0.34557436451136897 0.19427660141793554
2 0.46215574627210404 0.8985347456444693 0.40031636834138584 0.1889957785773351
2 0.3010852792899223 0.18832795295788948 0.3907009837260012 0.18866000194760674
3 0.5151687201003224 0.9460927365709578 0.33275195914648736 0.08833948233384074
3 0.30534509448089325 0.10141174271098355 0.30478070539715574 0.13051743905645424
4 0.5709857079719358 0.9670405314902742 0.25477182955710675 0.04006413653036899
4 0.3190933552519224 0.0477869225900214 0.2595077963636276 0.0955738451800428
0 0.8282920600107418 0.41564015511716285 0.3434158799785163 0.19204064357895356
0 0.8407917006203525 0.5358324628094706 0.30674852091086724 0.18812580259132985
1 0.8597808455226552 0.6438223842118411 0.2804383089546896 0.1940247689456393
1 0.8159712839160729 0.2968596308953585 0.3680574321678542 0.19271219683841026
2 0.8590715860282985 0.7533652725267053 0.2818568279434031 0.19676439172921378
2 0.7820187312533419 0.1896099397040345 0.3910652888649645 0.19346769425529906
3 0.8830562534408813 0.8391902087269941 0.23388749311823723 0.18091426412979125
3 0.771764393236495 0.101995471324798 0.35890452601755657 0.18035718943945112
4 0.9075142336524612 0.8768962497716437 0.18497153269507757 0.10728788468062934
4 0.750201503353051 0.055486833315610364 0.2840568528599482 0.11097366663122073
5 0.7298046737959444 0.024194861236894325 0.23845550143804262 0.04838972247378865
6 0.6126716776259612 0.018032624743256936 0.12438181679038388 0.03606524948651387
7 0.5598960699013794 0.0040712406860564845 0.07171521672583576 0.008142481372112969