0 0.33564138471476684 0.6185462123585991 0.4509628363290462 0.2526589559565007
0 0.3204748362864515 0.4235130041497181 0.4114229796405151 0.23538449236153597
1 0.33071377236845645 0.7892892174876202 0.4062463151886877 0.19208729030992744
1 0.17451544156231294 0.27988193335943934 0.12379623451742078 0.09512059283650275
2 0.34899167062781944 0.9134064379620974 0.43191839557600065 0.17318712407580522
3 0.3869767736036548 0.9775978584806284 0.3396193707584407 0.04480428303874307
0 0.5337419233182824 0.5679272708465699 0.3781095074253915 0.16533729851146622
0 0.5222904498679604 0.4463092698183182 0.3729937241957012 0.1604736636390188
1 0.5752414736916813 0.6898949129045415 0.38159167180623044 0.1821921928707669
1 0.6156373523014446 0.3223022503427233 0.2273765458159415 0.13716077131174692
2 0.605692648181274 0.8153424534225834 0.47564976272822845 0.18809076519118598
3 0.6699821548967804 0.9195329908681074 0.24824093389556212 0.12539328208391473
4 0.6567467019479203 0.9759114903539815 0.21446532529744153 0.04813454977230636
2 0.15380325653803517 0.17138718668901995 0.10364119252065787 0.080473745654405