0 0.5459966451476603 0.6482088391178583 0.2415407267998352 0.3876789543625388
0 0.36905628428520826 0.6292362061825718 0.24126094768215722 0.37806356974715416
1 0.6904501105434794 0.6708424548180691 0.17806149988796213 0.349289141402172
1 0.2192355683463407 0.6261976648520934 0.1726942493449137 0.3296940670324396
2 0.8008521716718537 0.668473052006532 0.16723133036886287 0.38924376317014864
2 0.12232157835500687 0.5771755355854532 0.16200396938465364 0.3744563811081086
3 0.8875654951588642 0.6559059441205799 0.12461732626799077 0.32605101564280786
3 0.051198498487752486 0.5370581120315644 0.10239699697550497 0.2813245643177247
4 0.9335404617625372 0.6008534292774784 0.09621656475193692 0.25673964507081837
4 0.023180626713173582 0.5062276307046827 0.046361253426347164 0.242352430898327
0 0.6398849441706326 0.1829721126556101 0.16265919605301185 0.31454237983143624
0 0.5285957114727231 0.17461528405958024 0.16746688836070428 0.3149066849703994
1 0.7508244529714448 0.20334817202087066 0.16697727490476774 0.29807976189347624
1 0.4249376859128691 0.1608906322969504 0.16342858862662651 0.3217812645939008
2 0.8590674746739413 0.19978536258207014 0.17273847047075025 0.3995707251641403
2 0.3194482342613163 0.1650801413950266 0.17360353147736737 0.3301602827900532
3 0.927589951885348 0.22833042034077256 0.13600705402244573 0.3053271631056004
3 0.23484611598368274 0.1427541978913472 0.15530776803263452 0.2855083957826944
4 0.966401214243984 0.21339674845983658 0.0586643084228517 0.28507520395911307
4 0.17050182806519265 0.1243707219903226 0.132414146618468 0.2487414439806452
5 0.10474578273152096 0.11267993360946932 0.14345415047582563 0.22535986721893864
6 0.07536579430359389 0.21255681263762644 0.10693256836577959 0.1304287143338616
7 0.04865656932039956 0.26495018384795216 0.059440927177795436 0.06446781551371163