0 0.4121286409120605 0.3985823688784688 0.22580012337791502 0.37612073426435155
0 0.5995050360621301 0.41866113698408625 0.21781835761138169 0.3639756256230424
1 0.2551245551154281 0.34661812812028153 0.15501026668938395 0.3580769917573364
1 0.7527350080642883 0.41173114697304286 0.15346981207939445 0.3340385302188749
2 0.14556506904336056 0.32309534465448875 0.14545576329613638 0.3963287337654107
2 0.8622479120169247 0.45326179694733537 0.1323582142999129 0.3792920142350236
3 0.06146089426981376 0.3408365590656625 0.0967949413919422 0.3114388511483244
3 0.9440395624698312 0.49310799200173727 0.08742676647641846 0.2776591271223997
4 0.9813279961311303 0.5168466552131716 0.03734400773773945 0.2533269505490884
0 0.4235690599284458 0.8393944230743882 0.15223744839140269 0.31480776098810553
0 0.5457335180026713 0.849888223025508 0.1469676197007135 0.30022355394898387
1 0.3041165389300643 0.8301058997235546 0.1480459379277062 0.32433922702210466
1 0.658945355424939 0.8533200718013286 0.13719818962433003 0.29335985639734286
2 0.19258490247607896 0.7945429058431847 0.14228168983729544 0.3842675437054872
2 0.7621566945793248 0.8518183503973783 0.13750628054632805 0.29636329920524346
3 0.10946772409631912 0.771481674575013 0.1277368504699443 0.307176629619639
3 0.8512064656132003 0.8730692488735807 0.12286827694011475 0.25386150225283843
4 0.07361065936905667 0.755248264859967 0.06650149717466061 0.25088114510454945
4 0.9218422768407326 0.8881846540930893 0.10178896217735801 0.22363069181382128
5 0.9632721741062565 0.8910710320899031 0.07345565178748686 0.21785793582019372
6 0.9775340560169814 0.8026525917767068 0.0449318879660373 0.16248430819124865
7 0.9970039641934302 0.7393283023160192 0.005992071613139689 0.09450526723247094