0 0.5578819760194285 0.34370982398375916 0.24383515752436852 0.3958579966296718
0 0.35632077360399605 0.3522925118253071 0.24355514133460907 0.39105030432197946
1 0.7249374294412912 0.32810332145601306 0.16749582152170078 0.36243970846766704
1 0.19207733635017382 0.3402897559735323 0.16156806445497032 0.34306904967805874
2 0.8435077897720364 0.3387771264988172 0.15827675265006527 0.4101669076474926
2 0.07693829591921324 0.39472963142283274 0.14768131137052237 0.3930602054528914
3 0.9350058059835151 0.3594988466603145 0.11080727903444162 0.3367925170025568
3 0.02015379769316319 0.4202755188094782 0.04030759538632638 0.3261279606958795
4 0.9592898424756314 0.41799551931594653 0.05201861512398573 0.27508763322975416
0 0.56432795626005 0.8444072492231564 0.16313186203953778 0.31118550155368724
0 0.43798602508824713 0.843825580424882 0.15592032357799931 0.31234883915023615
1 0.316171770034377 0.849253527011223 0.15748412116256694 0.301492945977554
2 0.19866332468567502 0.842802132387172 0.1484287689267014 0.31439573522565595
2 0.8080846201922248 0.8179088698556195 0.16098432353456113 0.36418226028876105
3 0.8966769076473331 0.8315398643836959 0.13216187822929754 0.3326143277096399
3 0.10365325183175708 0.8631077969628168 0.1411009309111733 0.27378440607436644
4 0.9320345594806265 0.8446082668442193 0.05836639647535554 0.30166983048090074
4 0.046318332346172185 0.8814642564508423 0.09263666469234437 0.23707148709831544
5 0.011754433575607544 0.8968444497228739 0.02350886715121509 0.2063111005542521