0 0.6078917708564823 0.42241091444472684 0.36671320632702104 0.25178029468722585
0 0.5779967294242185 0.6045479215151759 0.37637054644585 0.25960801499276004
1 0.6508471367050295 0.2670708881080143 0.3592359496770015 0.20564508138115212
1 0.5723149641281016 0.7550963970525585 0.3326957458099902 0.18712365823324062
2 0.6767658019594317 0.14886687230598683 0.3808006392225428 0.1950122597609119
2 0.5176760115378786 0.8535143430019579 0.3613880628101812 0.16252989607292015
3 0.6509388416509749 0.05706551155691787 0.2891607968522783 0.11413102311383574
3 0.4812477122830941 0.9195269479938654 0.2745838830832386 0.11131118255388099
4 0.630827808203023 0.015075226595109664 0.25276746051703086 0.030150453190219327
4 0.4366227215909776 0.9488190967146537 0.202188795111558 0.05861289564698916
0 0.39998005630051203 0.43213007759036726 0.30615554194297895 0.1686022350853289
0 0.383739708916661 0.5389006038560912 0.3133810655723322 0.17146821762217193
1 0.4006793146912519 0.31193776989805955 0.3255401480197108 0.1962769064656282
1 0.3794976145503185 0.6485066720475897 0.2725016957891328 0.16644559863134353
2 0.4386451810505144 0.188155834483345 0.43615902660007844 0.21057453613311866
2 0.35853348586566397 0.7411622123122347 0.22657688584538946 0.12024950410313277
3 0.39361542184691817 0.08050577516540205 0.24590555125086233 0.13830879086804732
4 0.4180384755002866 0.02941943838203099 0.19757689515327298 0.05883887676406198