0 0.5100636689977056 0.3874853298255782 0.2541951867311826 0.3739107596207447
0 0.3299021464945705 0.41856830916695004 0.2545594918701457 0.378718451928437
1 0.6553335595194857 0.3253691205853357 0.18969150846688537 0.3471048375652523
1 0.17958861696973788 0.43626231264839055 0.1882342879110327 0.32787406833448307
2 0.7637619339214923 0.30551601138680795 0.1778185675165504 0.38067477271220973
2 0.08107246504573767 0.4909362281581504 0.16214493009147535 0.3782569413905488
3 0.8477143967366261 0.3074303766671363 0.130942148108274 0.301110101782435
3 0.02805949121751923 0.5370078823639491 0.05611898243503846 0.272138081425948
4 0.8970111742657649 0.3227616881430256 0.08475847622733787 0.26239683030023025
5 0.9250197101739589 0.31779316640546307 0.08107956208712061 0.2455559220554924
6 0.9471828518917262 0.29483775401749884 0.05121221832524889 0.1684929934542675
0 0.5414887245258041 0.7813594772770701 0.16098880562307427 0.22199295622273388
0 0.4276151238229199 0.8096540183496889 0.1572740287322712 0.2363880628101812
1 0.6582215528062385 0.7470413356520211 0.16171741590100033 0.2316083408381185
1 0.3210441378663148 0.8367046808419403 0.15745618130175293 0.23879190896402738
2 0.7608956093025591 0.7079994127261686 0.15869538653753834 0.2868548468731358
2 0.21796991348044542 0.8493182812432999 0.15410570954991315 0.257994707859167
3 0.8426995234427762 0.6907039865274498 0.14634771337992994 0.25074121389418436
3 0.13137623840782878 0.8822596851937408 0.13767895436253894 0.23146848915997062
4 0.8960395202510956 0.684386697450909 0.11975911586872648 0.21694751606219007
4 0.06769224670619853 0.8982482995569255 0.12347389275952926 0.2025524094747427
5 0.9276358940147659 0.6637791905455317 0.05802358889723836 0.19496327148220488
5 0.036432831780565285 0.906941464451683 0.07286566356113057 0.1856415753909309
6 0.9265816801650153 0.5508543619860217 0.06960395020978155 0.09411361436318472
6 0.018832469987483814 0.8373697776682925 0.03766493997496763 0.16382515282472318
7 0.9430636488865447 0.4918902053777169 0.042468894990133066 0.0531083780696521