0 0.6487427366121092 0.4444959184430667 0.41105689884336083 0.25839824254232535
0 0.6832789967590227 0.6331159832021048 0.4062492065356685 0.2581182263525656
1 0.6576227762332711 0.2895059912969847 0.38432045315336383 0.1946381696884073
1 0.7258854252030384 0.7887122382342558 0.3548856265796661 0.18574653408831174
2 0.6409924741310284 0.17370135162772993 0.42660856271002134 0.1851390846270124
2 0.7160734196129734 0.9029767888598331 0.4117930373019151 0.17949134375004133
3 0.611386199302734 0.08943858241867984 0.3285416293746986 0.12679415354208604
3 0.6989028065625253 0.9644069451206511 0.31073358508520216 0.0711861097586979
4 0.5688774862478096 0.05227267962239443 0.2627549724956193 0.053582412708553386
0 0.20962358906223885 0.4871040362749251 0.3354586331063822 0.18222262317542742
0 0.23366165386853457 0.6057325463826652 0.3276584219172997 0.1745910604292496
1 0.19490657250755575 0.3654297893159347 0.3450740177217668 0.18278265555494635
1 0.246686186740008 0.7213271739096002 0.34708541539058363 0.17811497134213392
2 0.20241284406503202 0.2522271536724008 0.3785316396330982 0.18233892272941699
2 0.27715089303778356 0.830760323686595 0.3607235953436018 0.169339635296028
3 0.17952754709198923 0.16237479336337465 0.34688919114806893 0.17571112518828777
3 0.2807073086587997 0.91829069615966 0.3260886279771823 0.15536029119848038
4 0.1839429892807351 0.09923290266597062 0.2868421925455852 0.14350477706501946
4 0.28853189910363436 0.9603128299206484 0.26407938694955185 0.07937434015870327
5 0.20393427622581084 0.06570721033655919 0.21904413799768913 0.07496072044429934
5 0.29930005155227196 0.989859024241201 0.22812000512919978 0.020281951517597954
6 0.34308759440695086 0.05586883773317945 0.08045511328834096 0.047749489805383336