0 0.42405373379239586 0.37304706262545173 0.2946245407064328 0.4333373313176207
0 0.6228622856589932 0.40062304931936654 0.2914920842746604 0.4236939754198585
1 0.26044732492023814 0.3254299815771311 0.23456424961086453 0.40141602054055825
1 0.7994373897149285 0.3088450247269879 0.12868175295677028 0.17682339078489442
2 0.12268155249778823 0.3178120174558033 0.22731684839874042 0.43255413541104776
2 0.9221246198458231 0.3090696370513228 0.09954301947282464 0.10923598565342606
3 0.04612703893850426 0.32271676718650316 0.09225407787700853 0.35216430360377554
0 0.4024700737171058 0.5785059805733539 0.21719086882549676 0.3940086831023763
0 0.5273969288076579 0.5968013959751013 0.19963533547064735 0.38419749951034865
1 0.26823692561597723 0.5877708820937044 0.21664441111705202 0.386797144640838
1 0.6221100663726677 0.7121868534250309 0.1587671120387094 0.2252079979679712
2 0.13584323458495715 0.5886363077167821 0.2265523753702285 0.45416077951328554
3 0.04337398020443459 0.6245253302648948 0.08674796040886917 0.23943527591440492