0 0.600312614051013 0.48999625706334854 0.4279571654883579 0.28626524936820397
0 0.5853429881672814 0.2968251732117996 0.3863080543349102 0.26681955345429864
1 0.6299588859230156 0.6510700908794032 0.3740056073033091 0.20851106391799507
2 0.6430877842502937 0.7808473425760268 0.4172748380725399 0.21128388221597633
3 0.6383294445549107 0.8830108041144883 0.3622629649417534 0.1622218051509224
1 0.3740348982025808 0.6399087244370606 0.3811051848308387 0.20656935414714567
2 0.36695502609018454 0.7661876702444832 0.45322056944622335 0.2111907179771147
3 0.33279072787860275 0.882218908084163 0.25386596615065843 0.1504820670982771
4 0.3625555885393095 0.9378316020529847 0.22691652032796264 0.08644161248828762
1 0.6552883902788806 0.1329642219950575 0.2222800833486314 0.14126793764375217
2 0.6521930731058471 0.03763503594854684 0.17537543615145523 0.07527007189709368
0 0.2963083893263075 0.5334444466876784 0.23748688680977145 0.15901913348666896