0 0.40573978146495965 0.5470521164494431 0.21327641857885082 0.3882479096459101
0 0.589613032588844 0.55763467113894 0.2036610339634662 0.38763172780191435
1 0.24754748750873462 0.5633274237158197 0.15039878496261536 0.36260811227532186
1 0.7378691639573108 0.5911469285288374 0.14040576673099528 0.34035731504671074
2 0.12880885863750702 0.5701252503194483 0.1317134865108529 0.39262574858733035
2 0.8431768425289204 0.5714826211204838 0.11231488011731236 0.381778000283954
3 0.04663751685446305 0.5396473200300992 0.07993197926860594 0.31487156313712145
3 0.9162004351863782 0.5593540846040288 0.07968022352444902 0.3004484862140447
4 0.9653953627588389 0.5577043242468152 0.05463473900935949 0.24121572391174723
5 0.9880883972263155 0.5775046932021491 0.02382320554736895 0.17988720637760175
0 0.4339057735990366 0.37237201513473717 0.13597570803953843 0.36168383950932825
0 0.545852456915654 0.3891505136865732 0.13344598401361388 0.35431825558679075
1 0.31546694305483614 0.32756417216117295 0.14458406967829518 0.3046077136610164
1 0.6616837281447215 0.35335248777579176 0.13783408341437783 0.3305878849703271
2 0.20254911276010618 0.3239298047249913 0.12960335539185655 0.4092986262032544
2 0.7722877141591684 0.2932079094045509 0.12050364884914061 0.3006634128971806
3 0.10907793144178698 0.2651144390919161 0.10026585664174356 0.24173874151688132
3 0.8599651598385137 0.29522479950024355 0.09246688811050555 0.20762275898003824
4 0.04334979582725324 0.2825128042990602 0.07100010988866143 0.2158517344464323
4 0.9254983953527525 0.3354417192549076 0.06543715034849822 0.17227441275520364
5 0.9717981318674076 0.3578304204361555 0.0564037362651847 0.17212036729420463