0 0.30944060158093323 0.6413024313176284 0.3816123229612268 0.25380862929508596
0 0.28790155564254116 0.4579107468718485 0.3790965158733716 0.2513488330009619
1 0.31435031304059174 0.7942264127882481 0.3520351091166668 0.18588548544433792
1 0.24522840459522666 0.314936845919231 0.33028853279804243 0.18297808802799176
2 0.3442798011749645 0.9008069205915066 0.3852411115344769 0.17705340279284235
2 0.2805386454167271 0.202655453441934 0.36556249856767165 0.16699041705523532
3 0.38229018197311926 0.9561742826451389 0.3336933995032746 0.08765143470972211
3 0.2965324893432778 0.11759866568178445 0.293611741425953 0.11729093991025664
4 0.4388628803253369 0.9813037719190173 0.25933879620770955 0.03739245616196549
4 0.3158785334354036 0.06390377820219043 0.2443032480749308 0.08972962941239336
0 0.7575669485297466 0.5783358995767102 0.32307699433650383 0.18281023760715834
0 0.7472600928951745 0.4637895313572122 0.3130137659850834 0.17297105243066263
1 0.786070591719178 0.6896961246175219 0.33761203219359004 0.18554978460267135
1 0.7441087952551365 0.3506129366354707 0.3468915340069476 0.17856204670224385
2 0.7445072863788632 0.23872219020106902 0.4170509162045221 0.18979998538568404
3 0.7363507078329434 0.1555097471919878 0.3461078074688845 0.16173512362532078
3 0.7933248549383307 0.8956166217533126 0.3064146987332468 0.1343976136885687
4 0.8110441515599782 0.9285161459524579 0.2865121638984237 0.11952693564326958
4 0.7250065565951143 0.08906827711955188 0.2558219685684685 0.13081881458888908
5 0.7108930292042359 0.05625267813082324 0.2272524031299897 0.08453028612275659
6 0.6283522001655751 0.0459089367527783 0.1615648304380804 0.06619270925833348
7 0.5509549462366338 0.02846555719375046 0.07116703060365559 0.03287255406805562