0 0.5978198263056387 0.5765571478287688 0.4098986721373357 0.25408579654082897
0 0.6270414519330385 0.38678439272322573 0.38518844499482 0.2384029172311404
1 0.5867126744962656 0.7378038104944526 0.36589838136969877 0.18463644017589714
1 0.6711306842922033 0.23819708363936248 0.33638046191949084 0.16870160038888612
2 0.5618278780980414 0.8602058831729728 0.3996641884575538 0.1888040096709993
2 0.6626678701414327 0.13672651341353728 0.3861894655462059 0.15692410847769353
3 0.5307688388415358 0.9349719636098837 0.31815071324010746 0.08621494972615004
3 0.657669217090246 0.06385013655654362 0.3019955557672385 0.09975616497859882
4 0.6391958411277113 0.028240976499245743 0.23094048609759182 0.056481952998491486
5 0.6224545457149688 0.007907880180191389 0.10974052999920293 0.015815760360382777
0 0.3994498520736741 0.536595728526206 0.3432561175790022 0.16186800264333115
0 0.42290880352695726 0.4190643382747089 0.3506915779085587 0.16705363566700696
1 0.3472007272412415 0.6544369585647138 0.3560590748862961 0.17932482691356016
1 0.42582310173853916 0.30500762620567773 0.3480638098866945 0.16211996312065347
2 0.32969541070556924 0.7728553212964813 0.4306902665895359 0.1856340604659021
2 0.3809403792082205 0.18746090352525435 0.35561123115026005 0.16970944229817542
3 0.27943193548812284 0.8738066381387356 0.294507428898025 0.14492532094703137
3 0.3847470509645269 0.10573013429448512 0.2233403982943694 0.11002189402585756
4 0.2690854908743321 0.9414922711624114 0.23172421263565496 0.08408350728819432
4 0.4222898826115124 0.04621111314159065 0.17872763631703054 0.0789080958838029
5 0.45069150664897784 0.01661584907673747 0.156309294394352 0.03323169815347494