0 0.5685935085926478 0.3423199641160192 0.38205130922429514 0.2237643397243206
0 0.5560362489283297 0.5301699843532186 0.3701999667699287 0.22787199155761412
1 0.5990804030475378 0.1906094945043971 0.35815020158901345 0.15760042071655664
1 0.5710545430816525 0.6840279924698176 0.3315400055818417 0.1512526393651869
2 0.6162889043717157 0.07565675767486606 0.403487501882362 0.15064518990388762
2 0.5358591676823444 0.7988288669340238 0.38864470417212466 0.13778591056537828
3 0.5960966068692879 0.023176947578753666 0.31261447856911645 0.04635389515750733
3 0.50673064695221 0.8772920329007783 0.30780678626142416 0.08989641266511501
4 0.48569507833665093 0.9300947899675086 0.25425061761735207 0.06758546534699104
5 0.4895793849125903 0.9562570814700568 0.2220772318855991 0.03932305242124638
0 0.14676813974898476 0.39856140905205784 0.2935362794979695 0.1596079511266536
0 0.14218174550190438 0.5152879556084761 0.28436349100380875 0.14250101185997094
1 0.14762284852914778 0.2760352592533439 0.29524569705829556 0.1498525584163892
1 0.1371622780312266 0.6282687248392453 0.2743245560624532 0.1369932790778798
2 0.1711462074559851 0.1629963402455798 0.3422924149119702 0.14516116566268658
2 0.14426697152656975 0.7370136884122863 0.2885339430531395 0.1378333276471585
3 0.1629159014382299 0.07581598800971424 0.3258318028764598 0.12721417782672534
3 0.125803137379721 0.8243921985200265 0.251606274759442 0.12117012120600525
4 0.18118131285853012 0.0375574129800425 0.2644536113347613 0.075114825960085
4 0.11316767786618652 0.8886541539764686 0.22633535573237304 0.10761080139309726
5 0.11090493873023113 0.9459264373841371 0.21472833952088077 0.10366686619557332
6 0.20303329486614763 0.9525553565004967 0.14898505179271382 0.07584818609535823
7 0.2748548749305199 0.9567685751925653 0.0858974426906892 0.05538105255156121