0 0.5768700390800447 0.5982714449355016 0.22189028889254886 0.3631563166232544
0 0.40539259719364334 0.5765872493439489 0.222030178451388 0.3679640089309466
1 0.7154979997759242 0.6487750895003342 0.16109468725219991 0.33701925114899056
1 0.2632159502196228 0.5695207238632112 0.1604651842374244 0.3153846357643753
2 0.8193529978472452 0.6619924138076776 0.15005468339484251 0.3702533765156764
2 0.16318941754412078 0.5224816650871575 0.145107101528311 0.3652777958931199
3 0.8997769268319623 0.6555745153029335 0.10440733012534818 0.2870116124511296
3 0.09338582374024448 0.48040291972781807 0.0916886515619224 0.2625534301255075
4 0.9461972857657355 0.6383126042330078 0.06744035568520236 0.25450245008964817
4 0.049626979515077135 0.46508699148467253 0.07649618206523087 0.23560745748860745
5 0.9702355312947314 0.640994987732024 0.05952893741053727 0.23759158285529317
5 0.02668552388440941 0.46227869174950814 0.03224772438412697 0.20044261650098372
6 0.9867348410374751 0.6619580498571829 0.026530317925049802 0.15982906435789537
0 0.6175364286291642 0.21786087631994247 0.14070058042488207 0.2138354882008122
0 0.5110327776760286 0.19631403463156966 0.1363125567937066 0.228090676809025
1 0.7289526890591216 0.2428455989242204 0.14105030432197962 0.22585471897004294
1 0.41057371449721813 0.17575925562653968 0.13645244635254572 0.23289836911671724
2 0.8273226575914736 0.27430162977899014 0.13530760622825092 0.276083655728516
2 0.31049934760521497 0.16842563046766357 0.1345382136546361 0.24964134803620824
3 0.9047003755807773 0.2872404167411634 0.1271168408548391 0.24217797710237352
3 0.22913116409833473 0.14239160589548458 0.11701184278351794 0.22501527739572208
4 0.9527017182328185 0.28895744242971066 0.09459656353436302 0.21025642384291687
4 0.16830059006827602 0.11924982521590212 0.10725656860929433 0.21987180845830143
5 0.9807656176785664 0.30602093077308784 0.03846876464286726 0.1866910928373635
5 0.10562572811972724 0.11542275792452097 0.12826168097913412 0.19899269049057486
6 0.9746603338609485 0.4168916584010232 0.050679332278102916 0.09112485578554196
6 0.08014978551250128 0.19090734650422073 0.10571778346206512 0.16698719307368604
7 0.9889656317881048 0.4717184270736083 0.02206873642379037 0.051739931592250536
7 0.05817469496691527 0.26266024961700307 0.059930540633731995 0.078937736701447