0 0.6127764323149335 0.3908685664377144 0.33761723651212033 0.20535157217553418
0 0.6278167320140481 0.5637356930611733 0.33264170704165663 0.19565226897876406
1 0.6210342232749786 0.24404513424498123 0.3197413311678764 0.14496170329453056
1 0.6589706468483076 0.6954437200343977 0.29772908216702565 0.12294945429367979
2 0.6166582904585695 0.13110632430490482 0.3628846840650286 0.13850543206546304
2 0.6437801361084049 0.7894874350692476 0.34327628121802406 0.11653514235530502
3 0.5838767763482811 0.04480714004897098 0.2803566883110957 0.08961428009794196
3 0.6137679351838434 0.860946367386716 0.24392136238716794 0.06914173451382219
4 0.542340043081811 0.011890623128338064 0.22891085539439138 0.023781246256676127
4 0.6168850892794678 0.9017697927114077 0.20512414960008676 0.049239616631967534
0 0.43560512487209624 0.43483893856436845 0.2832640459532559 0.12029385239567657
0 0.43975028158969487 0.534556594658291 0.2833479645346415 0.12510154470336887
1 0.4072326898079183 0.32472356768506655 0.2933829420569545 0.1493078434046017
1 0.4223867007947566 0.6418634228299875 0.2785822315176421 0.12742147227582953
2 0.40644154657693193 0.21051989573202778 0.3844353808682585 0.13407537337400627
2 0.3845484684014332 0.7471230588187269 0.3169598513977949 0.12328512861922238
3 0.3580140528212973 0.12239579420823027 0.2372972539953291 0.1026697027955897
3 0.4207259552890266 0.8222358029498346 0.1261748601393993 0.06948957542371932
4 0.353149504869743 0.050343348528884904 0.18875877872078492 0.07538820928942541
4 0.437232100393576 0.8724438367911005 0.10665037587378023 0.05232697802125367
5 0.4585878970965106 0.9249717982048268 0.09724478771185979 0.06417837162771314