0 0.4453368187125376 0.34134615384615385 0.44478894159581617 0.2548076923076923
0 0.43151825184861364 0.5396634615384616 0.4115352633315189 0.2283653846153846
1 0.4381403728097387 0.16706730769230768 0.3984589798959843 0.18269230769230768
2 0.45296219821408784 0.06129807692307692 0.4443859348897142 0.12259615384615384
1 0.2789858675559697 0.6838942307692307 0.120813329718477 0.10336538461538461
0 0.6757610951263746 0.40024038461538464 0.34375283881655333 0.15865384615384615
0 0.6487199550080203 0.5192307692307693 0.3239756118773393 0.15144230769230768
1 0.701144930744102 0.27524038461538464 0.38367159783394417 0.1778846153846154
1 0.7296518078679685 0.6514423076923077 0.272219774660199 0.1346153846153846
2 0.7315186112390032 0.15264423076923078 0.46467375678678735 0.16826923076923078
3 0.7765527347606179 0.06490384615384616 0.23565148739464775 0.09615384615384616