0 0.6314749326662555 0.6128238523169505 0.39008280051638494 0.26336717030413037
0 0.5868367188093597 0.433407139274073 0.3921223415312682 0.25876978728376004
1 0.7025002406813038 0.7623123537307681 0.36520530163168713 0.18716546523632396
1 0.5646348755244536 0.2822203628657397 0.34411714395551624 0.19248422011196523
2 0.7427847242459347 0.8685169137249987 0.39609099649272395 0.1850917936638171
2 0.49938323619866054 0.1774133245853979 0.3809393092917207 0.1742145533245007
3 0.7433326013626561 0.9435442119193371 0.31348532716513233 0.11291157616132572
3 0.45212458027612795 0.10522329667264872 0.2835462579020891 0.11793556804202227
4 0.7255231899371537 0.9804131750528129 0.2571398129603671 0.03917364989437425
4 0.4238786782642973 0.06335158761730689 0.24198812575936385 0.07370523482948674
5 0.7321524079396619 0.9942126794391021 0.23994858474448086 0.011574641121795865
0 0.21488235718122123 0.6456261108534898 0.3003014554778409 0.18148711447863192
0 0.18098972551546177 0.5292351710289172 0.29458300032274065 0.16904726513475737
1 0.2546024516621145 0.7601389777425209 0.29735115161555 0.1740652667297717
1 0.16474370348929251 0.4251337039079057 0.2773917721068545 0.16276740781581148
2 0.3091278595803406 0.8652015473068372 0.3474676157073561 0.17367406945583988
2 0.15561814363992088 0.32046124157193706 0.2751700785224899 0.16496094468233563
3 0.3222593565500303 0.9307611124121439 0.301430233645316 0.1384777751757123
3 0.12493111331538186 0.23061776408333312 0.22618239259815892 0.14873552816666624
4 0.3481014124080148 0.9683735133764243 0.24380965145417968 0.06325297324715141
4 0.10123760613231401 0.17004105901552688 0.18644578615024943 0.12854365649259222
5 0.37312378170333216 0.9989021415211538 0.20818798978662192 0.002195716957692512
5 0.08799710150259074 0.10560305343297705 0.16943671050384476 0.12466764532749255
6 0.4903657855333489 0.9989462734722218 0.11312705904966514 0.0021074530555563998
6 0.1475647290155927 0.08812940179814789 0.16725087967006586 0.0958214914813387
7 0.2174942827971984 0.06559252657165202 0.06745398212658821 0.03933219691153833