0 0.4082952718748215 0.6193617867957308 0.19859954671202582 0.348888973512623
0 0.5779762103388074 0.650232389098028 0.19130409440335464 0.34113097734263975
1 0.26310033546733885 0.6287742486497877 0.13822368004209598 0.3202966977371221
1 0.7105513754712547 0.6915007804195147 0.12352089029524321 0.29516532078177105
2 0.15245348418447174 0.61438561506902 0.13637925953580196 0.36819146824456356
2 0.8063835518777585 0.671142652429547 0.11214499902069729 0.3495430194728246
3 0.06433548725698944 0.5752851232060193 0.09453488003720109 0.2809602591787615
3 0.8734954452088074 0.659416001298108 0.06549292721440408 0.26194750526805943
4 0.024196513918108578 0.5314142211941888 0.038714964133565004 0.23109767315760826
4 0.9117471990525138 0.644301596255967 0.045702732336082456 0.21241336163528393
0 0.44478483492873866 0.4528050740612822 0.12363277542475341 0.3047807053971556
0 0.550582036980347 0.46322363327231764 0.12614850670811004 0.314578242582022
1 0.3313984821034941 0.40938813406487884 0.14719572516279555 0.2657368464765869
1 0.650229767235452 0.4611675802904184 0.1212848718356625 0.3094062451353665
2 0.22084953030894863 0.40341296202257254 0.12472365543748004 0.3985307053971556
2 0.7496257559491585 0.4374769119239037 0.11888102568181634 0.3092240925658848
3 0.13720357030062733 0.3358306214523813 0.0961555302844742 0.21383471944055066
3 0.8346685959457321 0.4187029435251151 0.08148071181999884 0.19110718863904588
4 0.06638800825048742 0.3388705821911363 0.0768967897713274 0.20997365273085195
4 0.885457049282655 0.4489704551765358 0.047575124124754245 0.16692243728168832