0 0.3700521572216091 0.5810155097602341 0.3744301960522836 0.26434970814994574
0 0.4162165790486453 0.4176702708526853 0.37190047202635906 0.25699816159352756
1 0.29680995504969554 0.7102987324997425 0.35895813686188593 0.20341350573451322
1 0.44277259802867663 0.2748395825707137 0.3324319105881926 0.19706572438314363
2 0.2662224906397892 0.8083782507458006 0.38510672951934377 0.18812667170126765
2 0.49604974338269653 0.1865036027644749 0.3875105756731898 0.18826667979614745
3 0.262454967538426 0.8863632426509208 0.30498257991925687 0.1378333276471585
3 0.5392709315690571 0.1228479751941016 0.28798781967956255 0.12723788636761546
4 0.28082557130999225 0.9367621535638051 0.24902276972971008 0.09615160300338542
4 0.5724571422331046 0.08267077678267078 0.2370035389604793 0.09545156252898647
5 0.2707696141423329 0.9599681760310562 0.22958220404547672 0.08006364793788762
5 0.5764825043708022 0.058842327386528885 0.21241960664301102 0.0628014815801888
6 0.24892520230425336 0.9722016637149835 0.1521556156340858 0.04968589459280974
0 0.7641421522271309 0.6809699182910328 0.32762421828050026 0.1967857081933842
0 0.7948974537998085 0.57327501542959 0.3202448426561905 0.18675029929336026
1 0.7417793325475684 0.7903567725614778 0.33475183816065296 0.19239804017033096
1 0.8326335177352141 0.47922129069894037 0.3225647702286509 0.18208261508054754
2 0.6979916939368547 0.8864643232087742 0.40458925449426997 0.20366981338338272
2 0.8367576948074663 0.3808036064861279 0.3178409965023444 0.18661029119848038
3 0.6702486482330692 0.9345920280931689 0.3369458878610351 0.1308159438136623
3 0.8609369305711753 0.30521060646440873 0.27191616383511036 0.16952706047268778
4 0.6360283516548697 0.9671139552175317 0.2636976023969442 0.06577208956493653
4 0.883599548577765 0.24757644854909583 0.2281853808682585 0.1405646070725443
5 0.5994461682135171 0.9970220240457289 0.2001486201296233 0.005955951908542163
5 0.9016223114394338 0.18004688982863887 0.1947413311678764 0.15062372451345837
6 0.4770598108208274 0.9832526920905011 0.07556821303655152 0.03349461581899778
6 0.7988233772484025 0.14157461867188575 0.12195459790140663 0.10796194320552685
7 0.4311769374442863 0.9941518581006937 0.060725543206546245 0.011696283798612556
7 0.753632832168293 0.1112702340999394 0.07552625374585877 0.06203255863358049