0 0.380980042338687 0.407113038451819 0.3859020200543459 0.2323450108609677
0 0.4124180407490373 0.5804476300835019 0.3714369876278246 0.22471380372291214
1 0.32650272053348356 0.2692986914553908 0.3542604353555316 0.16412803642082174
1 0.41758854606476487 0.7245035373657222 0.3326537903065458 0.16830622571373838
2 0.30788030610265804 0.16529094199843922 0.38060484687313567 0.14807050591751325
2 0.4747074618766659 0.8213825549673464 0.36618176995005886 0.14765083724099634
3 0.313156501532146 0.08462220628575402 0.30345800726502203 0.10737073451455051
3 0.5019251450275454 0.8938954976963296 0.29381465231400783 0.10228326308918029
4 0.33866959691991916 0.03701278610184917 0.23831641325832437 0.06461684085483912
4 0.5269068040383563 0.9376322313585786 0.24797375337715336 0.07210815843405555
5 0.332785848045637 0.02020255395184769 0.2214055791745126 0.04040510790369538
5 0.5267599597763009 0.9628726159739632 0.22861711763605103 0.04991398481408419
0 0.7946863212369843 0.35301522869935564 0.30616952711079376 0.1603252946785854
0 0.8132667801643656 0.46423451661784576 0.29890204797799613 0.15050007572494223
1 0.780906562033388 0.24285797429894967 0.32538631117374806 0.15848100676009527
1 0.8403096487175602 0.566795536269906 0.3133391100688877 0.15332359055530548
2 0.7550656165571167 0.14026198225717967 0.4095209265583637 0.16092907403977813
2 0.8397152790854313 0.6689589978083675 0.3132691842298139 0.14130435978607472
3 0.725479050171928 0.06702408408988408 0.3397254770899363 0.13404816817976817
3 0.8560597138727437 0.7514020766601234 0.2795733825725233 0.13311359441266318
4 0.699260505164657 0.036182697484941975 0.2601328358245321 0.07236539496988395
4 0.8713630550130035 0.806235897132358 0.23861010178243502 0.11509761008560833
5 0.6705821733322808 0.007371516028497888 0.20691257641236158 0.014743032056995776
5 0.8781760161918204 0.8745356781787149 0.20026044466341483 0.13320926284566562
6 0.5383286793672979 0.015492336622489973 0.06757341049617338 0.030984673244979947
6 0.791483717807396 0.903495997930125 0.16404891550975975 0.10571778346206501
7 0.7288508587131554 0.9281511006565707 0.08208039842613903 0.06247427634641712