0 0.5528682261513523 0.6096436963718479 0.40057682999808925 0.27371080020918837
0 0.5912116920416144 0.42247839227446526 0.3836799810820921 0.26129991845801304
1 0.5423018501245616 0.7733290353944974 0.3761887392642578 0.2130551449602567
1 0.6461093702364111 0.28179643719513836 0.33758734912457117 0.18812148117735064
2 0.5115545148107448 0.8942207198402772 0.3905139200126311 0.1965639227250002
2 0.6238881791587236 0.17655873275854647 0.37590903590796176 0.1649782218833336
3 0.46915855567478937 0.9516902319105232 0.300914309433028 0.08151299830395331
3 0.6219178732071362 0.1020954521295935 0.293940518824341 0.12221053249850454
4 0.612589184531955 0.05304040653685846 0.2312167561393042 0.0822942903897438
5 0.649967673842996 0.03192935958410767 0.17823424457998518 0.06385871916821534
0 0.16763829550726608 0.517662155424893 0.33519748813853995 0.19046937719091914
0 0.19355696076166834 0.40048814049043785 0.33755937878894166 0.1833137888696585
1 0.15466268345302062 0.6357863178050212 0.30932536690604123 0.19477351823611144
1 0.20622650183428715 0.2884295436352028 0.3568181183553405 0.18856908229957298
2 0.1639354314569427 0.7557548249362178 0.3278708629138854 0.20002881166602593
2 0.23929377229506124 0.18190498597222204 0.37843874857214116 0.18666878740822682
3 0.13840835090135475 0.8464865321783652 0.2768167018027095 0.18202693564326958
3 0.2469598287105806 0.10361213555138868 0.32303840569116116 0.16615116495106863
4 0.11650102474435084 0.9010766219024038 0.23300204948870168 0.10169291004134624
4 0.264073447727707 0.05850157484823712 0.25550695069843216 0.11700314969647424
5 0.2882797312799461 0.02901199438888881 0.192671306670877 0.05802398877777762