0 0.5952539176403481 0.376737025519155 0.2610065573031723 0.41652510820869276
0 0.4044945221732492 0.37087653876998866 0.24789441111705202 0.40119126843820807
1 0.7624123016173965 0.3628754988632624 0.19817811491479467 0.3759136016639611
1 0.27315930321680953 0.25893631023850705 0.11484099649272388 0.15927486818001546
2 0.8883589272153902 0.37245218191150814 0.18758024195083103 0.4253014554778408
2 0.16844712511388255 0.221460098942101 0.09233148101128624 0.11454841685493207
3 0.9476533258741697 0.3942495990820357 0.059155205881266736 0.33908859751120357
0 0.5356641005272235 0.5796260788237949 0.18062258155994554 0.3650231490622054
0 0.4177666313287283 0.574219554090056 0.16601735206738688 0.36152638749146987
1 0.6594980402008861 0.6013130689260122 0.1891091880078548 0.3823965298475732
1 0.2922918991214549 0.6530387210256733 0.1427046619902985 0.2115771631056004
2 0.7772312882051925 0.6246573635288565 0.1879086843392084 0.4611769952160517
3 0.8729104021517653 0.6867184940721688 0.13341771976329125 0.2467240925658848