0 0.358277214917579 0.47061294010739196 0.3711105548986684 0.22914909138894593
0 0.2906879453654699 0.649601564813756 0.2357115764839682 0.1989297645773551
1 0.36488878759930427 0.3083533247227766 0.36375618274320054 0.16625664290391656
2 0.372434968061159 0.18234762588836817 0.3974100288970467 0.1690037822991219
3 0.39472460549878363 0.07925200001492051 0.3424684797892279 0.11420607973302997
4 0.43855499923955144 0.03941669348969646 0.25750538613628177 0.02820753241060812
1 0.5903646700797127 0.3979080893001318 0.40231567042965344 0.17180007693799743
2 0.6206494397781914 0.27617036692345887 0.44489925662448304 0.15850519022633838
3 0.6802476672128888 0.17491429373206552 0.2419966874522616 0.11798389231664458
4 0.6702098631764545 0.09571006039823482 0.22409232290127953 0.09016801492673422
5 0.6427839730915601 0.05849960025728954 0.15414000152089713 0.01976988998247733
2 0.20159263217505163 0.9124550461627984 0.09379488446901509 0.06755267506171127
0 0.6406087465350802 0.5262193238010461 0.22345156279589362 0.13324102145345038