0 0.6692500482169704 0.384957679262639 0.381434919706595 0.24080676338498655
0 0.6363249866015667 0.5678968366226269 0.3573964581681335 0.23954696099837505
1 0.70483662454098 0.23428147462158241 0.3435586631339954 0.17641705980506922
1 0.634287339262274 0.7204150871531965 0.32178415819054085 0.1704755453494266
2 0.7115899088456271 0.12591942734051376 0.3791966867651706 0.1638836864619097
2 0.5736223784446373 0.8256020744195258 0.3741791601192197 0.15642018752304884
3 0.6997198163713624 0.0500671176466739 0.32038526260215067 0.1001342352933478
3 0.5306586504466673 0.8998591230921501 0.29599707716659174 0.10911958911666111
4 0.6551658559189976 0.023370294072222856 0.254572134315851 0.04674058814444571
4 0.4958507154323992 0.9412863079718677 0.247010871957215 0.07534998434343812
0 0.1882488725465628 0.4593695830293859 0.3048173455547788 0.16478599137110614
0 0.22752402470755256 0.34690295637254553 0.2638120713805552 0.15783663500617406
1 0.20928173112478338 0.23145024005895745 0.33380338895977163 0.17110544654273227
1 0.16030658119686586 0.5691174129357273 0.3206131623937317 0.1613640816886865
2 0.2304580923525075 0.12233231134592183 0.39849740077535933 0.1672953745250451
2 0.16179008993679922 0.6761515569012118 0.32358017987359844 0.16692765542834564
3 0.2482164081248025 0.059156412865837255 0.3401056452888565 0.11831282573167451
3 0.13769454544570958 0.7590791383992619 0.27538909089141916 0.15491864627839919
4 0.26008288750840286 0.022090878648855696 0.2827188403678097 0.04418175729771139
4 0.11607279188788563 0.8298615088894201 0.23214558377577127 0.12873852068269814
5 0.09718712218615047 0.8965971793134953 0.19437424437230094 0.1406419928325518
6 0.19676884179002022 0.9089569147275893 0.12093597661233947 0.11434610861747366
7 0.24513840581141272 0.9376243198350356 0.05442340053184457 0.05565618063516098