0 0.49298607434355646 0.42210884995160297 0.38701843730489915 0.2441372945394234
0 0.5079003069711688 0.5934533285580132 0.38902983497371607 0.2393855523720088
1 0.5050538652582086 0.2742723114900646 0.35326667739587864 0.18336973900993614
1 0.53426947689622 0.7277340172707805 0.3358510815914114 0.17576654956645343
2 0.5166802508102444 0.1613474923995731 0.3895205939460855 0.18661283726794908
2 0.5074105398292137 0.835487468141774 0.3757353449942228 0.16469847118194472
3 0.4835903013960242 0.07989546893114358 0.3002841482560888 0.12215458235822672
3 0.4968142323673386 0.9062890293996799 0.2748721170200247 0.10476815787852609
4 0.45547988927625893 0.04070657864599397 0.242886375293636 0.06563521773365404
4 0.4895783146500481 0.9506762580354171 0.22964064382564714 0.07972259381506429
5 0.46656695571050355 0.022901533053258934 0.19667378088668522 0.028570422900961703
5 0.5138621556746943 0.9702501835391028 0.21001742610984855 0.05949963292179451
0 0.3190017629195652 0.47345282660048105 0.33825492774525767 0.1758224997067311
0 0.3369083160624848 0.5786355858358443 0.33506618462135285 0.16615116495106855
1 0.2844645109422373 0.3654745702293272 0.29699709464484375 0.17006365501431647
1 0.3049473503240142 0.6898829056570516 0.3208393319407906 0.16821931026324813
2 0.2775714897341401 0.2581397404713678 0.40055870350274303 0.17487335720010713
2 0.24894792304708202 0.800570724075481 0.3102428261128326 0.15597627893290614
3 0.23226608530817455 0.17881181245539549 0.22576491748685804 0.12042012800961562
3 0.25770507455906866 0.885069015371902 0.16929911049330842 0.1047101978601498
4 0.24516812680263841 0.10926812441469039 0.220172328209107 0.11069284311367539
4 0.2854476158156396 0.9435166499579596 0.1673368680681618 0.08067173632168825
5 0.2637119128185234 0.05912305602558783 0.15634791375517446 0.06362101268365399
5 0.30543890276071534 0.9734767819144232 0.16836714452440524 0.053046436171153635