0 0.502119554279091 0.5709134615384616 0.27172012910180293 0.42788461538461536
0 0.700422876803584 0.5685096153846154 0.24242644988557552 0.35096153846153844
1 0.3377148183452033 0.6153846153846154 0.19933902629793726 0.38221153846153844
2 0.2044132381492601 0.6346153846153846 0.19714495766131301 0.4182692307692308
3 0.09502425298144533 0.6322115384615384 0.14392469824914256 0.3605769230769231
4 0.037143145523637885 0.5997596153846154 0.0689719272776531 0.2860576923076923
1 0.3578739985253577 0.36177884615384615 0.18982153785725614 0.39903846153846156
2 0.23650074550784905 0.36538461538461536 0.19982850717145517 0.46634615384615385
3 0.11485478171795196 0.32211538461538464 0.14579710802602644 0.2692307692307692
4 0.04412312736108278 0.35336538461538464 0.08553313216609504 0.2403846153846154
5 0.008282205154519816 0.390625 0.012816385334674172 0.13701923076923078
0 0.47390812285821166 0.2668269230769231 0.14072369752985298 0.22355769230769232
1 0.8630181362157544 0.6262019230769231 0.13335832222235175 0.1971153846153846
2 0.9715322470399952 0.6165865384615384 0.056935505920009725 0.1466346153846154