0 0.4353858198142669 0.2854696384834437 0.25885816949610224 0.4008305444538985
0 0.6260700785788285 0.32368215096963937 0.2578505210900212 0.379195929069283
1 0.2819051959673161 0.24910941807991 0.18724329515641064 0.35874834040842174
1 0.7866799271504846 0.3361088080614436 0.18383180059648324 0.3370717657331136
2 0.16204877107703547 0.23979991508372997 0.1823829363090614 0.4091032317671125
2 0.8897061150364949 0.396849247621159 0.16935605713374932 0.387258819929033
3 0.06712318126994084 0.2634038873620942 0.12580361010214863 0.32885320429494713
3 0.947619030669473 0.4447732298884797 0.07856308010294555 0.2944021316179373
4 0.035604877680634875 0.30361890297173993 0.07120975536126975 0.25851227647301617
0 0.3366007135622567 0.7793402285189271 0.17662026213494492 0.3369458878610351
0 0.4563451775185283 0.7910535776689535 0.17365661131105364 0.3248846978011113
1 0.5651307256513073 0.8254450649332873 0.18495140993657344 0.3491098701334255
2 0.10379316663838287 0.7415953515225302 0.18981839663861788 0.4140368019468833
2 0.6805153410359227 0.8264730675552616 0.18014371762888112 0.3470538648894767
3 0.047388587836131056 0.7125874438057823 0.09477717567226211 0.3338287337654107
3 0.7695399624650633 0.8513716945529262 0.16107757587177793 0.29725661089414773
4 0.009569167781470612 0.7119370748000434 0.019138335562941224 0.28445107267700986
4 0.8344141614217333 0.8785063305416655 0.13217212763127206 0.24298733891666904
5 0.8810092590867108 0.8916719936283647 0.09913075268712773 0.21665601274327065
6 0.9116797490015325 0.7773492682252829 0.057139130876957885 0.09226925824139606