0 0.5438355858250262 0.6116606399447186 0.3702495041031326 0.23838527376148733
0 0.5762533834795683 0.4441469065923766 0.35761409148990597 0.22835016835894215
1 0.5355637130505134 0.759539150484973 0.33755221373200495 0.17728179002614844
1 0.6254372229888966 0.3157662649610298 0.3194929269670901 0.15746341169335445
2 0.5032372372291769 0.8692346599088593 0.3636864305023146 0.17339748345020894
2 0.6160510641593544 0.217864858706952 0.35462634650878866 0.14429949713175885
3 0.4557783384019058 0.9452915394353418 0.2836824443592587 0.10941692112931634
3 0.6107489524519405 0.15022138976953134 0.26996871351903945 0.09577231885599097
4 0.41717889598773067 0.9798535041150986 0.24136976937274623 0.04029299176980262
4 0.6035982952125392 0.11142407467826453 0.21523555260243654 0.06507939354633127
5 0.6205326816310303 0.09153701939388079 0.17856167845074822 0.05420484656946535
0 0.1679094706533763 0.51902856791481 0.2936668011187783 0.16615541057698613
0 0.19864890974529242 0.41530070179682316 0.2906467731209363 0.15645608180416942
1 0.15202550538802212 0.6301778328879155 0.30405101077604424 0.16956658662001717
1 0.20880161106851725 0.31326315649450975 0.3243006192747824 0.15763130000821862
2 0.15829040122667945 0.7358211474209981 0.3165808024533589 0.1735653717650731
2 0.2212811358150888 0.21251147842655144 0.37508947942754955 0.16420181962198477
3 0.13721915721810393 0.820570076780512 0.27443831443620786 0.1529914960153905
3 0.25781526360848417 0.14994280147496156 0.27724113320271493 0.1344017456323936
4 0.11589355395831451 0.8916514266338377 0.23178710791662901 0.1236111428129599
4 0.2679536658290028 0.10452155702418087 0.23273953874549244 0.11365998156784683
5 0.13726872301729037 0.9407776516786619 0.1778523323678907 0.08056321010434103
5 0.287861498125905 0.05703224304928239 0.19350777297895924 0.1002976442797027