0 0.594017493363962 0.4343540754619886 0.42221886330440755 0.24018605233728169
0 0.603077498136413 0.6328112727131353 0.38738836406497346 0.22237990234848554
1 0.6098111466283431 0.26407855665251045 0.36719957502922757 0.17381336581562584
1 0.6556506369500413 0.7818276236886785 0.27059198896422854 0.13022013480288036
2 0.6088954301310718 0.1304202883860806 0.4116959988667167 0.1583153935476735
2 0.7106781619001862 0.8970502389515366 0.1552579135622834 0.0932788840163174
3 0.5899843741462547 0.043263595123768345 0.3530456713694325 0.08652719024753669
3 0.6729812799543479 0.9607742725913779 0.11119875628601725 0.0464167458431087
0 0.3560955007908282 0.459342427168076 0.33494101524158093 0.15848100676009536
1 0.360239616548161 0.32915003857357633 0.38849800381796074 0.16963517652270915
2 0.34764085587754123 0.20064918651193642 0.4630172345871915 0.17180346468471394
3 0.2951852703791837 0.08776047262350503 0.255496538849387 0.12018508151097869
4 0.31451711957529355 0.02590847311053445 0.2251880853044333 0.0518169462210689