0 0.6286802835883023 0.6474851100888791 0.4003670524808672 0.2539369311412111
0 0.6093244492023493 0.4610795698242342 0.36172370683773636 0.22022220376522783
1 0.6565894311908648 0.8103913479285588 0.35669225184500747 0.18145257438169166
1 0.7461347038095076 0.2991100614475983 0.07735661712533543 0.07944868552119733
2 0.652235455482004 0.9256534997373433 0.40471323425067113 0.14869300052531342
3 0.6325781386328835 0.985279446446319 0.32006116765690823 0.029441107107361884
0 0.4280430407490373 0.6201992371723895 0.32291253918082813 0.15766132254309076
0 0.4142842592971632 0.5050922720987034 0.3180768765375061 0.15254553931340056
1 0.4008665117464528 0.744706660178324 0.3470628820618079 0.17843254638384948
1 0.3319599217894146 0.3952103960019318 0.20252443913911314 0.11630520333929685
2 0.40856672972635966 0.8678419731379742 0.4383810655723322 0.17947858159411767
3 0.34424945926558553 0.954586589473834 0.23378842430692792 0.09082682105233203