0 0.392730588882948 0.3797064245581145 0.37179865688360947 0.21567821133034734
0 0.36621229746463907 0.5553410358419606 0.38363573508335863 0.2134142215883893
1 0.3811875097292671 0.23093369020224025 0.33249808107583445 0.14076738260783017
1 0.33530583241175616 0.6937999455883241 0.3132673118450652 0.14054361234880922
2 0.384030225339801 0.130028094305457 0.3824323925981589 0.13414324107622144
2 0.35253150396995153 0.79927547789259 0.36338377593687127 0.13632331697104677
3 0.41482626332437367 0.05641708814818444 0.2953833361018383 0.09470270773146673
3 0.3645493153309057 0.8783926163516811 0.28299980019364435 0.08975515901188658
4 0.4466779345669736 0.019746553824126885 0.2508749000968221 0.03949310764825377
4 0.3700662671329548 0.9323672696837091 0.23346565656086873 0.06996496413356496
5 0.44185231088398835 0.004051625618182869 0.21244922438586947 0.008103251236365738
5 0.3565166708984236 0.9685508327621005 0.20593043345167153 0.05523420310433435
0 0.7906209214703649 0.4219102204010541 0.31177422853862696 0.1525348718356625
0 0.775030364812674 0.53257105732511 0.3130851592755836 0.13813976619496307
1 0.8076866300592014 0.3076296286050402 0.31363161698402836 0.1453513046565016
1 0.7791259588094562 0.6369985086055296 0.32233623875200507 0.13344395901678124
2 0.8021158841312737 0.20682193219657855 0.37318131312173747 0.13883904825440335
2 0.7594563201219994 0.7380999034789562 0.3371236208140452 0.13841947901873924
3 0.8081269189241655 0.12749500911965544 0.3193859348897142 0.12620444927286523
3 0.7518790571132212 0.8222485045047604 0.2923971694889617 0.11868522670517315
4 0.7897531184149257 0.06886650553301196 0.23415840408820926 0.11080237746657201
4 0.7303161672297771 0.8849443034814036 0.22898640664155379 0.10593874259412453
5 0.7563366383647163 0.03443030553790684 0.1386227411439795 0.054451007197761386
5 0.719006195954903 0.9391147557900748 0.20014025279539993 0.1056030872055931
6 0.6499119422270071 0.028463489142171908 0.0713150488362869 0.05366781129118839
6 0.6267492792613414 0.9521968952896547 0.1646648809467382 0.08117302771384516
7 0.5600970523221275 0.9601776440165773 0.0842450424529256 0.06582689847230719