0 0.616487466659441 0.5363196078327138 0.22665996362198534 0.36979374879809773
0 0.42805877243674034 0.5509160125115448 0.22185227131429316 0.3695137326083381
1 0.7789113032382452 0.5449679116296156 0.16805689308227 0.35441432375175236
1 0.28231698852424 0.5871707411158813 0.14977274944949423 0.3342034978568248
2 0.899850152583772 0.5318878874535719 0.15654825727089816 0.3920358136440124
2 0.1791696192289226 0.5642049272546777 0.12402318928452721 0.37338878533365233
3 0.9687990866630619 0.4913617903801721 0.062401826673876185 0.30339723068235425
3 0.10607032685668218 0.5394890122074771 0.08308324035141802 0.2752748258514893
4 0.06438525567863049 0.5310518421281254 0.0539086441168867 0.23767704450011953
0 0.5667862630159234 0.34243626367000896 0.15363381615919294 0.3535742751824738
0 0.45639149250848193 0.35128048218832436 0.1493725815599454 0.36050579745425276
1 0.686923357174076 0.3028439277542177 0.16645338270752155 0.30166971646201685
1 0.34018719056119945 0.34718356305024556 0.15807720332792222 0.3490465990645411
2 0.8105392815276714 0.29322966471406353 0.1556016316729047 0.4111265747799017
2 0.22201507310020532 0.28525432812497925 0.14328982126588205 0.3433988581875702
3 0.9040698467993274 0.23707856764066365 0.11010786850275604 0.25291646145158503
3 0.1387912205629978 0.3021738422150019 0.08504821704857646 0.17487331976946996
4 0.9676226412408014 0.24108177419041255 0.06475471751839706 0.21347486632588814
4 0.08312052251028029 0.31628134013698417 0.06064545037115178 0.16866554651297988
5 0.045478670611408915 0.3293387773473681 0.05197669135376071 0.14901475299757144