0 0.5590664474807762 0.5073464730142215 0.30831900735158324 0.4416206224134581
0 0.36246023841497393 0.5628751394728729 0.28690240728703525 0.41131724801145164
1 0.7262069000825317 0.4779510226430697 0.2353287226393765 0.39306896712926165
1 0.2248931305290219 0.6593409160480803 0.18328030578444449 0.30547345292449646
2 0.8559787296396385 0.43704693646054626 0.23343547144338955 0.43116620045183696
2 0.12130831118529341 0.7173810169123349 0.14547281328310777 0.21656700798277428
3 0.9221397124045627 0.39976797029236144 0.10908951740359121 0.3357022630087783
3 0.04572190311998733 0.715998360674207 0.09144380623997465 0.15523164890083516
1 0.6209152403371276 0.2588754190712455 0.21777318928452707 0.382178514527506
2 0.7396696782571521 0.21667717458493302 0.23766084329205128 0.43335434916986604
3 0.842307872002887 0.12896297732834938 0.1653963300412176 0.25792595465669876
4 0.9077761072404708 0.131976490242152 0.1082863428079402 0.23047948994799217
0 0.4836779942478296 0.24059411425502303 0.18003742228436176 0.23113637472474713