0 0.42410396115966853 0.3589193593653842 0.24525629734497903 0.421348498362607
0 0.61465022898766 0.37850978475176233 0.22267052957564132 0.3799795624847224
1 0.2576241299402775 0.3375675094993053 0.169785914191026 0.3787486593986112
1 0.7909442851305554 0.2362602208056083 0.08654047141655988 0.10532363952510693
2 0.12423864347195483 0.3394708192077991 0.1733087631504277 0.42688153261581224
3 0.03873927928482898 0.3500103860768162 0.07747855856965796 0.33844076630790604
0 0.42985778115683715 0.5762156606572112 0.15653578033568394 0.3255842933126071
0 0.5535439577993585 0.5781419207405978 0.14921234159359015 0.32060875058408145
1 0.6582491309642623 0.6730079087290058 0.11030119213173087 0.1971733446337609
1 0.2970867412925209 0.6033313799109506 0.163859219077778 0.33055983604113265
2 0.17485426335817258 0.5905598370651174 0.16419692979754308 0.4482923474393164
3 0.060999313991372636 0.6641589053369124 0.12199862798274527 0.25044961100032054
4 0.012014206073984826 0.6257822970248397 0.024028412147969653 0.21958925210416672