0 0.4144590669366245 0.5386903881155155 0.23850779092524294 0.38935419023845874
0 0.5900254638315743 0.49784009605887053 0.2340359814195777 0.39620142356103405
1 0.26667519501474296 0.6001913877999201 0.17729202773899905 0.36076191446295797
1 0.7333901927874475 0.47979047971317834 0.16415318762967793 0.3358126900770885
2 0.15824854902647198 0.6395471771418502 0.161808635870184 0.3883330003227407
2 0.8301894712755193 0.4329319916801946 0.146713793343053 0.3728170079827743
3 0.07204597029003748 0.6388931311816484 0.11747246230052005 0.3107171758723233
3 0.8990086361923333 0.3953797966577874 0.10019769548756094 0.2998267232705676
4 0.029710448082899958 0.6213569486103684 0.059420896165799916 0.24566703989958108
4 0.94076970827979 0.3730524337458314 0.07403197620292828 0.2523321206526748
5 0.007585175130158251 0.6473990884131273 0.015170350260316502 0.19762597957324382
5 0.9637445409451657 0.3940674465125541 0.03757910669885689 0.18968583083377888
0 0.4275518683609837 0.360441467591937 0.16001726092603974 0.34987146186120227
0 0.5325670197893274 0.3429024462041039 0.15498564675032953 0.3446994644145468
1 0.3094571712176712 0.35022725055050574 0.16739342686124423 0.3025231490622054
1 0.6338677549802405 0.2765399600861285 0.1609656149377689 0.3188036144306838
2 0.20119846663041366 0.38597727066166665 0.15996459438638294 0.4001700785224899
2 0.732514388879461 0.19001801051468317 0.14861050136651108 0.31068131312173747
3 0.10627619075066663 0.366821065748622 0.12305725329158025 0.2249073246117878
3 0.8175446917361485 0.16441190135205883 0.10041498950088368 0.20163333610183828
4 0.04485307533314261 0.39106103064013453 0.08970615066628522 0.21124872071722292
4 0.8793729261320944 0.17409901146861478 0.08006461093002425 0.1761376540075242
5 0.012371505059043489 0.426336318544022 0.024743010118086977 0.16655813214272527
5 0.9331795622586103 0.17601019403989474 0.07905696252394333 0.15450303862290882