0 0.6426202213703619 0.41342463392985623 0.4017467138029934 0.1968390400528648
0 0.6580104683675513 0.5973608216226535 0.37166819626884784 0.17727261543356412
1 0.640481568830395 0.24885907187971637 0.35478039196978767 0.1386432492777601
1 0.8050426541017142 0.755205184718177 0.1036411925206578 0.08047374565440507
2 0.6227017747820658 0.12134334059635977 0.40689478004940827 0.12723938672083668
3 0.5881559388789506 0.03206537751552081 0.32535033929636276 0.054228921069368614
0 0.44336249940369815 0.43392557031286455 0.3290474303603376 0.11192122876167633
0 0.4545935189539157 0.5529579118518156 0.33416321359002793 0.11678486363412387
1 0.40313128054632785 0.31215372723153606 0.3589719024334842 0.1290838072271307
1 0.37289134792855894 0.6649037436346134 0.22219988136411423 0.09386356926013853
2 0.3810829533038026 0.1929955149218858 0.4253553219751828 0.11544392621062673
3 0.312036021211347 0.09010480004160648 0.2270075736718064 0.09391951182489373
4 0.32951140914899063 0.02545269542915879 0.19988820291336587 0.04556287592419457