0 0.422830155028158 0.4387019230769231 0.3542477986084519 0.1875
0 0.38937193801857783 0.6177884615384616 0.21786639581043532 0.1658653846153846
1 0.4182928165606513 0.2800480769230769 0.3405117049002592 0.13701923076923078
2 0.40708345711548005 0.15745192307692307 0.38481121212573355 0.1201923076923077
3 0.41485948741489326 0.06129807692307692 0.31436393193780643 0.08173076923076923
4 0.4336734289048811 0.01201923076923077 0.27119301165591597 0.02403846153846154
1 0.6544582139990355 0.34615384615384615 0.3689654102613837 0.13221153846153846
2 0.6556605338081243 0.2283653846153846 0.4254803724986036 0.11778846153846154
3 0.6941960035012509 0.12620192307692307 0.22620652121555743 0.09134615384615384
4 0.6770014079272164 0.04807692307692308 0.22022148345277706 0.07692307692307693
5 0.6365040925411092 0.008413461538461538 0.13358510815914132 0.016826923076923076
2 0.3480641562101621 0.8774038461538461 0.09144406760132831 0.06009615384615385
0 0.6976289359148432 0.46274038461538464 0.2151684116588999 0.10336538461538461