0 0.4764735016327357 0.5698967866304852 0.2530126583752176 0.40459476691096824
0 0.6413841728710581 0.5216264450077647 0.25495436814606676 0.39759353773675177
1 0.34795905423517226 0.6391561051254991 0.18804793099923423 0.36066518697905975
1 0.7816706413379916 0.4851797355173091 0.18921941346508875 0.3416447270356123
2 0.25027905257404276 0.6803358636262824 0.18283898353068212 0.3912842591170937
2 0.8777331656586321 0.41875959240114125 0.17439508138115217 0.37142256202435864
3 0.16575932353693 0.6816870732979348 0.1292164238577967 0.3005396118321934
3 0.9409023780418552 0.3757164716151727 0.1181952439162896 0.29489068237521354
4 0.1181140962319352 0.6737688736314816 0.08829015802027494 0.258713124773504
4 0.9667437241957013 0.3505065983460845 0.0665125516085973 0.2497286680200853
5 0.08852815569185514 0.6836092781845442 0.07713431879490076 0.23383342608575491
5 0.9887634532328141 0.3482983508292042 0.022473093534371786 0.22253556717179485
6 0.08060727114745904 0.7108928230261397 0.048936629809467454 0.1668264870586894
0 0.385844063492064 0.17413282969586966 0.18108360223755654 0.32659072225056957
0 0.4925537085356509 0.1513093668163109 0.17837166516171238 0.3026187336326218
1 0.2802593187949008 0.20512620836631107 0.17837166516171246 0.3215727206555552
1 0.5904647783882788 0.13317591104159593 0.18092955677655753 0.26635182208319186
2 0.17979035732742776 0.24050666076980087 0.18647519337251997 0.41072533763518493
2 0.6909641804668204 0.12133756825897495 0.17038989939517918 0.2426751365179499
3 0.10824457243660805 0.27456532480235063 0.1699886442343195 0.33996225273703673
3 0.7677027713178298 0.09591738570256478 0.15079015802027512 0.19183477140512956
4 0.06682388719936475 0.3071970458202993 0.11054095524888616 0.2702212929747861
4 0.8289704076298381 0.07353197716196655 0.12909466141352238 0.1470639543239331
5 0.04164438380611727 0.34807714108603993 0.050631129880455955 0.1932687947509971
5 0.8893442117869212 0.056585188791026426 0.13445765434307333 0.11317037758205285
6 0.06039503273987117 0.47092882621616816 0.06471751767612252 0.07737311679843291
6 0.9196680966152714 0.09237808939230946 0.11895625919300393 0.17773314869871773
7 0.049052865036773356 0.5202676050170228 0.03463900014197703 0.055618636119800544
7 0.9565103153306649 0.1580485293980787 0.05571831490473373 0.08614726426452986