0 0.5959416645711759 0.6353059327206945 0.20891245540987752 0.38221919753915945
0 0.41097137723535526 0.6201350174583496 0.21369217738194024 0.37757939354633135
1 0.7470972763232803 0.6792962969563193 0.14152085209529622 0.3654456842079841
1 0.2546794217319109 0.6328029261529738 0.13653135260601174 0.3340277958931199
2 0.8599801493793459 0.6921778446339343 0.1224998603817489 0.40083182325621974
2 0.14677905558122248 0.5897054132374178 0.12241594937486032 0.3864087463331428
3 0.94296178977439 0.6808683096640659 0.08110303938940214 0.30805861873372026
3 0.06641103885724649 0.5648733117421618 0.08115898006066141 0.317674003349105
4 0.9803612568371535 0.655528713685407 0.027938720648491035 0.25813492419329154
4 0.020431890952542886 0.5365041179677266 0.04086378190508577 0.24910714867993142
0 0.6177037491764233 0.199538225615084 0.1388652729207839 0.3220925092813212
0 0.4975603895714675 0.1953219719482268 0.1388652729207839 0.3220925092813212
1 0.7366381931205488 0.2049983744375804 0.13411352128435075 0.33154000558184166
1 0.3859843283509358 0.16919259102628387 0.12459603284366977 0.33838518205256773
2 0.8447133738689222 0.21804781043005964 0.12737747852851555 0.4130189423403146
2 0.279013174504782 0.17406515622145546 0.12466595868274369 0.3481303124429109
3 0.9274572664111147 0.24760366007557574 0.11963450369001467 0.32142095602186455
3 0.19137767864800834 0.15572343424664423 0.1196065333543851 0.31144686849328845
4 0.96702982435878 0.2618435814779463 0.0638985167814797 0.24256716347784965
4 0.12284708551167076 0.15913841435378606 0.09753837776751101 0.2413385355280527
5 0.06397383249416219 0.15758927698010292 0.10699992553693286 0.2152320044654733
6 0.9877134483319892 0.424549622522596 0.019650324265213088 0.0727869378748413
6 0.041751840061325346 0.2593063128585301 0.07056463369824106 0.14906899595014592
7 0.020948540806540936 0.32372176127362595 0.03408738635610485 0.07569444897327998