0 0.5495959332760108 0.6401607835481222 0.36367635557466305 0.22389275897069455
0 0.5663166875094535 0.46733600041811074 0.3485246683736598 0.21326881456766328
1 0.5736136246226263 0.7856269825221147 0.3413848554132927 0.1506007212697223
1 0.5973142288470772 0.3293417165275335 0.3151247002904666 0.15115554114621593
2 0.5659632167044002 0.8865885209836531 0.3646947066738279 0.14266626963374882
2 0.5773204059960726 0.22644710513967203 0.36932024641203864 0.14059861007578503
3 0.5446004107657305 0.9556919811646449 0.29687641940827664 0.0886160376707102
3 0.5626255196270498 0.14929715826101858 0.2918865745311028 0.09692617937807149
4 0.5124755106689084 0.9857400580877218 0.23663397574322692 0.028519883824556357
4 0.5461091075632114 0.09618567292082665 0.22756504883628692 0.06851729209314056
5 0.5619714736668482 0.06225441682873363 0.19817243728168832 0.05928863405630853
0 0.1466482885350784 0.585840258388922 0.2932965770701568 0.15355938730006194
0 0.1494081838443796 0.47543142860994 0.2988163676887592 0.14086778333906672
1 0.1382520486677714 0.6924752256391934 0.2765040973355428 0.14584356894470027
1 0.15050180896540735 0.3699396077789561 0.3010036179308147 0.14908788158825198
2 0.1601315764353933 0.7975215432339895 0.3202631528707866 0.14730586864350015
2 0.16611855298189923 0.27102045888404636 0.33223710596379846 0.14115342995227864
3 0.1447880612731238 0.8776048861516477 0.2895761225462476 0.12560423992628408
3 0.1714347111350357 0.1932316454799286 0.28722517204230635 0.13007574563809424
4 0.14426894986560512 0.9344314573629144 0.24268087328670448 0.11022314319823077
4 0.17977644717232588 0.13098378542684028 0.24472041430158747 0.10558354418847965
5 0.1640088946459568 0.9709560845438674 0.1798524308983271 0.05808783091226525
5 0.1929258755173084 0.06907211196963427 0.20771609639590163 0.12212482065219077
6 0.2900286651533983 0.9770914899187186 0.08165904372959787 0.04581702016256273
6 0.28268786977228316 0.06447425630114842 0.1557781066092798 0.09936409216465779
7 0.3440420587054888 0.9952799127123207 0.04341552058812667 0.009440174575358421
7 0.34258393967366263 0.05537138825455227 0.09848596680652094 0.0690556386197041