0 0.440914979328418 0.4652015210031886 0.26208587009097933 0.38099056958936256
0 0.6087060360360147 0.44227343025599686 0.2569981615935274 0.3760149889668061
1 0.29576230321048524 0.46493059178623974 0.19494189441905702 0.34026253887715757
1 0.7396693559140802 0.4048650233011699 0.18887412925744668 0.318460035177678
2 0.18737921414508862 0.45754733547102666 0.19237433162944087 0.37855618902383203
2 0.8413309348500176 0.42040990868254835 0.17456735188835965 0.3611416568448842
3 0.11248625459776836 0.4897168916639692 0.1471686960727835 0.3026099075782558
3 0.9138663437500415 0.4301397718670494 0.12709787827273572 0.28751527739572214
4 0.07004521812737116 0.5230196939822448 0.09332773256489986 0.24315477257987425
4 0.9546348925799497 0.42804499747005764 0.09073021484010067 0.23602717827576788
5 0.04757055417347716 0.5078411196422791 0.047538356087833265 0.1983745469768659
5 0.9707908500709712 0.4060898726615561 0.05841829985805747 0.19465812871579075
0 0.5089797403122736 0.624710075937198 0.19508190251393673 0.3426663850310038
0 0.61129506421606 0.6102908285529314 0.18574653408831174 0.34713830070896773
1 0.41052649328812585 0.6848443723232572 0.19015791065225465 0.29931321010434103
1 0.7203781937558553 0.6296933156373753 0.1825026393651869 0.33263127962845884
2 0.30489727061377486 0.6835546755500916 0.18784665551150817 0.38319599301666
2 0.8349572018072968 0.6816736420348903 0.17319097948045198 0.2963217548484701
3 0.23302633937681466 0.7470162038217502 0.14042459897766457 0.22800673265159277
3 0.9209356309662393 0.6750802470870608 0.11696987835961209 0.19600123523470414
4 0.1611328211741947 0.7277129281005805 0.11216218605191991 0.19583334691983995
4 0.9643191596675437 0.6396254310872352 0.07136168066491258 0.15885226888039455
5 0.10669626247545683 0.7198145691737433 0.0957789958005262 0.16167583582140127
5 0.9843727568495392 0.6131983906007697 0.03125448630092173 0.17036783470503294