0 0.3964080836148885 0.4345952690992924 0.26344626620760414 0.3746430499215734
0 0.5602877213412687 0.47180141462194425 0.25790996362198537 0.36488777574734993
1 0.2684771305361671 0.38195184735198084 0.1851018314792602 0.32199399252879946
1 0.697871341194237 0.476193051343784 0.17956552889364155 0.31223871835457584
2 0.1715408799785161 0.3475949403132751 0.1931882700376209 0.3654031128568692
2 0.7808578276278078 0.5205500392846816 0.17046073923611588 0.35035053291901674
3 0.08370941907839072 0.35134984783901024 0.13633216087499658 0.2797996571044442
3 0.8383127692164789 0.5536571890299631 0.12376647239732108 0.2722383947458082
4 0.03611903271294064 0.3708825067503759 0.07223806542588128 0.21109306920836154
4 0.8772655518523068 0.5777085123952161 0.08574096457591687 0.2135668601416274
5 0.024045298113693055 0.3547550314676479 0.04809059622738611 0.20621543212124982
5 0.9110836192003418 0.5587354117192065 0.07929389914289058 0.1917923551981729
0 0.3716561043572403 0.618804251375911 0.1773796980598628 0.283392564508422
0 0.47356426841677235 0.6350273950916414 0.17293631089113368 0.2880603672572754
1 0.2594950216891382 0.6112743483163202 0.182187390367555 0.28353245406726113
1 0.5679145202510956 0.6718580930636128 0.1708967698762507 0.2927981147855482
2 0.16321423649996555 0.5840940073494432 0.18910918800785487 0.3748786079134148
2 0.6459470245580783 0.7499388719377761 0.16849292372240454 0.2927281700061286
3 0.07041086209795912 0.6059826781981538 0.1321426517769203 0.22451119556598265
3 0.7215039572100432 0.7657294851501979 0.10835806830911182 0.1638554834844727
4 0.031801165171261345 0.5777881379296939 0.06360233034252269 0.2070547694742839
4 0.7819644161951603 0.7591731733570177 0.09189545037115192 0.1681735623362286
5 0.004056892429643364 0.5438416508313783 0.008113784859286727 0.16231669833724352
5 0.8410407995338727 0.7550556801073937 0.10227530801504842 0.1468886708487105