0 0.6821722978088154 0.4870766743191818 0.39842311714539874 0.23397316563943157
0 0.68665580595296 0.6884328401682834 0.3956549658525894 0.2290394930930781
1 0.6959550019221535 0.32139514925214674 0.37613161698402836 0.16097591935341882
1 0.715960180039371 0.853978163377373 0.3522753080150484 0.16211996312065333
2 0.6747370663941032 0.1993710172896102 0.41331808745919574 0.14616468009507436
2 0.663314350166669 0.9479878548685412 0.39354086051998177 0.10402429026291753
3 0.6435946546458603 0.10436121490299866 0.36214457070108597 0.10277969070646657
4 0.5848452942872489 0.05579059249071512 0.2898828962668053 0.06547241763144687
0 0.1930254682517088 0.4303156759902975 0.33304453878427914 0.1611121212113643
0 0.19417501661102993 0.5560766682319065 0.3154890054294297 0.15061487492535156
1 0.18577522822303144 0.3030378100751125 0.3282368464765869 0.1608601607340419
1 0.20346479765459027 0.6786728220780603 0.3151247002904666 0.14580718261765924
2 0.21987504087494833 0.8004449935632747 0.3297299297830251 0.14896691020347236
3 0.20516222313063281 0.890657325261478 0.2850034784579417 0.1274684966768022
3 0.18316703989958108 0.07903407612246406 0.3314410284095306 0.10835348606541001
4 0.16961744366504974 0.042409472740796546 0.30558104117625334 0.0830552221403369
4 0.1849310341759915 0.9543269230769231 0.23215472582391203 0.09134615384615384