0 0.38459616237541616 0.4303855388524828 0.3605983884673523 0.22703194298833557
0 0.39233441355559945 0.6060181704485769 0.36993375689297747 0.22278428306016232
1 0.35375321081438005 0.28125336472569124 0.34479893913636783 0.16142805636009058
1 0.3837239157204937 0.7538547089101153 0.3323596840824977 0.15351647742415345
2 0.3263997289301234 0.17504040113093108 0.38001658287478146 0.14910510086021017
2 0.4164451222919616 0.8501722716997313 0.37705270434141624 0.13934970814994577
3 0.3363877207483672 0.08581807724886385 0.3084849391798062 0.11379486610869688
3 0.4388271952327561 0.9183437211175923 0.2902579351540853 0.08877634790607712
4 0.3637163725165032 0.029944192427147517 0.2337094007617059 0.05988838485429503
4 0.45122015478007643 0.9523594417790829 0.2593116598847349 0.051038558459827445
5 0.3569830081165989 0.012411301740603077 0.20897089874884556 0.024822603481206153
0 0.5593768911317866 0.43218417869549053 0.34678276100557465 0.15435652599343186
0 0.5603580693711755 0.538735308257005 0.3462227286260556 0.14474114137804725
1 0.5844061420296212 0.3109418102915846 0.30421357071074284 0.16385561105482685
1 0.6058804055041579 0.6414943649863207 0.3371673763901902 0.15379649361391265
2 0.5778353726902563 0.19752916250573097 0.39656348976194494 0.14527746521667623
2 0.6830027618743398 0.7364237010975843 0.2905142428029547 0.13430941673427418
3 0.6120018341418413 0.1045029115210199 0.22208648573622425 0.11115842084687143
3 0.6814982356419976 0.8239540735706492 0.17825722258747453 0.09902289052365085
4 0.5846020567510348 0.04415245164791268 0.21163105255156106 0.08830490329582535
4 0.6537495595892222 0.8890560775963698 0.15961019427711448 0.06679283385949256
5 0.5623018421281254 0.010107656097924642 0.17347323882067217 0.020215312195849284
5 0.6490355798698599 0.9288595472297113 0.14915476109245118 0.0518097245568967