0 0.46436445569267887 0.34390273988089076 0.24814428208518619 0.3933727094582536
0 0.6368012559570121 0.3656219618809167 0.23942098075971374 0.3640222757182764
1 0.3150161543672066 0.3253943238581165 0.19058817625082383 0.3462373328363768
1 0.7809690350684507 0.3543344409275257 0.16769375847959694 0.3206860316164451
2 0.20210348606541 0.31157604682776363 0.18501438089188044 0.37698305294255346
2 0.8709140738604054 0.39026634324498216 0.1576902115289448 0.358307103588278
3 0.10341981351905655 0.3160640258895039 0.14150341126461152 0.3236446976467849
3 0.9323330202125016 0.4113043954118385 0.09837038235332603 0.2775178808125549
4 0.048441191767605814 0.34886037223727434 0.07269417771226952 0.24458694783314364
4 0.9663971971431919 0.43642722671195233 0.06720560571361608 0.22552427190031551
0 0.4703961747194882 0.5280491105970332 0.1611121212113643 0.33220098249185254
0 0.5779342396396172 0.5313862665309607 0.16313802664922697 0.3251575373282552
1 0.3562134824117959 0.536033542249237 0.1808468113967782 0.34316111349076606
1 0.67958355860415 0.560468086974096 0.1643978290358386 0.3491959988667167
2 0.2435476637776795 0.5499435426370856 0.18387033712464584 0.40085342118307377
2 0.7759059318774194 0.649032464729256 0.17401321365122321 0.3498683720584813
3 0.14631787478557146 0.5591551673575474 0.14960703301606224 0.29547091699239564
3 0.8570067999148829 0.631298061830027 0.13354621299039018 0.2632123572047488
4 0.07951921424216585 0.5505565792047746 0.11368554256631527 0.24984838005198912
4 0.9140011054849122 0.6369632539437949 0.0771341509232625 0.19220661234235173
5 0.9603015929958567 0.6100924763316693 0.07939681400828665 0.16744523762945518
5 0.03897389103307622 0.5365031955438803 0.02957137042026825 0.15295514737377786
5 0.9863106360673134 0.4781836177997129 0.027378727865373192 0.07480487738244271
6 0.9788054204495032 0.5951903895061043 0.042389159100993584 0.1487692882751797