0 0.4188053374300346 0.5576923076923077 0.40108852781361537 0.23557692307692307
0 0.45056017729029796 0.39302884615384615 0.3839254181408101 0.23076923076923078
1 0.36683643854269055 0.6911057692307693 0.363232349211241 0.17548076923076922
1 0.4614115516153458 0.25600961538461536 0.32409843755793805 0.1658653846153846
2 0.34616807963801666 0.7908653846153846 0.37905071250051725 0.16105769230769232
2 0.5100603278851328 0.16105769230769232 0.3812864653564223 0.15865384615384615
3 0.34184763390777767 0.8665865384615384 0.3087173408298846 0.11778846153846154
3 0.5425292842784258 0.09254807692307693 0.2913861378591382 0.11057692307692307
4 0.37919953261632866 0.9194711538461539 0.24559550762079047 0.07451923076923077
4 0.5659459126077931 0.04927884615384615 0.23408055674538303 0.08173076923076923
5 0.36765931174958616 0.9435096153846154 0.23066815080389005 0.0673076923076923
5 0.5678707488591511 0.025240384615384616 0.2222799592567638 0.05048076923076923
6 0.3495211489554343 0.9591346153846154 0.1496602947475557 0.04326923076923077
0 0.8351579686228726 0.6334134615384616 0.31671880579845835 0.16346153846153846
0 0.846119499537886 0.5252403846153846 0.3077610009242279 0.15865384615384615
1 0.812590043458176 0.7403846153846154 0.3189545586543635 0.16105769230769232
1 0.855768670802791 0.4254807692307692 0.28846265839441815 0.16346153846153846
2 0.7884840086206741 0.8425480769230769 0.401021514481015 0.1658653846153846
2 0.8585004668775541 0.328125 0.2829990662448918 0.15625
3 0.7621087142609668 0.9122596153846154 0.3399168008472142 0.15144230769230768
3 0.8752098366392065 0.2512019230769231 0.249580326721587 0.1466346153846154
4 0.73578395988393 0.9483173076923077 0.26443955027300703 0.10336538461538461
4 0.8953316123423517 0.19110576923076922 0.20933677531529654 0.11298076923076923
5 0.700541464074608 0.9771634615384616 0.19550146496857387 0.04567307692307692
5 0.9072332897963116 0.12980769230769232 0.18553342040737691 0.1346153846153846
6 0.5807946596184884 0.9663461538461539 0.07922584311158236 0.0673076923076923
6 0.830209132907894 0.0985576923076923 0.176505802368346 0.11778846153846154
7 0.5253968814397212 0.9819711538461539 0.04579063023834774 0.036057692307692304
7 0.7692977825633697 0.06971153846153846 0.09141316717875451 0.06971153846153846