0 0.36110040989716846 0.37554081936317496 0.34811411094166683 0.20150673916276618
0 0.3568761743061961 0.5570312039785595 0.33838682604572673 0.1963072499554159
1 0.3407266825469015 0.21906838853539634 0.3300562847786325 0.1479364792037496
1 0.32581898498002076 0.7047922354496912 0.3128936608600429 0.13282775770627134
2 0.3471299587915597 0.098729157005717 0.380257303308013 0.13797418215772225
2 0.3547470541584929 0.8032785109104187 0.34587610533055557 0.10535289300892003
3 0.3767324444705128 0.024095616437803096 0.28980434182820514 0.04819123287560619
3 0.38314460194337535 0.8729676071374495 0.2800770569322649 0.06424672547469121
4 0.40743383417403767 0.9128045248912324 0.2245088446924145 0.04997466253242832
0 0.5454412368495724 0.40045065212168546 0.3128936608600429 0.13282775770627162
0 0.5416656073198713 0.5110765498110658 0.31255796001837616 0.11840468078319469
1 0.5819205650874463 0.27768513220365243 0.27482377338044894 0.14808749318456343
1 0.5631583374756939 0.6194720575619213 0.3128936608600429 0.13282775770627134
2 0.5775345087099357 0.156584749109165 0.39686042582382497 0.12904444211673882
2 0.6099474023871789 0.7244352522973289 0.3365404714165599 0.1169803268784931
3 0.6374368469432158 0.05928204463429517 0.24491456686901714 0.10123902556251314
3 0.6175206068824246 0.8117838400130558 0.18694250847532054 0.08686901339533566
4 0.6244684736673611 0.011559111407402041 0.20293017944807692 0.023118222814804083
4 0.6065344438302342 0.8710698676819444 0.1645245911268164 0.052333624217259386
5 0.5847869232260141 0.9283928207091018 0.1266785042083334 0.07720874431093595