0 0.4487737814596539 0.551337231294544 0.36820971490475374 0.2662033716103028
0 0.42073963686776483 0.380185876480108 0.3656939836213971 0.25643394153391913
1 0.44101596092643813 0.701962729562426 0.3482516923321667 0.202471007922311
1 0.382656552783638 0.24691031889428303 0.31211008617734165 0.19294878754578831
2 0.4517624983474878 0.8105675022574312 0.37461008617734165 0.19695396953176106
2 0.3886949815159451 0.14083299720305434 0.360019181559999 0.18160661984269055
3 0.486897138336719 0.8875837434193701 0.29715555488909007 0.14635143785671764
3 0.39796156716692366 0.0669765303972503 0.28007689027076854 0.12363850424510961
4 0.5164417321769991 0.9289274059261139 0.22442480206139812 0.08884545864213376
4 0.3972351558904199 0.03794036326206058 0.2389597641139855 0.07588072652412116
5 0.5017669137125236 0.951486294076723 0.19026747282475506 0.04341959141891749
5 0.37226049845762255 0.0199885398387139 0.1929790030847549 0.0399770796774278
0 0.6141644963399333 0.4782851172161156 0.34579190361356527 0.19750927015361983
0 0.593732646097555 0.37630614174972166 0.33360484515006905 0.18231596592554816
1 0.6585648799148291 0.5847332534571354 0.30011882669048834 0.19458240639463972
1 0.599785060471051 0.26902689698156984 0.3216974995103485 0.19116112323593804
2 0.6729311722078368 0.6919050348837191 0.3986765189981807 0.2008982702955967
2 0.6564720861283928 0.14529154368628616 0.2854160369436355 0.16961967209018447
3 0.7345221055305645 0.7660248528977464 0.21539681437594338 0.138710046028907
3 0.644243912806644 0.060802255260241966 0.1887587077069925 0.12018862288099547
4 0.7229216019316839 0.8340257497799339 0.20080590975860074 0.1233626963398363
4 0.603979910762378 0.026208695963596436 0.14506990770209754 0.05241739192719287
5 0.7029775650002856 0.8965561903910024 0.16195277334377559 0.08724412281000692
5 0.5802771046124477 0.005536864710224527 0.15675348308279688 0.011073729420449053