0 0.37730440746474253 0.37940042737676044 0.4179511825656713 0.2885417804123695
0 0.426187370125821 0.5598337593258413 0.4179511825656713 0.2885417804123694
1 0.3122868500231727 0.2399056249525122 0.3758270192295019 0.213329802115798
1 0.45649601585404653 0.710383235546034 0.3566382092894254 0.2142764277137914
2 0.274340989634303 0.13446483657165892 0.40931302822057664 0.20626455347315545
2 0.5207373264177989 0.8054068841241284 0.38510672951934394 0.19482764316295503
3 0.2704685683062077 0.06316372135198647 0.3219353808682585 0.12632744270397295
3 0.5616595666770454 0.874516751343067 0.3024528558933322 0.1357498404159663
4 0.5888151823111313 0.9133784576941543 0.26112591908032645 0.10621093904247167
5 0.5940214878804054 0.9358506910167297 0.24109792332639357 0.059080641563542056
0 0.8146846128848414 0.27043642960021913 0.3444931006481161 0.20615412640484523
0 0.8373025418319242 0.38640336544386494 0.3253949163361517 0.1980318250958989
1 0.7862072795939313 0.155853569402978 0.3420472952035772 0.20356812768151755
1 0.8550945285947822 0.49321029809583006 0.28981094281043557 0.19085614938494613
2 0.7339222608633704 0.08221775518022903 0.41428855769104034 0.16443551036045806
2 0.8596653615114866 0.6011101461646846 0.28066927697702665 0.1855019993688092
3 0.7076958329167043 0.035160602610747466 0.3528916658334087 0.07032120522149493
3 0.8845010495731119 0.6834232358544843 0.2309979008537762 0.16743587105610055
4 0.9080089366857358 0.7453947095213322 0.18398212662852842 0.13753266454364302
5 0.920510699297934 0.8045801005200783 0.15897860140413192 0.14532652346421207
6 0.8631744218219665 0.8420412192577447 0.18205075174756047 0.11462298117265654
7 0.7940293337847812 0.8797755668496335 0.07531645729239446 0.05131980657700579