0 0.6892976916044453 0.5503113046370015 0.42296261327823986 0.26692364663560014
0 0.6954930336347085 0.34721088225883656 0.40113209944379563 0.26034993614527574
1 0.6911505465909354 0.7141652915835692 0.36733541959601995 0.19529902099258523
1 0.7141218455683679 0.18289091232781715 0.34059926422896897 0.1859290158633852
2 0.6756642901414229 0.8372274284141749 0.40972310734102063 0.17719644197323375
2 0.6684079743197182 0.07536626607516725 0.40211977197982446 0.1507325321503345
3 0.6402391776522323 0.9148862470636403 0.3394769382858949 0.09958677856743847
3 0.6373844952909388 0.01874100208881415 0.3084228367357238 0.0374820041776283
4 0.5797736691409282 0.9403226575554566 0.2729079553085032 0.053423339404157735
0 0.1829717863105791 0.5542587801804668 0.3257843904062343 0.17513628579291252
0 0.18388804199964312 0.42876821957418004 0.3379995196252939 0.18092509931317835
1 0.18625109382791638 0.3091891622312515 0.33289797964285833 0.1733211123666104
2 0.2037799149441605 0.7985680787814584 0.34722310734102074 0.17209461166785245
2 0.20082927487524932 0.19343667598344183 0.349431055045038 0.16748314360267466
3 0.1847144216418283 0.8929802860084248 0.3010602842933716 0.1563471202908427
3 0.18479412588452615 0.09586010488832283 0.31087156735858507 0.16193970956859383
4 0.16955263538845083 0.935219240321412 0.2648597582917498 0.09109998089563749
4 0.1701302660426053 0.0442013951042169 0.268145147469826 0.0884027902084338
5 0.17130974688502085 0.013074084847309294 0.2176194937700417 0.026148169694618587