0 0.5768975106528956 0.6454309023053012 0.20406280759874085 0.37837080158599873
0 0.3966929601213228 0.6504054613287914 0.1991712042841597 0.36369576418559946
1 0.7319875430794168 0.6607681661604843 0.14852261303961273 0.33220402532756144
1 0.25986252911759183 0.6756765108020286 0.1316117789558011 0.31689908673385614
2 0.8509080018557277 0.6549849572049808 0.14159077793437055 0.37990300768850077
2 0.16114400738002935 0.6428670902476904 0.11259078724225378 0.3519489371322594
3 0.9457480435901323 0.6407304074013273 0.09554010148029399 0.3126055370000928
3 0.09500327522972313 0.6333930182998931 0.06651214045254775 0.27984377413615885
4 0.9856126873516095 0.5924542923471283 0.02877462529678108 0.2324069738718259
4 0.05517199167748404 0.6024681905158302 0.04691775685859381 0.21633593222686953
5 0.024984063076259146 0.5768549759941043 0.02449997207634982 0.08058672546353457
0 0.5385610373465409 0.45838205475989946 0.12936176964791757 0.3432154141875029
0 0.42926994835342963 0.46707303082389373 0.12444219599770698 0.3237326844794114
1 0.6550007315460239 0.439251711719581 0.13409953611653608 0.33144814389559446
1 0.3197900595948187 0.443312083810965 0.12440024049426263 0.3165211460178729
2 0.7606301106371067 0.42075638068221033 0.13451909115097968 0.403563528510979
2 0.21257416531190587 0.39563865549823585 0.12920793280195492 0.31677310649519524
3 0.8601799485045002 0.389926868278956 0.11699290968331702 0.28248935914804324
3 0.1307524924903405 0.3757303273837565 0.08290552332721211 0.20620640503755622
4 0.9346502311863791 0.38541879413899033 0.0829614639984715 0.21582178965294083
4 0.07324898456353254 0.4051587247328118 0.05144574580999019 0.16851096962726891
5 0.9828530207736355 0.40957301429682885 0.032061139733258415 0.14106082002567205
5 0.030056672217283167 0.4161122342830649 0.05614155677516412 0.149532160873822
6 0.009798794507275815 0.44508947917752195 0.01512233531381675 0.12094818912427467