0 0.6294456806548064 0.35461166726120036 0.24023238124895158 0.38840376238289553
0 0.45013537950823124 0.3151082337974595 0.24504007355664376 0.38843173271852527
1 0.785723650990436 0.36032839547685447 0.1823442812072366 0.35441427220149424
1 0.29849727946651644 0.2805733220712812 0.17736876688576672 0.32554014801971093
2 0.8940995128468274 0.3958134972592895 0.16565720980846138 0.37835483756525246
2 0.18565636191389512 0.3039544807224473 0.15359602353578639 0.37107337326463985
3 0.9563190081353822 0.4370494888217662 0.08736198372923563 0.32022898967068597
3 0.10162663528789072 0.3214938460027756 0.11710479102583535 0.2963443649781872
4 0.97582248813854 0.4960556009335154 0.0483550237229201 0.25029368852411077
4 0.0440532015220088 0.3415908942829128 0.08558907283735422 0.2504894808735179
0 0.561273312008045 0.8253529509645101 0.16044394763414013 0.3086153287680844
0 0.44462384029133994 0.8138573626331846 0.17260303008151878 0.33272371614561974
1 0.6695582702736403 0.8430313665678368 0.17251911907463005 0.31393726686432627
1 0.33160810814103375 0.8071904443612739 0.16789323394853012 0.34952266888691325
2 0.7824830988331504 0.8337446333960999 0.17263100041714863 0.3325107332078001
2 0.22326021662027187 0.7765130348865311 0.17045091694833905 0.3759789617470358
3 0.8667505733120062 0.8568538826300269 0.15313451299789832 0.28629223473994614
3 0.13554080975660945 0.7796083454920603 0.15338624601856443 0.3350156809569476
4 0.06693329819729049 0.7623828451324155 0.12648242778836843 0.2555349210340617
4 0.9137304620706174 0.8750855137171877 0.10725165855759919 0.2498289725656246
5 0.03562036494212391 0.7513837302585155 0.06377265027114648 0.21911361436318472
6 0.028953446670213084 0.6383679981082093 0.05113807211806466 0.11327445775488015
7 0.01422269605521064 0.585399471716705 0.021956274244355704 0.05541432804879475