0 0.6081614958207104 0.6459466364417279 0.3932114546905879 0.2562304014742382
0 0.5770645313115238 0.4642586632281537 0.3979911766626506 0.2516466310345639
1 0.6738904668756296 0.7907965047368942 0.34470099141140625 0.17947195202482702
1 0.5629553193091303 0.3109986473218734 0.33748945294986765 0.1791360692228001
2 0.6973633304727412 0.9012351336099799 0.39031812766322377 0.17198382515561378
2 0.5106782573693092 0.2064280257022181 0.38549645018771683 0.16935605713374952
3 0.6894113794721679 0.9612619622052627 0.30827968474052897 0.07747607558947459
3 0.4693933177194806 0.1324093052086803 0.28904891550975986 0.11439685054261982
4 0.44146938359395393 0.08304483139065358 0.24080417041905924 0.08331147801628577
5 0.4388627525067932 0.04807710122587534 0.2142639665520479 0.06525298466526355
0 0.17823664864543357 0.6884056292541149 0.3206625298729446 0.17835234268473707
0 0.16071745976167806 0.5686315181006671 0.3157849117261783 0.16610919004748814
1 0.19934062900823607 0.8047419125778068 0.3230104353555316 0.1688489190033615
1 0.14326819671699653 0.4608766377164502 0.2821170804045174 0.16213789081751584
2 0.24319723682568833 0.9077187478515076 0.38312057436950026 0.1740517885074329
2 0.14026998093102153 0.35860121524397964 0.27726743259338066 0.15470243048795934
3 0.26636941931478186 0.9566221222241078 0.3250506671461931 0.08675575555178429
3 0.12054973082673442 0.2735709123872922 0.238749953460583 0.1432956709284306
4 0.28578199572714347 0.988991731564198 0.26699474509070065 0.02201653687160415
4 0.1009483546488731 0.20897330183829704 0.2001625484887114 0.11986968059967101
5 0.08612670044307448 0.1397919208496276 0.17144226115289074 0.14016076477617825
6 0.15680241412868445 0.10222938378750882 0.18583736774033804 0.13602483807254004
7 0.2299518998072146 0.07679803842862981 0.08697200174072019 0.07854982439355518