0 0.3858173076923077 0.6227553805657251 0.3581730769230769 0.21121840538902
0 0.390625 0.4376312563839417 0.3629807692307692 0.20884252957080343
1 0.3473557692307692 0.7768252970969157 0.33413461538461536 0.14617470755702572
1 0.38461538461538464 0.2886277577650172 0.31971153846153844 0.13407156578090637
2 0.3425480769230769 0.8982474982017761 0.36778846153846156 0.14396665375258685
2 0.4254807692307692 0.19223616375831948 0.3581730769230769 0.11266071308132777
3 0.36538461538461536 0.9726338698767663 0.30288461538461536 0.05224290037543365
3 0.45072115384615385 0.1247816271885718 0.29086538461538464 0.07380758992097497
4 0.4951923076923077 0.08606136312245961 0.21394230769230768 0.049321603012439964
0 0.5817307692307693 0.6035867432349731 0.3245192307692308 0.13890722842422826
0 0.5853365384615384 0.49178691932940477 0.3245192307692308 0.12929184380884365
1 0.5985576923076923 0.7272869239833464 0.31009615384615385 0.14843870203272402
1 0.6153846153846154 0.3870447970394121 0.3076923076923077 0.1315977937879863
2 0.578125 0.8451942594482337 0.41586538461538464 0.14905404941657516
2 0.640625 0.2895421835465875 0.2692307692307692 0.10733556956448798
3 0.6310096153846154 0.948251970371693 0.25240384615384615 0.09762228877439966
3 0.6742788461538461 0.20881754504333416 0.15144230769230768 0.09222721941848605
4 0.6826923076923077 0.13785513541752087 0.17548076923076922 0.0707324557120186
5 0.6742788461538461 0.08021177581256497 0.13221153846153846 0.06326918422981379
6 0.6334134615384616 0.06121875443464728 0.06490384615384616 0.04364683030023027