0 0.38389077432272134 0.39561604957818164 0.40223928993976116 0.2303970566906237
0 0.3633625125688057 0.5785181537239534 0.354662877138531 0.1887344455520754
1 0.3877863876705559 0.23462129620652858 0.36030696252394334 0.15520647727030765
1 0.20995426067664516 0.7265103627639085 0.10029640071217957 0.09062067932002112
2 0.41404104854671675 0.1092646422356395 0.3986565400514728 0.1534739797675468
3 0.45035562384695077 0.031157268357622725 0.33486567538302153 0.06231453671524545
0 0.583798554433636 0.4353606999292146 0.3452121199968123 0.1405316446030738
0 0.5496342562220542 0.5500469037252208 0.3258693898320342 0.13779212412368494
1 0.6169848514363129 0.31588778347086244 0.3410761932931741 0.15487080294476507
1 0.6283387663072326 0.6651648670125103 0.21143312845914755 0.10457003746112183
2 0.6514290519829173 0.19519196429024077 0.417663387414224 0.14900196178539712
3 0.7150256419805265 0.09320242320672796 0.233515587579799 0.11456305569274201
4 0.7170146055228603 0.028272567122490613 0.20712594642714832 0.05654513424498123