0 0.3807892831829823 0.32941090232028086 0.24712675132994363 0.4189289543625389
0 0.5673097909338378 0.33924146343917955 0.22431674524635498 0.388443427391051
1 0.2183562115830455 0.31655689242964336 0.178643668323278 0.384982528570901
1 0.7446209729165896 0.19280409318278535 0.0884443812808513 0.11214457070108591
2 0.08979941696473351 0.32510013181998454 0.17550111283913125 0.42548360804732244
3 0.022671262533101425 0.34655401404339503 0.04534252506620285 0.3309304334516715
0 0.38129538988132317 0.5522399843500468 0.15014442690776683 0.33249808107583445
0 0.5042343660146776 0.534536741768025 0.15696416846964759 0.32342915416889456
1 0.2567851360058954 0.549692687193858 0.17315033144118455 0.3677913003550147
1 0.6073855000891679 0.620180952426095 0.10438158104665973 0.2092091797023398
2 0.1322524398959601 0.5771023906760052 0.16936701585165176 0.45137945803118534
3 0.04085930295464575 0.6367087197561462 0.0817186059092915 0.2265825604877076