0 0.360815360891046 0.37586963594964795 0.36568902149530114 0.19641947081720063
0 0.3635309827782022 0.5587297713362213 0.35351574526507135 0.19387576825146652
1 0.3465587861260181 0.2229456923566411 0.3357036682000174 0.14082332517258533
1 0.33738430931084235 0.7039666646672704 0.32035631851094676 0.12623242055524278
2 0.3542610591759659 0.10275338466433342 0.3801443814351027 0.12212401030699069
2 0.37313575310219294 0.8030138544165708 0.3449500806712669 0.09769395081524287
3 0.3926903146207797 0.028625751848389145 0.2771193707584407 0.051265649267970316
3 0.39541883334752875 0.8682253846765706 0.2801393987562827 0.06090900516573273
4 0.4205983367407763 0.9070085928854515 0.2189649266831361 0.0433828000293693
0 0.5470059744725548 0.39848408828279364 0.2913561192037939 0.12349291901286531
0 0.5508142136894101 0.5079849590534928 0.2977974303603376 0.1115576020907674
1 0.5942946863304647 0.27995522982663956 0.2946842381236338 0.13794396721831986
1 0.5487668829826489 0.615012055464402 0.2892603639719456 0.12827264003818015
2 0.5839681132265664 0.1595531375164998 0.41875996535764004 0.12497539697887855
2 0.5375663040434998 0.7147157282842621 0.23437315759434385 0.09640727182587264
3 0.6322742620893317 0.0626868657273387 0.2439885422097285 0.09651915695538313
3 0.5961077041769579 0.7959858134211149 0.11085273098219627 0.0805576595015378
4 0.6293455559246954 0.014540014444471592 0.20284734968907067 0.01677266464279594
4 0.6076504994604857 0.8598695498334924 0.14583210506289582 0.06415030566027888
5 0.5868954171280892 0.9209718277799261 0.12210173444643228 0.06867828514419526
6 0.5504991932873303 0.9446047057239123 0.06783070991282641 0.04642830154727225