0 0.6016170243433232 0.6614883726893167 0.25252378594679514 0.4239201949372865
0 0.3998058477008018 0.6615962532136757 0.22904281593301307 0.34408972059786325
1 0.7682936859927356 0.7002047015992527 0.1793453486661329 0.37656861380587614
2 0.9019309480923082 0.7129253190000541 0.1829241477658123 0.42710533317692334
3 0.9734508167223827 0.7016064699233447 0.053098366555234616 0.34526065378750015
1 0.7201837631504276 0.43961018952900704 0.17414600537649605 0.3596297904483976
2 0.8450159127295944 0.43530805836191305 0.17157631867991496 0.4556717363216881
3 0.946363072538782 0.39455658390518245 0.10727385492243585 0.2574373489007479
1 0.24070641030283182 0.7419822091996797 0.11907732464294885 0.16133945288717955
2 0.12132437470550275 0.7223857541790065 0.09761055967916682 0.1680474400862179
0 0.5996267746072653 0.36953296527756463 0.12947601122222244 0.1952170996021368