0 0.4660600593221621 0.5431337752842447 0.236904813339394 0.39915172742332494
0 0.6504007157514273 0.507473412049548 0.2191545045307181 0.3714343517446463
1 0.31438118636340034 0.5823446942155555 0.16626988914610258 0.3674269952160517
1 0.7974703191290451 0.5433281815959128 0.13124240206165894 0.2568859348897142
2 0.18950710259954848 0.5954223970593666 0.16769693982244804 0.4082923798314363
2 0.9093483766461656 0.5722087787843756 0.09174299929925092 0.15559595403979834
3 0.08841964790186191 0.5994670357468236 0.11718563617999446 0.33493778998026613
4 0.03672168838832743 0.5684364704751674 0.04221615021191892 0.24774244366504974
3 0.9683112843669862 0.5352030414704132 0.056913934941355555 0.11939197191321
0 0.46122944073100675 0.30127400796848386 0.14608519977189602 0.26999808107583445
1 0.3462645461335518 0.3220365620728302 0.1606227552640894 0.34302422853862696
2 0.2285180566738063 0.33216396105435053 0.1534417512142353 0.4120071567222391
3 0.12037168462360325 0.30661590424243446 0.1254273798647814 0.2276754759045972
4 0.048061706820480596 0.3410177114577764 0.07883091720995149 0.1977722693921396
5 0.016785001947606716 0.37713061729962377 0.012248187907463617 0.144777226939214