0 0.30008886301591375 0.593189172161173 0.3791539697785903 0.26201186114660635
0 0.33572969218549187 0.41257647819235116 0.37434627747089794 0.26170377022460833
1 0.26018581231765003 0.7422437752079969 0.33943365259626684 0.18743174915523836
1 0.34558466596067877 0.26159630688304036 0.3249266570918043 0.1816997840815523
2 0.254670895360357 0.8513877070164984 0.385064770228651 0.18795476676037245
2 0.41218786338758456 0.16839976509924293 0.3680280506982638 0.17485721776414892
3 0.2615528427885302 0.9353415211403585 0.3169598513977949 0.12931695771928303
3 0.44836535027517793 0.09491227043757393 0.3071766296196389 0.1277368504699443
4 0.31136226336821415 0.9679698595351679 0.25610843031916997 0.06406028092966419
4 0.4898811038963014 0.060271427889940776 0.23658394605355107 0.07278876287020533
0 0.7638064779015882 0.7047277380952401 0.31050358016872737 0.18077551131555852
0 0.7814245442094977 0.5915463412840409 0.3152273538950339 0.17627590992986425
1 0.8205303683845977 0.4881648151602941 0.3441574263225735 0.18293214776954406
2 0.8236833984787373 0.3764629917369474 0.3441574263225735 0.18293214776954406
2 0.7286123045764621 0.9150896300934215 0.4140368019468833 0.1698207398131571
3 0.6938675168646025 0.9613018661299948 0.31206824050871684 0.0773962677400105
3 0.849148475900755 0.29627267711616767 0.29591266608287914 0.1702358539341803
4 0.6980667994572486 0.9967738172047599 0.28200526723247094 0.006452365590480287
4 0.8707560283478467 0.23027437122696648 0.2449283853637958 0.13815474540704833
5 0.8911616577180153 0.16419904260726584 0.21625006868041324 0.1459215844904455
6 0.7990331737018667 0.1342298308203445 0.14599305943986815 0.1102042661214758
7 0.7334728752501042 0.09874358064287324 0.06093533966001056 0.05192805960189695