0 0.5192307692307693 0.3412430619946694 0.2644230769230769 0.40827231885599097
0 0.33533653846153844 0.3957417131151471 0.2620192307692308 0.39857299008317426
1 0.6658653846153846 0.27602631454515836 0.20432692307692307 0.3725198687663427
1 0.1814903846153846 0.40952760072926214 0.1778846153846154 0.3307310984192052
2 0.7872596153846154 0.2525563653640688 0.1971153846153846 0.40351803629404637
2 0.0889423076923077 0.4644421430980898 0.1658653846153846 0.3591575314781986
3 0.8918269230769231 0.25852017913115766 0.14182692307692307 0.3078373206731084
3 0.038461538461538464 0.5058684319426251 0.07692307692307693 0.2526862130378268
4 0.953125 0.2756103723474087 0.08653846153846154 0.24821429735986283
0 0.5360576923076923 0.5425785298157217 0.18269230769230768 0.34051437134945384
0 0.42427884615384615 0.5765300100593908 0.18269230769230768 0.340514371349454
1 0.6610576923076923 0.5310018951677148 0.18990384615384615 0.3263431268986732
1 0.31850961538461536 0.618685091447941 0.17067307692307693 0.3208638813315242
2 0.7764423076923077 0.49331872945712857 0.20432692307692307 0.4350198687663428
3 0.890625 0.5241871512098737 0.1466346153846154 0.2647359782187419
4 0.9555288461538461 0.4954783512668997 0.0889423076923077 0.21464439536344876