0 0.6141826923076923 0.5626868831607174 0.3293269230769231 0.19419265726050347
0 0.6165865384615384 0.38471832361867 0.3293269230769231 0.18938496495281115
1 0.6370192307692307 0.708524029049728 0.3173076923076923 0.1360806287810352
1 0.6346153846153846 0.24706951166869856 0.2932692307692308 0.11601041797594523
2 0.6322115384615384 0.8252784558261307 0.3581730769230769 0.13029614099584236
2 0.6069711538461539 0.15548679255609063 0.33653846153846156 0.09829064357895358
3 0.6033653846153846 0.9152280934076232 0.2644230769230769 0.08856078039445237
3 0.5901442307692307 0.089968632427346 0.25 0.056807115449860016
4 0.5673076923076923 0.9633622557691047 0.23557692307692307 0.0418803735821904
4 0.5685096153846154 0.05466643753654245 0.21153846153846154 0.03863708585402355
5 0.5877403846153846 0.026350653507855 0.17307692307692307 0.032486287027417876
0 0.27283653846153844 0.5505684919776122 0.3004807692307692 0.12587763506362612
0 0.2776442307692308 0.44102560366274796 0.3004807692307692 0.1162622504482415
1 0.26322115384615385 0.6662888839919557 0.3004807692307692 0.12828148121747227
1 0.2644230769230769 0.3393238349901629 0.3173076923076923 0.11684985955026611
2 0.2608173076923077 0.7757478281493879 0.3870192307692308 0.12409193242348894
2 0.2644230769230769 0.2395642196055475 0.3581730769230769 0.11587306407276543
3 0.26802884615384615 0.8644383033693993 0.31971153846153844 0.11212611140000589
3 0.27524038461538464 0.16827300935864156 0.2668269230769231 0.09345241685957689
4 0.2764423076923077 0.9290483449722332 0.24278846153846154 0.09742066759294833
4 0.2776442307692308 0.1189102190473633 0.2283653846153846 0.08730161803297123
5 0.3173076923076923 0.9696886019881954 0.12980769230769232 0.03818683065517885
5 0.2824519230769231 0.05984809996326837 0.18028846153846154 0.09523811949971414