0 0.6735787120992691 0.4137065186326734 0.4054438048669684 0.26586777443614057
0 0.6281403881790028 0.5989720385507064 0.3955203293295858 0.2606682852287906
1 0.7299275079507049 0.26395997028530316 0.362977084419457 0.20180058683750948
1 0.5979258090978768 0.7524488377317099 0.33336070326830836 0.1886059653693053
2 0.7458121743476157 0.14703060953656413 0.39314876619246447 0.18624700368447422
2 0.5315137913507659 0.8534552606622635 0.36849412281000693 0.17565212681994508
3 0.7465501186358858 0.06424987341390961 0.3275678569724852 0.12849974682781923
3 0.4765657037510269 0.9252237328470053 0.2976433848993386 0.11762108698387899
4 0.7046207148962148 0.03634750339341787 0.27012275898003846 0.07269500678683574
4 0.444592058565463 0.9564961750815129 0.2529268637589801 0.0558597963141796
0 0.2149814134224939 0.33049623211515755 0.33832244103699965 0.1912057099729803
0 0.18467367010250615 0.4480132882133833 0.325841073884772 0.1835044253868697
1 0.1601917572266229 0.5601084242764803 0.3203835144532458 0.19449109915105658
2 0.15187953068120436 0.6673244511849202 0.3037590613624087 0.189389559168621
2 0.2617595643723199 0.10561622527112023 0.4250149480364601 0.19713572822374664
3 0.3052741624357553 0.053404984030579486 0.3221439828207971 0.10680996806115897
3 0.12371228230683957 0.7524875334311374 0.24742456461367915 0.17290954852234053
4 0.29789243700485557 0.01869613863718193 0.312868972144135 0.03739227727436386
4 0.09713207066189528 0.8195727949110512 0.19426414132379055 0.14450825633174375
5 0.07822553386148628 0.8815565164085292 0.15645106772297257 0.13592542872140329
6 0.1467605027827446 0.9086926489621223 0.12589198974926907 0.09383976893803017
7 0.19907551844279506 0.9341330221707781 0.07519629383536373 0.05101539982435646