0 0.47710309130350304 0.7168764894679751 0.2606422521642091 0.40497901889563437
0 0.6651854117625334 0.7016829417162255 0.25750979573243665 0.39525167334624073
1 0.3240586926447234 0.7360973169167015 0.18007612385150062 0.3533193459304229
1 0.8249501047085619 0.7079264207509017 0.18379090074230328 0.33912019087536405
2 0.20912945868381197 0.7367328074688845 0.18444778551905847 0.4110116536227306
2 0.9233447347641905 0.6492627397043841 0.15331053047161886 0.3836736584583508
3 0.1146687797811785 0.7071819268941529 0.13108843792716976 0.33906089648101173
3 0.9723958902061848 0.6070604517355865 0.055208219587630496 0.3021075167012475
4 0.07487695979911389 0.6562236667301715 0.0699710941652978 0.2595627180757276
0 0.3863680236255822 0.26232233059568644 0.16725371848661913 0.2473261932931741
0 0.5017153568513353 0.2197874737522094 0.175304294294394 0.3219573849964139
1 0.2600198107297632 0.22290249634037623 0.17381121098795577 0.33386465483163563
1 0.614823065117431 0.19511352166156504 0.1767615148502467 0.3411881542271831
2 0.14978926141651047 0.23812900521664948 0.1816796342262492 0.40609200038102927
2 0.7255821407638356 0.20266757077982572 0.17231812768151755 0.3457719246668574
3 0.07681832748787311 0.25509090857006245 0.13906444941722015 0.31787412483243255
3 0.8128850753308092 0.18517550995354376 0.15942399681546468 0.30205485016159056
4 0.039012254394813 0.2461439756313843 0.06345230323109995 0.2999802589550763
4 0.8786444707979081 0.16787772379810378 0.13709663390350849 0.26029377807413384
5 0.9293253239734517 0.15706373003314367 0.12030557357717096 0.22837201247007977
6 0.9644198787161342 0.2724779926149351 0.07087901819615237 0.11348790736115734
7 0.995504238113669 0.3315698119823554 0.008991523772662137 0.04863672774696818