0 0.5638024569384095 0.41449105100622485 0.3711128956469892 0.20400686692748154
0 0.5588748445920989 0.5851990908488388 0.37382483272283334 0.20882854440298879
1 0.5996415377516533 0.26801027246757225 0.3505888815060911 0.14621666306047038
1 0.5663049945480856 0.7319316024081577 0.32624232904563183 0.14126911907463005
2 0.6086693387284545 0.1646588730200024 0.3879721017406369 0.129613502668584
2 0.5282769942641317 0.8375190259957961 0.36106765766533233 0.12224812736108276
3 0.5846756169037679 0.08876989716007101 0.29369908413550294 0.0834089893685448
3 0.5103574538575096 0.9107594152651224 0.279121961751427 0.08092123220781006
4 0.5573233355481726 0.04652777487007835 0.24136976937274623 0.054269146998280234
4 0.4855649065224157 0.9599123949086354 0.22725478337166732 0.05899292829908376
5 0.5541331205809694 0.021259419919064142 0.23307991268421502 0.037400268417912774
5 0.4861972298747738 0.9857105835263131 0.18229105253144803 0.028578832947373803
0 0.15930968063719111 0.4409946892434003 0.26839597589232506 0.13852962889322876
0 0.15102166635431608 0.5515646197364159 0.27018364020217545 0.12892822944565907
1 0.16519384876622 0.3304107735825698 0.2773951786637138 0.12897018494910328
1 0.13838879727830233 0.6572918950022023 0.27677759455660467 0.1241764778092259
2 0.19480838751171253 0.22477440190757958 0.3134528709714062 0.12917996246632535
2 0.1448847613084581 0.7547175900720456 0.2897695226169162 0.12426038881611462
3 0.2019876429565263 0.15026915630616364 0.2766249513587191 0.11695095417987258
3 0.13606495753471118 0.8412490590265997 0.26972150381917853 0.1217166909841206
4 0.1961463721356161 0.09131898486567368 0.2543741541301079 0.1072097030541548
4 0.12109443067268538 0.9024702175266952 0.24218886134537077 0.09755236293532586
5 0.21295715370417684 0.054143280487947074 0.20189079390635223 0.07566601453004408
5 0.1227381827526454 0.9545786560975895 0.20056526597949878 0.09084268780482099
6 0.3196506572394014 0.0403355509487212 0.10225478337166731 0.05826569957271435
6 0.2109872858704578 0.9656896523140078 0.17514039529204667 0.06862069537198433
7 0.3833059981968935 0.022670319158059747 0.05713700707044904 0.029167812705894167
7 0.27624580506573276 0.9792254724359946 0.08931127983644273 0.041549055128010846