0 0.3887091452267498 0.43001952169277696 0.23934109265492304 0.36015002821907705
0 0.5576977672299361 0.3974441839744708 0.23693724650107703 0.3600800834396576
1 0.24059987137570793 0.4186961256270768 0.1789931830646122 0.34397833181051235
1 0.6964285158565814 0.3537239252296777 0.17368197926860582 0.3149922884055195
2 0.1385622877093249 0.42888031721394443 0.1700491471003129 0.3821600911543727
2 0.8048743281691617 0.3662014101557998 0.16511557692054224 0.37480866313399525
3 0.06336562499683146 0.46113165468873585 0.1156539972507556 0.2940828444686821
3 0.8857388486485505 0.38308902927601546 0.11042671203613488 0.26990449337138145
4 0.03521179944710931 0.5016344535802315 0.05682878870974147 0.22750032360876765
4 0.936282556815359 0.3852259581389749 0.08322913711135627 0.22586587002853603
5 0.019460921575030824 0.4948775561849199 0.02515919580281316 0.20255257993785244
5 0.9665228040699169 0.37099060499123826 0.06695439186016636 0.20882911261335452
0 0.47263942369552947 0.8292235964436603 0.1735980606872203 0.3101845960978272
0 0.582985570673642 0.8127849827442091 0.16385679819975715 0.3026932785186108
1 0.36345324050364725 0.8432233915995557 0.16858057192606382 0.2980254757697573
1 0.6886499032161406 0.8036977970651352 0.16410855394391424 0.3171163554416874
2 0.25623033091333636 0.8319128573606469 0.16668023726053166 0.3268016848364916
2 0.7843631768177122 0.7756596212729703 0.15470296578199394 0.3288558070932402
3 0.17837806630283976 0.8498110626917812 0.1445001510969094 0.2949221818217161
3 0.8684768125569811 0.7720096309163643 0.15415749500298676 0.29760580709324047
4 0.11958873376034108 0.8575343251721745 0.13193544954867187 0.2633224579246188
4 0.9259803034411711 0.7595136485179884 0.12932180694136156 0.2512332823759685
5 0.08372594155294391 0.8008562167814497 0.07243889235657243 0.15827839860316573
5 0.9600333866111481 0.7390588456473779 0.07993322677770383 0.2286194400794797
6 0.06758253371146093 0.7027181931502743 0.058825208541014126 0.06658252085991433
6 0.9678384384345636 0.6438621158424864 0.0643231231308728 0.1776490573927741
7 0.035514327542950745 0.656752475282728 0.012690579420316057 0.03881126235863601
7 0.9797108116863693 0.5846181611761582 0.040578376627261346 0.09281499421396361