0 0.31230575941831434 0.5619125174689533 0.2787958084059864 0.40242263544054946
0 0.47665050533725173 0.5962537435698496 0.27560706528208156 0.3926110265826501
1 0.15765013098026676 0.5697612888034572 0.21816013707595866 0.36165556131250504
1 0.6116339591819135 0.6246343111637176 0.1911783118997769 0.3236356265796661
2 0.07599160686938095 0.5497452258704635 0.1519832137387619 0.37691269044931086
2 0.7142634037048267 0.5959602006704092 0.17410600933666925 0.3485081403318564
3 0.02735048950370746 0.49776799883291634 0.05470097900741492 0.28811784848801353
3 0.7816692081337764 0.5892639988030753 0.12254620513815204 0.27266449510869306
4 0.8305064505589231 0.5613991645355777 0.09119829138297757 0.2104098745948779
0 0.3847148852992222 0.37691467411013974 0.18798956877587217 0.31382401772176666
0 0.49323145382974126 0.39312874356984956 0.19000096644468897 0.3092125496565892
1 0.2823795787739982 0.3434812330884775 0.19780117763377147 0.31701276084567154
1 0.5987063482352001 0.3881006461299733 0.17739306294791418 0.3010198899824773
2 0.16817230884447082 0.3384769198061048 0.2148730834647135 0.40914381166188407
2 0.7017528188649776 0.3689438081307922 0.17356649185279538 0.31264667226667875
3 0.0905376710846746 0.28034281001901473 0.1554151543219396 0.26579624988851386
3 0.7874818058115454 0.35717015521382905 0.12249744662664788 0.18431086014392925
4 0.039810927269471885 0.267121457806778 0.07962185453894377 0.20339456037585413
4 0.8430156468361918 0.37890308108578474 0.09365129278049376 0.18195616923375327
5 0.8959248398426423 0.38891111255228156 0.1041007296096074 0.16370652121555743
6 0.9052215088385025 0.435908802295374 0.06936784848801326 0.0892364456899967