0 0.6293084526160461 0.5961538461538461 0.301107468890045 0.4206730769230769
0 0.44492155826424906 0.5420673076923077 0.29243870987265386 0.4014423076923077
1 0.7742871829083111 0.6694711538461539 0.22571333802399188 0.37740384615384615
1 0.291930953731348 0.5216346153846154 0.22665996362198548 0.3581730769230769
2 0.8836263201577252 0.7007211538461539 0.21587993808854014 0.40625
2 0.18892845484664994 0.44711538461538464 0.2099793303639583 0.3918269230769231
3 0.9454175099013553 0.7043269230769231 0.1091649801972893 0.3245192307692308
3 0.11287885861211862 0.4110576923076923 0.1536696789097787 0.31490384615384615
4 0.984471044213709 0.6814903846153846 0.03105791157258208 0.24759615384615385
4 0.07195826046257889 0.3786057692307692 0.10639309161195325 0.2620192307692308
0 0.6827682914183089 0.17548076923076922 0.20618998915543083 0.31009615384615385
0 0.5651978451999146 0.1466346153846154 0.1977033827075214 0.2932692307692308
1 0.7994100434140025 0.20793269230769232 0.20710075200283876 0.32211538461538464
1 0.4545477772135435 0.12980769230769232 0.1879417082732409 0.25961538461538464
2 0.8994124420692095 0.2620192307692308 0.20117511586158116 0.37740384615384615
2 0.3506359348897142 0.12259615384615384 0.17723340824096676 0.24519230769230768
3 0.945859667412583 0.27403846153846156 0.1082806651748341 0.3605769230769231
3 0.26356894701810074 0.09975961538461539 0.16656097095927846 0.19951923076923078
4 0.9822458021086529 0.30288461538461536 0.035508395782694234 0.27403846153846156
4 0.2068232649237866 0.08052884615384616 0.1492234529244963 0.16105769230769232
5 0.1488756597525494 0.06129807692307692 0.13909747335125264 0.12259615384615384
6 0.11516801947282472 0.10817307692307693 0.10686498500267343 0.17307692307692307
7 0.08883613884882727 0.17307692307692307 0.04982672327056747 0.08653846153846154