0 0.35728225759479987 0.39010215891724404 0.3854544416735039 0.2040628075987407
0 0.36715099340299034 0.5715575806130916 0.373645520191595 0.20639672791351307
1 0.3380231571089026 0.2386248883053993 0.34654286333660944 0.14377086140317985
1 0.3503524015811952 0.7228250737077142 0.33734809729586873 0.14852261303961273
2 0.3512906229972932 0.12938274739963987 0.3837425460742162 0.12957154716513963
2 0.3988036311905254 0.8372315287004434 0.3706717688683759 0.11748239055683467
3 0.37429333879508536 0.04902871584347866 0.3178775974770654 0.09074639434041645
3 0.43077391300021195 0.9143014498855757 0.31024544044088304 0.0858967465292798
4 0.4285754758935897 0.024116982671741765 0.26099710563333317 0.044765643725413994
4 0.45802694649551096 0.9649150782105854 0.2552577321830483 0.06155061129889269
0 0.8036762703549137 0.4119201841937506 0.26721594025968626 0.1433093508652915
0 0.8345192723850418 0.531029442735561 0.307029778438461 0.13152786794891222
1 0.8327586146234685 0.29919814056755506 0.3344827707530632 0.131751630633949
1 0.8424396521426634 0.6440731452214968 0.3151206957146733 0.1317236602983195
2 0.811958426085755 0.19459586995571038 0.37608314782849017 0.1320593043258745
2 0.8302921107086532 0.7534131823019597 0.33941577858269356 0.13685301146575204
3 0.8194549171319797 0.11168415539974028 0.33722823200185176 0.11969044436127385
3 0.8504087940625704 0.8375477976865753 0.29918241187485906 0.12686002731936805
4 0.8148281128108972 0.058799540015124885 0.27680190357435863 0.08810480033371874
4 0.8674326758509243 0.907231365812484 0.26364068237521326 0.10244396624990688
5 0.8658395555000694 0.9550759309101641 0.2317597545132475 0.0898481381796718
6 0.7620083303133884 0.9633355556026628 0.12692220488660957 0.0733288887946743
7 0.702392727688887 0.9824754212426361 0.06346110244330479 0.03504915751472792