0 0.4376019361245997 0.2773212837986127 0.24053129122298983 0.39000457469302524
0 0.620324684427976 0.2859814418659595 0.2447228016866864 0.38066920626740014
1 0.28535896051622867 0.2548217897285982 0.17766231907885485 0.34323514155180024
1 0.779132576042821 0.27914475375774095 0.17371801831501907 0.319056671918459
2 0.17063710909504 0.25305871269692565 0.16887804299060208 0.39301587030817065
2 0.8861950517221806 0.33081671337021856 0.1557804939943787 0.37548890675684876
3 0.08525398851407064 0.27612785026644343 0.12144958477439957 0.32559187844648874
3 0.9545014959891532 0.36126222761227517 0.09099700802169344 0.3009933845285081
4 0.05018145019450919 0.3312525951691351 0.07146323494335187 0.2556240323360808
4 0.9850806612715454 0.3915440252185618 0.02983867745690925 0.2553440161463213
0 0.5281220685180472 0.7485806968112338 0.16216092392878517 0.3255681699055985
1 0.6406245598574573 0.7721884013698416 0.17045078061731628 0.3428151172671609
1 0.29177491813612944 0.7502822593402203 0.15673704977709707 0.3156727691004544
2 0.1854665282534023 0.7480291539764686 0.1713427703665854 0.43147740876970914
2 0.74941381862453 0.7755034217156366 0.16779972476360946 0.3761889472312476
3 0.1073881103728332 0.734480566858775 0.1420667631541594 0.3483465585901423
3 0.8375697575034806 0.7957035149153496 0.15014169315955456 0.32486812943119997
4 0.069512313144222 0.7270353077140268 0.0641585322429516 0.2911216922642541
4 0.9060023501575964 0.790511361134353 0.12403975940596942 0.25389651811574343
5 0.9506367614930299 0.801294227590556 0.09872647701394016 0.221082720531176
6 0.9710623042493691 0.6904491425943186 0.05787539150126182 0.11307336024386891
7 0.9905707237910677 0.6375063774327082 0.01885855241786471 0.06516015380271566