0 0.5394351103349657 0.6211488691482375 0.3738548189494854 0.24457980211579794
0 0.549210523025071 0.44288201724936604 0.3786205557537334 0.23773256879322263
1 0.5547252676625599 0.7712802461035884 0.3421992490828565 0.17250028025099914
1 0.5724308522463669 0.30407854294418185 0.3157289710549191 0.16568890967900946
2 0.5589673620289024 0.8809284749578109 0.36618176995005874 0.1647064213304301
2 0.5526127059673762 0.2016597839267908 0.3708915660830475 0.14824380339247026
3 0.5426299198254972 0.9493951305504574 0.3203268858453896 0.10120973889908505
3 0.5389719970867786 0.1285425601792575 0.28896500450287116 0.10839676987625059
4 0.5068449382901934 0.9839776709270043 0.26236885996460085 0.03204465814599134
4 0.5326896709297746 0.08121217875555355 0.22870102864293976 0.07499680179305734
5 0.5577902038670113 0.05908631919664856 0.17808040773402253 0.04713313629548272
0 0.3649115237443606 0.5658755001685155 0.3638618348031014 0.17894734568402543
0 0.3811161068535252 0.46017941430873266 0.3469370155514747 0.16084535462073155
1 0.3258843873414723 0.6722449827720696 0.29648421665633506 0.16182784296931083
1 0.3492227891340446 0.3472345078285492 0.3061135864395346 0.1649602994010832
2 0.32411686632319936 0.781437830202588 0.39026218699196463 0.17373948548678442
2 0.2860724788306565 0.23071969486818208 0.28921673752353744 0.15166600064548133
3 0.2693388634099779 0.8649887057198964 0.2289667468314209 0.12066987871613413
3 0.28557600537323125 0.1453831564066436 0.18800346604133272 0.10074636195802444
4 0.2877732794304531 0.9360663884525466 0.19279717318121017 0.0987068209431414
4 0.31890120008342965 0.09144290776400103 0.16386710832816753 0.08209791318628558
5 0.3012601514650881 0.9746796338999358 0.151763966552048 0.05064073220012834
5 0.3390821593704557 0.04972197383536366 0.16374124181783445 0.060463297801670216