0 0.37345207419005483 0.6243428903064596 0.3809405573571728 0.252330477380715
0 0.41435704778465826 0.44474261497195194 0.3881520958187113 0.25275050166535434
1 0.3124239578199577 0.7702311697101264 0.36863811032557187 0.19407813730888807
1 0.4285661446217599 0.2949222546412066 0.3367163447215179 0.17783495515237432
2 0.27127204301485536 0.8775060482869299 0.39910438378750884 0.17907131946540225
2 0.4835813316798942 0.20050665540291251 0.37679800279883935 0.1633881696884073
3 0.26849935293445854 0.9498627630835924 0.3175382420304055 0.10027447383281513
3 0.5157303330793138 0.1312732910030082 0.3025553604372835 0.11351484991893737
4 0.5358304565123267 0.08785219786845261 0.24603532862472285 0.08385235604439502
5 0.5169092368137561 0.0542102059850515 0.1921430648340263 0.05913756257242472
0 0.5608960937230504 0.6364654447840047 0.36578642043568965 0.18432274459862386
0 0.5829851806983969 0.5244647322173938 0.36774242285349984 0.17484736807811913
1 0.5672612973248261 0.7585597160276342 0.3104979588972282 0.18110255841638925
1 0.6382802700915536 0.42403951759448427 0.33649242285349984 0.173027262844682
2 0.5332089600472532 0.8686584650429232 0.40173215180937305 0.18401901986797414
2 0.7365646879189186 0.33214406406402597 0.32184542406240485 0.16737952196771116
3 0.5573527546650285 0.9542196738553024 0.22401216389842354 0.09156065228939525
3 0.7503786075596411 0.2425598656743143 0.19438228351420642 0.1072144856493478
4 0.5219635140340427 0.9868584613212703 0.22361698670204433 0.026283077357459314
4 0.7401244184647262 0.17808789807555253 0.17174001972351013 0.08431979741081445
5 0.7347898826115125 0.11149210051270408 0.1774433995032746 0.10383058283134329