0 0.5804328616748392 0.582194985682647 0.22032263356207296 0.39219605637266564
0 0.4052318431454589 0.5824465656631189 0.18320188858910286 0.34400157998047176
1 0.7324896159711533 0.5967614458787699 0.15211973900993614 0.3490279055687756
1 0.2450383631949246 0.7112451382167244 0.08385687456132483 0.09706132597615226
2 0.8527658488738777 0.5847510117509441 0.15061109510053464 0.38732135073237284
3 0.9433576807653308 0.5592167438473824 0.09157598404156012 0.32559480388947815
0 0.569423748247756 0.3849702844269567 0.1349571150913465 0.33342817556011073
0 0.45856707446944406 0.4047218069014795 0.13450951396912417 0.3141974063293415
1 0.6874639854174677 0.3659164051355336 0.15167213788771397 0.3297971363380062
1 0.36221941270272406 0.3166617090401428 0.0983379115027779 0.20367102323508873
2 0.8055042225871791 0.34686252584411054 0.1438471577612181 0.4060478400693187
3 0.911050657734348 0.29748315969136363 0.11080474339423099 0.2237422589555636
4 0.9685191648655446 0.3030643051561611 0.05020503828557702 0.19790531112241996