0 0.38496533153954726 0.5534475558330557 0.3789022140344333 0.2410235980130981
0 0.4082187331391998 0.36952367786664897 0.359671444803664 0.24012791054102595
1 0.3624523008191967 0.7108731456401503 0.3539826073914222 0.18942321944223897
1 0.31545204670166715 0.22348182827660226 0.1460350187305609 0.1100830406559253
2 0.3489462449991846 0.8329951224804398 0.3994458878610351 0.1795312464191793
2 0.30150268856056617 0.11346470986972425 0.10475004120824802 0.08414124323931055
3 0.3566132523661668 0.9276671432223402 0.3264913174317939 0.1280954953219856
0 0.5879854333128152 0.537977241524679 0.37283574300595596 0.16868429152969547
0 0.5836514597870989 0.4275122793817649 0.36562420454441746 0.1683484087276684
1 0.5985388186766112 0.6601815321018012 0.35394064810072945 0.18701937328839252
1 0.6804888211763852 0.3243641887797031 0.20178503246664356 0.13910044983044031
2 0.5994348601343297 0.7804298202611134 0.42340043081811085 0.17584316345157694
3 0.6457522227709679 0.8841277737511775 0.2232098513977949 0.1280888674672906
4 0.6239227072860575 0.9428837103165708 0.21494933066893568 0.06765683081910968