0 0.5781271060142653 0.7051739186302175 0.28660862262432746 0.4528251328742016
0 0.3827232392562951 0.6598449299587757 0.2618568531440879 0.4112603004646219
1 0.7446848189260815 0.7496635699486252 0.21112432816916174 0.39536838317373524
1 0.2007591358589345 0.7650710774101063 0.11533048950956773 0.1379027892481014
2 0.8807958416532391 0.7704423730627507 0.2168131655814035 0.4459890419633433
2 0.08505982579412288 0.7436848818441237 0.09074655719209941 0.10595334145390659
3 0.9550504089641 0.7679778308656118 0.08989918207179998 0.35375932963831885
0 0.5816042676041419 0.49144144527616834 0.2038288711262375 0.3903508565277845
0 0.4539067064154458 0.47090744889001124 0.18666627372377184 0.3706304738410786
1 0.7149967494972569 0.4941214574570281 0.20606488011731236 0.3808054166918192
1 0.3581636401075364 0.3539969101849581 0.14572913711135627 0.22768443429344332
2 0.8448254214502955 0.49910039862260464 0.2122152697271755 0.45786838317373524
3 0.9461530506982638 0.4553379413067728 0.10769389860347243 0.25328740463271704
4 0.9946495666821151 0.48558299074131683 0.010700866635769848 0.2120280749943982