0 0.44291412727069507 0.6617480246097218 0.25735476313468264 0.43135553395993614
0 0.6433415826518841 0.6318358032811425 0.24265197338782968 0.4069813715798078
1 0.273820585736639 0.6981444325762284 0.18699988517845922 0.3744445183534189
1 0.8017445293296459 0.7099018383237173 0.12005413541104779 0.19745309533514954
2 0.14289488419915639 0.7084052536829059 0.18043168621160574 0.42956512947104714
2 0.925738405229366 0.7238473291763347 0.09744052514321612 0.11281492868803429
3 0.05495870060712853 0.6936205107261219 0.0979456923566411 0.36275897854775635
0 0.4452463610879692 0.44889573971378166 0.172660722102515 0.3813203559732908
0 0.5688905959579692 0.4327931536433222 0.1629893949223753 0.3762888631044874
1 0.31149724416097635 0.4231548186530446 0.18224813543552215 0.37914031038055573
1 0.6722831097904175 0.3293977840797003 0.13235307900405446 0.2217713075750001
2 0.18311524518922795 0.4453789203886751 0.18322713031873844 0.4632749257651711
3 0.06592732415657093 0.3964098098844551 0.1253932820839146 0.24323807253878207
4 0.020464031851326073 0.41550170870357905 0.03371147284922945 0.21226581336207262