0 0.4110687466372334 0.5940041391799425 0.37774356675170956 0.24503089260868427
0 0.4408620331119127 0.4302953910185433 0.3705879784304489 0.24697260237953353
1 0.3540498505063574 0.722364541116507 0.3474986593986112 0.1830861932305428
1 0.4495522305346156 0.2880367721696919 0.3306717363216881 0.18200787500355028
2 0.3288114757690712 0.8239584029304037 0.3737171665298078 0.17516530868614666
2 0.5026026864619659 0.19542597161882175 0.3735493161089745 0.16795377022460833
3 0.33060188025796017 0.9008814798534807 0.3052345212762822 0.12037126654740696
3 0.5358918517649573 0.1303519384956143 0.28594780190523506 0.11673505670556908
4 0.3509236772241461 0.9489888435414724 0.2563742962354701 0.08363651117358181
4 0.5673646473870193 0.0903642445267925 0.24211906973322647 0.08992377686912632
5 0.34306971708846234 0.9682779504571658 0.22249664952051285 0.06344409908566845
5 0.5630595014027778 0.060085099412217145 0.22227284895940175 0.06224910548882699
6 0.32660646992334486 0.9813602791478551 0.15954904839829068 0.037279441704289804
0 0.8101921383251608 0.6747871245137312 0.3113850169506411 0.17837166516171238
0 0.8293089973972761 0.5680004567396448 0.303893727787714 0.16589029800948488
1 0.7959109466308766 0.7830838062867385 0.3112731166700857 0.1735639728540201
1 0.8537600504144767 0.4727243012323616 0.2924798991710467 0.16829414416333102
2 0.7694426737465285 0.8833987222932126 0.39551963233525644 0.1837632562966759
2 0.852613072538782 0.37296468584774617 0.29477385492243585 0.16589029800948488
3 0.7411010761019239 0.9367009544183215 0.3302241351994658 0.12659809116335716
3 0.8745823838260152 0.2963031177272363 0.2508352323479697 0.15575189578896623
4 0.7084263574029388 0.9687444727830316 0.24989010959754274 0.06251105443393684
4 0.8932816267241452 0.23743932756907407 0.2134367465517095 0.12444101456682907
5 0.6801676800297016 0.9938308119374173 0.20063823357478638 0.01233837612516535
5 0.9007998860181624 0.1706707943748781 0.19840022796367515 0.14259346557060562
6 0.5549718545387294 0.9835688048669683 0.06641449994134628 0.032862390266063427
6 0.8193498724278313 0.14011584135502952 0.15876775631250012 0.11818603188800904
7 0.5060566842966888 0.9978844184484772 0.04886022504081197 0.004231163103045678
7 0.7550045227377138 0.10838940586932642 0.07597393441645295 0.06727540929096762