0 0.40449761997174183 0.4066150461099723 0.4026772305346156 0.2943164170235036
0 0.4448075229405454 0.586152714492451 0.38562650689658146 0.28322886739686537
1 0.35166593991025663 0.2582821557308411 0.36762463087382496 0.2312759331548426
1 0.3871741802056631 0.7489675243960833 0.22680280044380352 0.15898184064401677
2 0.3283518153782587 0.13627170775000064 0.4108938616430557 0.2350615003266374
2 0.37420681186885757 0.8645172270713682 0.11029918225363253 0.10081007177564089
3 0.33089352700470087 0.06005202189508563 0.3300562847786325 0.12010404379017126
0 0.6084328920667205 0.3719118336106849 0.3430266679325856 0.20513437874316176
0 0.6241997772955131 0.48013013253041426 0.3285476408692307 0.20146867686538406
1 0.6127350232338143 0.24628090574871914 0.3602452419914532 0.2234334668313383
1 0.7250234502844557 0.5688632209809843 0.2027083887650643 0.15447490161695127
2 0.5932224934235578 0.13236845537535724 0.42514908814529934 0.22911181758903051
3 0.6194949408169339 0.050348373377564586 0.24368567366100427 0.10069674675512917
4 0.5823741958439637 0.006928765968020398 0.21763300707254274 0.013857531936040796