0 0.6344353190403047 0.5505417361553385 0.43324463974633487 0.2816850389424023
0 0.6190494901228107 0.3525602050927592 0.3532182688752167 0.2548764202086819
1 0.683697690276695 0.7136522307813065 0.3829994285074069 0.2054869250245298
2 0.7067054775961178 0.842788369829542 0.43128618592258844 0.21437734663471003
3 0.7020119511936816 0.9295786638403 0.34647784639736084 0.10575401451278829
1 0.42334788547740554 0.6974778151685872 0.3636287697177987 0.20000767945738082
2 0.4281869370841431 0.8224358430898712 0.45744871449721813 0.2056853477510785
3 0.3963737657581226 0.9282203410649441 0.2606388326530944 0.1267704863836947
4 0.425486836895163 0.9777357524852442 0.22645115191747514 0.024717673875538974
1 0.6851017894916164 0.183016544756205 0.16709866699135306 0.13070820270538183
2 0.6576710061513086 0.06726944786898735 0.17127685628426959 0.10924147563563064
0 0.3455412500754579 0.5870993148182125 0.20110223704229663 0.14390265167866176