0 0.5957236963347085 0.41521791476426284 0.38168966528490506 0.2608602674842764
0 0.5744247075795355 0.5944507430446972 0.3864973575925975 0.26122457262323945
1 0.6382705738959443 0.2633740197741298 0.35808847030766644 0.19690304692842378
1 0.5726591679847137 0.7419961212767205 0.34299302019282507 0.18619474689614973
2 0.6741436995557654 0.15432604275423062 0.38849800381796074 0.18725179956245347
2 0.5312219301764652 0.8405910957432751 0.385253691174409 0.17505041622374107
3 0.6715300167627127 0.06838667410796723 0.31369312643551805 0.13677334821593445
3 0.5035606660908644 0.9115597708158918 0.2951852703791837 0.1180121544916353
4 0.6481809617323859 0.02568183242247403 0.2380477825633699 0.05136366484494806
4 0.4877170328102529 0.9441759150870036 0.26057340442036103 0.06756724801145161
5 0.6570651964983706 0.006742223421219999 0.210428821785474 0.013484446842439999
0 0.4187888640801045 0.4250003593903895 0.35501225096205585 0.18710550974355764
0 0.40944209276156174 0.5332465812229142 0.35450797106823234 0.17989397128201917
1 0.4018026443466453 0.3030417395374211 0.31739117899022296 0.1962102994010832
1 0.3564058574289354 0.638761933921492 0.3503726519523045 0.18914505075844062
2 0.41810881417981477 0.1906432907656823 0.40756067975078886 0.18630517396445995
2 0.270329372476592 0.7383228847696096 0.30078288919391133 0.16386738398419382
3 0.38983451352652476 0.09733074081409339 0.22922232445502042 0.1321426517769203
3 0.26452959373118307 0.8281759553093253 0.185112627196084 0.11684467475702139
4 0.42143773343877705 0.045296967279914155 0.2187664733499301 0.09059393455982831
4 0.28709695892943976 0.8917136571920595 0.1636966450920801 0.08413745420116871
5 0.4486282242968548 0.007973172673497234 0.1761026024398634 0.01594634534699447
5 0.2910724214223915 0.9312860424457804 0.1501645746413791 0.06159207596914539