0 0.5915369004309129 0.5545055482292318 0.3747499425892296 0.2155109114359277
0 0.5815595732752474 0.380005900211036 0.36507861540908976 0.20991832215817668
1 0.6283061763086061 0.6967986526566895 0.35233213129804114 0.14643720094560345
1 0.5844118020124494 0.23808086501285552 0.32108213129804114 0.14388628579291265
2 0.634272992704341 0.8031811337752993 0.37866255386083864 0.13898028299788015
2 0.5483829230524486 0.13535311000260217 0.3881660533467126 0.13014979535255414
3 0.6249224932062296 0.8843967647779467 0.2988321477011184 0.0892356522256652
3 0.5252395425500705 0.06039227550467194 0.2988321477011184 0.08923565222566521
4 0.6015824716618943 0.929530125851067 0.24077621333790192 0.053276270405313235
4 0.499356660505315 0.022358861764418012 0.24086012718503477 0.044717723528836024
5 0.5989968121725936 0.9453513500935815 0.22607342359104893 0.028060463411763638
5 0.5045839220486715 0.0029932131626803082 0.21438984821034934 0.0059864263253606165
0 0.17089179479021357 0.5864409445154529 0.32111010258041883 0.14629013194675883
0 0.1673707814718912 0.4762564699235592 0.30663108309258674 0.14030509418397846
1 0.17198099067231215 0.6992254895037073 0.33307339078489434 0.1424635608516399
1 0.15434795279832272 0.36825503962116185 0.30869590559664545 0.133682228449984
2 0.19628071276870868 0.7995248207382797 0.39256142553741735 0.13814623078415111
2 0.16332083998433639 0.26780863938774513 0.32664167996867277 0.12784425968604823
3 0.2154723075699357 0.8829972288959287 0.31605066873132803 0.12426306807711394
3 0.14573953434853196 0.1899533981296821 0.2914790686970639 0.12009320374063584
4 0.23042599679287312 0.939414079011891 0.2533548697546848 0.10233431469480955
4 0.15100791075014075 0.12816476060031848 0.2341800430886708 0.10557221306238453
5 0.25533072601972645 0.9661998783116409 0.202202789746853 0.0405212979096938
5 0.15060316922097947 0.060991550931428835 0.2007779384762231 0.12198310186285767
6 0.3876401639695865 0.9469940834348726 0.0677832041081117 0.046359663405795275
6 0.2349895261469933 0.04239870885491518 0.16455241847426516 0.08479741770983036
7 0.30850263281594426 0.021316197314215565 0.07284263795720246 0.04263239462843113