0 0.6635010898995346 0.5741285229016336 0.37386880411730034 0.24045125470636408
0 0.6801819700695517 0.39172808566953055 0.34259083378167077 0.2338234571652348
1 0.6590212476803405 0.7245789196593381 0.33741952711079376 0.17104344097547505
1 0.7086723034915777 0.2446853002707209 0.3133670804045173 0.16723951387283142
2 0.6367503071601519 0.8352139925132558 0.37101743259338077 0.1633881696884073
2 0.6756687676411196 0.1348665674451915 0.36374995346058314 0.1533527607883834
3 0.6038368735453405 0.9164310248710558 0.3154632528664379 0.11449490658309577
3 0.6545166405461147 0.05319394799141712 0.27694577373364027 0.10263939244963484
4 0.5460256919266071 0.9402239114558625 0.262340889628971 0.07054934388035641
4 0.6379834059933024 0.02090181603695744 0.2359405374401078 0.04180363207391488
0 0.2021793984622024 0.5637504617339337 0.3061275716073493 0.16201179728049978
0 0.2136610016257129 0.44893773299928247 0.30370974028568837 0.15946794303177386
1 0.17746964886863065 0.6805351580673468 0.31577092655836353 0.16737952196771116
1 0.20709977346756248 0.33757891113007565 0.33256987929965703 0.16355188632417714
2 0.208924036512244 0.23053775323648187 0.3806328172087653 0.16394820206792637
2 0.1840378696106884 0.7906920568596306 0.3492849210340617 0.14530117375756646
3 0.18598719781055367 0.8686770487647508 0.2795593974047085 0.13883709285220702
3 0.217854949259853 0.14110541721209496 0.3204527523557227 0.14602492277285528
4 0.1628429856570897 0.922891741050724 0.26738632978951493 0.11169474468550024
4 0.22785492599014454 0.07443961560180666 0.24099996276846644 0.11977004025720756
5 0.23534616780797893 0.035813238929267924 0.2071922797686575 0.07162647785853585
6 0.3423522845736698 0.025323364508499972 0.11337235392958352 0.050646729016999945
7 0.39774563487074227 0.00484437669425788 0.055470268720053895 0.00968875338851576