0 0.3887055988958777 0.575824439894466 0.3580069333594394 0.1943774971442823
0 0.38596778148412836 0.39796779484548017 0.3290768656661527 0.18699813666896611
1 0.37977382656811637 0.7237029338594488 0.3333531036086704 0.14135303008151878
1 0.3587020050923094 0.26231830916695004 0.29947548719580336 0.12192646850134253
2 0.38801861834699825 0.8414354547266512 0.3621153436076915 0.13430931363375803
2 0.37541788510503604 0.16847740557615387 0.3426048615531462 0.11015897075277806
3 0.4110081567962996 0.931439833817734 0.3135908800127268 0.09556807181592356
3 0.39547380716594466 0.09745206269517397 0.2674982338539857 0.05924466131975011
4 0.45254401012343265 0.9768681703040519 0.2456678194927271 0.042291871732493894
4 0.4163400543504899 0.060073573384132814 0.2144178194927271 0.0421100645509015
5 0.45754109435440576 0.03098967168512742 0.07004719385006962 0.029251723712782944
0 0.5742213219776957 0.5386898896650343 0.3186223425794398 0.11482681138232237
0 0.5598410440434992 0.43180963940967665 0.3090629005288105 0.11957856301875552
1 0.607790412219095 0.6490640278086429 0.30199121847916016 0.13155583828454182
1 0.586354122007065 0.32228779514762135 0.3138426215541252 0.11720268720053895
2 0.6149171947681865 0.7595920027982141 0.3908775836067126 0.127265597185997
2 0.6284502430470643 0.216280816525539 0.33312933334964967 0.1221222608507496
3 0.6438743916785369 0.8531671882005293 0.27046150565538396 0.1073355695644879
3 0.6389746943397211 0.1380998758542798 0.2197289948832163 0.08540726565576187
4 0.6465990655144114 0.9288673642949609 0.19320277334377586 0.07804189034826063
4 0.6119738030651753 0.08297224374568843 0.16645278154531448 0.05144574580999019
5 0.5897526328159443 0.032150440613755535 0.14741781129118847 0.06430088122751107
5 0.6376541496107754 0.9745893893053896 0.12061187692797185 0.036756950698431885
6 0.570731648203007 0.014142572211631572 0.12295978051706277 0.028285144423263145