0 0.5504045187890364 0.5656676442813919 0.2000296029165088 0.3494429148082903
0 0.37802763618651214 0.5637289963435044 0.1981857891421817 0.3589182913287952
1 0.6873074500042775 0.6008164055475962 0.13003804826521084 0.34057498774908457
1 0.23450876170058682 0.5804729395273122 0.13797333574203824 0.31228886628244995
2 0.7908947010324268 0.6115529764972494 0.12506663932174872 0.37861650192598373
2 0.1338035308879178 0.5408202106840652 0.11673503610117202 0.3589657084105753
3 0.871411692915828 0.5865000170585246 0.07888094710093277 0.28489021046687396
3 0.06322823531621062 0.5185781458381507 0.07804089853165423 0.27046713354379703
4 0.9162210127287361 0.5575375636583811 0.04312697952389017 0.24687240483086478
4 0.022669137841006905 0.5008756113806138 0.04533827568201381 0.21405860724629733
5 0.9447171463376905 0.5618670819044393 0.05162229938023662 0.22820166797961478
5 0.002592392905736544 0.5051695668153368 0.005184785811473088 0.201199327907788
6 0.9567482313773664 0.5815297296902929 0.01899592697232923 0.1616177246872114
0 0.5825612066800636 0.1780883811326421 0.13321306051612597 0.23055809705168073
0 0.4738862471544625 0.17243951868044075 0.1235976759007415 0.22999806467216166
1 0.6961138625607971 0.1822553043181608 0.12359767590074164 0.22999806467216158
1 0.37482667224424593 0.16623062384872034 0.11906999978280866 0.23452574079009442
2 0.7917895346530089 0.20543113032168406 0.1245540240240097 0.2875503642695895
2 0.276619000173753 0.16596134035417545 0.11113471230598129 0.26281186225672915
3 0.8721083686645354 0.20434662837398104 0.11057467992646235 0.25319647764134456
3 0.19707021068406524 0.15382468845572458 0.11157844513151073 0.22929802419776277
4 0.9260548990311943 0.20360029239303243 0.09631531963915527 0.21403489870540723
4 0.13434834427130055 0.14070797989311534 0.09419148967506857 0.2187025829182198
5 0.9607825144375288 0.22433670943137438 0.05687372451345851 0.19496784611040796
5 0.07191834831874043 0.14314626728306623 0.10989834799295352 0.20045187035160897
6 0.9493244376230474 0.33879941792882623 0.0596287124797343 0.07773941695146537
6 0.04398761343691239 0.2350405992382941 0.08797522687382478 0.15930646954646477
7 0.9623592878677717 0.3823605191582616 0.0268386234360568 0.04947700402572071
7 0.02464647178737602 0.30092450205629867 0.04929294357475204 0.07335174892841241