0 0.5806487859467951 0.46487248836646483 0.3965826850005344 0.23631147460681434
0 0.5897366639857377 0.6491591676207249 0.3892032961181625 0.22851126341773173
1 0.6070880788219554 0.31227721447482126 0.3686297235207266 0.16924916178530675
1 0.6028209572983446 0.7989825261292451 0.34934300414967956 0.16527552169134305
2 0.6093220646768699 0.20209273988292756 0.4020038189731838 0.1599770704112813
2 0.5716848674569986 0.9044084636571166 0.3824932990410257 0.14638804570193342
3 0.5857012193123932 0.11499018323875707 0.32155789309070515 0.10542474733137414
3 0.5567882242196589 0.9651190580491471 0.3073026665884615 0.06976188390170589
4 0.5618296032557158 0.06865489908871385 0.26788997574220086 0.06745396784220527
5 0.5602080541267094 0.05052794081361035 0.2502238005611111 0.030022705836910264
0 0.15827123962334438 0.46038509860695986 0.2987503346383548 0.15634712029084283
0 0.16456261558744703 0.5760640503553472 0.3059059229596155 0.1545319468645407
1 0.1591354519805024 0.3428909734322704 0.3060737733804488 0.16174348532607916
1 0.1660183241737185 0.6901486305417823 0.29137094575598294 0.1485469091017606
2 0.17925840863856854 0.22816856527462123 0.35146709960213685 0.1534525151646271
2 0.18293118233915664 0.7982971298430243 0.30797406827179497 0.14030509418397832
3 0.16771274418360055 0.14445097599687026 0.3320684799505343 0.1446711827629713
3 0.17166828340272508 0.8813525118938088 0.2718044756835471 0.13255403823856599
4 0.1747274522151176 0.08504160699951777 0.26190934036677355 0.11974991049927662
4 0.16359152764497942 0.9449445299537642 0.24497051700929495 0.11011094009247148
5 0.20144850566976497 0.04763472424997492 0.20533402560192313 0.059948291382977706
5 0.1633127818826397 0.9764275214459901 0.20069418371506412 0.04714495710801987
6 0.3312841730475962 0.05943275642269018 0.07575013385534199 0.05896756690257014
6 0.25848850552067393 0.9905560636392121 0.16899658259284187 0.018887872721575806