0 0.44575711287221503 0.5374425542603537 0.42928245318295216 0.2957160077039354
0 0.4428999227728553 0.3444229672078175 0.3557669876187699 0.2674773033190808
1 0.4031049426842678 0.6894804571435156 0.3846368500058138 0.22843202393713333
2 0.38896076037571997 0.8168261535203669 0.42323839656223206 0.23307599960905578
3 0.3852257157452855 0.9171248966816873 0.34027126301843513 0.16575020663662535
4 0.41156245657881824 0.9645130727670413 0.2645156679361765 0.07097385446591722
1 0.6564306957252775 0.6994436188456389 0.3721975949519437 0.22052044500119578
2 0.6502799506705519 0.8200678050930308 0.44204914150836205 0.2269845259065552
3 0.6845745659465716 0.929078368175855 0.2414335545209831 0.14184326364828992
4 0.6455174322941789 0.9647219633341307 0.22449033189007067 0.0705560733317386
0 0.7271934164736445 0.5981546471125606 0.2149912468286754 0.15386761923658307
1 0.37716900389540603 0.18247893082429678 0.1655142428029547 0.1270289958005262
2 0.3801340040040016 0.06885627089612355 0.14969108493108016 0.10215048569278605