0 0.26882101252664115 0.6180560127595776 0.4070728732068956 0.28191256240986134
0 0.2492282267422146 0.436620841678348 0.4000294280432983 0.28376995085526274
1 0.27712571739123687 0.7728487922037248 0.3687124147106978 0.21205473412942683
1 0.21895271989712123 0.2882751276672271 0.3369581348168744 0.20247521226462803
2 0.30184534876286795 0.8809666555926466 0.40186198097072057 0.20739333164063056
2 0.24753793715495837 0.17014029236509523 0.3960457288753816 0.19260594957859048
3 0.34141652697739383 0.9305725247265937 0.3371097547648854 0.10206013151153406
3 0.2714500487367441 0.08463953270936803 0.3112892802816719 0.14314353144698622
4 0.3951921488343852 0.9480176310131329 0.2619686907865605 0.05332632365785628
4 0.2908571479404195 0.04170158314506794 0.258623298177668 0.08340316629013587
1 0.7812269698744245 0.6079215167366742 0.35618890404764375 0.20393243282048074
1 0.7534975725233433 0.26928972005745117 0.36340044250918224 0.2044788905289254
2 0.7639633402027185 0.7180251270146005 0.3759239531722362 0.2126011918378716
2 0.744655081098624 0.15638209573612988 0.4070058598742952 0.21256532908728604
3 0.7790423169676297 0.8101357538892664 0.330973789423594 0.18528398404874208
3 0.7352495331224458 0.08104272916624522 0.3526084048082097 0.16208545833249044
4 0.7943816703544179 0.847231148079693 0.290881857965315 0.12485938781421059
4 0.7227930357919922 0.04000415766902544 0.2755677745698618 0.08000831533805088
5 0.7167328804247064 0.005894930091475352 0.22999577761212572 0.011789860182950704
6 0.5943048198764938 0.005859067340889679 0.10946728332393568 0.011718134681779359