0 0.408489040531228 0.427954898499643 0.36299402494015953 0.23764623446709335
0 0.3880167592443169 0.608393736678418 0.3579624107644492 0.23241792358475713
1 0.4015113657197503 0.26683727354494224 0.3458838856008664 0.17869207105085408
1 0.3466112753740204 0.74596925201225 0.32575742889802517 0.15777882752150937
2 0.4155228739586624 0.1473810483582613 0.3838975803263688 0.17244163503262033
2 0.36960912738187723 0.8481474242010676 0.3657271260413376 0.14212331617521284
3 0.4527594700007969 0.07340230145769143 0.29640413692148304 0.0929654253609681
3 0.38564900999338964 0.9183395138842584 0.27980113571257803 0.09630095265740671
4 0.40166255933507355 0.9631860643084037 0.2451396411526507 0.07172200725028442
5 0.36912500859396996 0.9808049173495367 0.1676567595595288 0.038390165300926565
0 0.8150156289389029 0.5093805542674485 0.3215095412603778 0.16937743971609637
0 0.7974543319362261 0.6273193924462235 0.31167023477697514 0.16372851025911628
1 0.8276012922328739 0.3946268667447989 0.3215095412603778 0.16937743971609637
1 0.7973357431475219 0.7335092417900981 0.33240916268951864 0.1463905246142444
2 0.8163164353893969 0.2741643171181608 0.3548275046121969 0.1651102312770649
2 0.7709427880675235 0.8337799197426623 0.3642189673595635 0.16114377611866032
3 0.8362519313487439 0.18298325056267647 0.32324162181016985 0.15516467208034126
3 0.7651241334264024 0.9068869181476481 0.29361174142595287 0.135814037555555
4 0.8388830132979557 0.1264928659472918 0.2656019806575189 0.09984678924116758
4 0.763806935488123 0.950927647973931 0.2592861296680526 0.098144704052138
5 0.7418891038411373 0.9783915357793441 0.20192970477777222 0.04321692844131174