0 0.5482347445469415 0.5633295870740725 0.3937435146644667 0.2653979423535867
0 0.658459393334052 0.38549432430176644 0.2548209480170826 0.21815078449968836
1 0.5094833619683378 0.725842771523882 0.3767453362591825 0.20943771521107107
2 0.4781970869164666 0.8568260536386689 0.4271141445559427 0.20938504867141405
3 0.4422743748852641 0.9328567570170213 0.3527002468660258 0.10517664312361429
1 0.29085195075704195 0.6304859076174893 0.37160176114946314 0.20200225488151455
2 0.23488509575983116 0.75062554877014 0.4538923350502774 0.21782815740705147
3 0.16052717853691872 0.8536320312410167 0.25386596615065843 0.1461473608183129
4 0.15619034930774336 0.9209957040157136 0.2445271699429488 0.10013840109320864
2 0.7729945380805092 0.11511098460638351 0.12880667175630642 0.0875527377992378
0 0.2683315896823973 0.49601213113328974 0.24218261818345474 0.15279909460980626