0 0.3721934485346683 0.5763565409469548 0.34615786591004283 0.2146756891502141
0 0.3966265758722219 0.40400596475459366 0.34347426905480793 0.20260050824070538
1 0.3400182613419866 0.7200567887841343 0.32060875058408134 0.14921234159358987
1 0.395008041560363 0.26709863426591846 0.29377479190982914 0.13176996697361132
2 0.326627247196901 0.8308854874923075 0.3516909001632479 0.1427281549556625
2 0.4271262736737178 0.17745694982013852 0.3245212406473291 0.11086270341260715
3 0.34730970525774496 0.9229020380827454 0.2738726209957266 0.10247621200523528
3 0.4692785115154913 0.12121733589695473 0.25631834609519244 0.07083456102329083
4 0.37864262552911243 0.9702236342659185 0.2317203831539531 0.04623659808205142
4 0.4941842002282585 0.08339821910956155 0.20063823357478638 0.05272078471997879
0 0.5430064008084396 0.5663744656026171 0.28907899988269253 0.136465759000748
0 0.5574035125394761 0.46393125336276664 0.2938307420501069 0.13417381312745746
1 0.5667910768375528 0.6799417063672538 0.2653202890456198 0.14792548836720096
1 0.5921773664379271 0.3634163110844012 0.29858248421752154 0.13188186725416692
2 0.5414927322037921 0.7862424634691234 0.39004053834423086 0.1388156648924151
2 0.6497038335874998 0.2659756117041661 0.30327827624465825 0.12718607522703015
3 0.5885895228868049 0.8788454855934291 0.2114285711360044 0.10342535451185925
3 0.675588649755128 0.18608918722446524 0.18207886602735057 0.08111933744391038
4 0.5713699438888881 0.9477187768898498 0.1892904044888889 0.08128718786474373
4 0.6648562722122862 0.13108047638739262 0.15043721504540605 0.06356506254337621