0 0.5992729848627132 0.631806098667296 0.3697487263262822 0.213050181287052
0 0.6035811456641023 0.4467099448211422 0.34559836450726517 0.20656155599994827
1 0.6075715313034716 0.792502334387771 0.3443674614211541 0.1536769406153329
1 0.7030360500943373 0.31160675366186436 0.17039533609978635 0.10311268470203303
2 0.5987084587646895 0.914678254989072 0.3823813987604702 0.13713566415162176
2 0.7379497793434827 0.20810678241483888 0.09302465805448726 0.07850292993714761
3 0.5748917879092407 0.9803146509084179 0.32854563099113254 0.03937069818316438
0 0.38834997486730727 0.5905715807561689 0.31758945288717955 0.13740483741490359
0 0.39349537789476463 0.4729512125156484 0.3102660141450855 0.1320928652133878
1 0.3590821850909717 0.7101167852480472 0.3201051993215813 0.14238062302053686
1 0.3311092880534185 0.360239616548161 0.1995771907876069 0.11955288120040344
2 0.3707916802105763 0.8277118834972323 0.4184950412084402 0.14206090977458474
3 0.3011620570813561 0.9227648865394961 0.21366456686901714 0.10613836406497348
4 0.3030893221037919 0.9798779443136348 0.22244069938023506 0.040244111372730304