0 0.3755424037822659 0.6449780894470775 0.37761508802566995 0.24738840065321946
0 0.33386389455376775 0.46191295184842845 0.3675375670272886 0.23967294123703609
1 0.39141092867081445 0.7991391938898844 0.3491093081182387 0.17641705980506936
1 0.28840942912513917 0.3133886328838957 0.3255329829627741 0.1823687958799962
2 0.4223814359542289 0.9085720731995727 0.3874168011187783 0.17602889746980183
2 0.31106332392026625 0.1995787704825448 0.36470386750717027 0.15806815224492815
3 0.46162750082346843 0.9643576844794114 0.31548774498111737 0.07128463104117727
3 0.3285852939773407 0.11784289044213345 0.2874118184399582 0.11089353407720148
4 0.5183793942414201 0.9892728968788589 0.26448395814521414 0.021454206242282226
4 0.34337918545020885 0.06830697300132291 0.242448087599739 0.08218358208899298
0 0.8291152410625565 0.6196354886388511 0.323129136808928 0.18224281564133504
0 0.7989615432035677 0.5042559840638778 0.302820049351166 0.16440805065512265
1 0.8399918076426165 0.7309053030284106 0.32001638471476707 0.1662977542350401
1 0.7917214065366167 0.39127521483310856 0.32701255635062654 0.16807169919558043
2 0.8256436909731116 0.8458540983873539 0.3115111612005569 0.15048889468669038
2 0.7870391614845109 0.2808242719948467 0.41191739904023666 0.18450023831795165
3 0.8420066352613816 0.9329594709997908 0.2601061192037942 0.13342023275172904
3 0.772771972428089 0.1890371873133788 0.3379534688928646 0.1518746773119631
4 0.8775030186699617 0.9606063219732254 0.2449939626600766 0.0787873560535492
4 0.7508149670187697 0.1267942586003432 0.2501826436664115 0.1281086194893922
5 0.7418014651446746 0.07960430800369031 0.21437216105857987 0.09269104999428987
6 0.6394069354147145 0.07064437862982191 0.1345831015986598 0.08132216365693323
7 0.5695109108811086 0.04541932644336356 0.05729105253144805 0.03414754548920661