0 0.42616636388307316 0.3710106192996798 0.3944262000089523 0.24670899111410285
0 0.40661608556844825 0.557699342265652 0.3966338219202839 0.24436109510053436
1 0.4045077659748714 0.20855517842409219 0.36209716504120454 0.17397815495566268
1 0.37752415550394375 0.700978959111699 0.3492930373019151 0.16408301963888924
2 0.4081139319378065 0.09107444265715844 0.40978163963309827 0.17028946545352597
2 0.4062963781185095 0.8036179968425217 0.3813770895156438 0.1456355523720088
3 0.45999304685409637 0.03589888633830167 0.2901784014005004 0.05713883592382502
3 0.43031006366905317 0.8773549305869127 0.28630267506171125 0.09783637011837626
4 0.46317881448675774 0.9273051784240922 0.2240480545478961 0.06999530891912432
0 0.6052527039785288 0.4339612352390496 0.35650457576345357 0.16425087005972253
0 0.5829309070129463 0.5426088834154384 0.3411003776278034 0.15189593844882504
1 0.6462165974473364 0.31854964972334454 0.34384751702300886 0.1855497846026712
1 0.5794474307931036 0.6468964404063573 0.31186177529662007 0.14641684445779918
2 0.6493322028039847 0.19505929857179538 0.441816536603157 0.18063220189252177
2 0.588694547813128 0.7454821077841884 0.2650113529184552 0.1309307148694446
3 0.7054794925440931 0.10399390036607964 0.274430513291325 0.1287506692767096
4 0.7010644470875131 0.04990736190454118 0.20103986946567814 0.05266483457970102
6 0.5888899785913112 0.9765810097607908 0.0912478433588135 0.04683798047841847
3 0.6385127130847652 0.8414131583159727 0.17670687319736172 0.10728189443482924