0 0.6436155352205611 0.6100015058725966 0.36685570210522683 0.20288025894209427
0 0.6190871081740617 0.42708539761917785 0.35464024709348124 0.2001966620868592
1 0.6889201461821952 0.7682087558432698 0.3433079995391347 0.1495480424352567
1 0.6263481986114361 0.2808983833567847 0.32510750676460876 0.13232946837638918
2 0.7024352396599551 0.8896869118229171 0.39521149371117686 0.13875971475213716
2 0.5808471650412045 0.17906961772094065 0.3541990400969476 0.10661451250769265
3 0.6856570750945364 0.9693135211589745 0.2967521118908246 0.06137295768205101
3 0.5416990400969476 0.11097862344935942 0.28595938182035197 0.0642384741048079
4 0.5119209202818905 0.06949778729091924 0.22929735058428782 0.046124697801495904
0 0.45314759396100607 0.5839748044761757 0.3251075067646089 0.13232946837638912
0 0.44051550957456204 0.47331395618883576 0.3217225393981894 0.12025428746688067
1 0.4368108347582039 0.7071574298561969 0.29042338415451935 0.14831713934914548
1 0.4015392296170676 0.36323957943536356 0.3251075067646089 0.13232946837638912
2 0.4598432007300912 0.8276574633200323 0.4066420517528636 0.1318279269919876
2 0.33761690140796063 0.25618349543974384 0.3479686228479825 0.11846589285609
3 0.41510189140983467 0.9261861756185367 0.25323750163540915 0.10426460661602568
3 0.31603163963309827 0.16810740998269255 0.1943678484880134 0.0884987263262822
4 0.4367363084283671 0.9801288189731838 0.2080551836847018 0.03974236205363232
4 0.3171356489548469 0.10815113148723315 0.169789869465678 0.05193748275608989
5 0.3305532254095983 0.052080372923931896 0.133486797671801 0.07748458820395311