0 0.5605338879759934 0.5641408695374657 0.34157448565666637 0.19660998478868144
0 0.5523137858583345 0.393190382676142 0.3489259136770437 0.20192195699019708
1 0.600913272226106 0.7016561435255547 0.32801646974020626 0.14288490291436035
1 0.5673977250952322 0.24579934745079146 0.3039080634223251 0.13880012378110285
2 0.6158645480854936 0.8061646745602271 0.37079608705350064 0.1290836592003776
2 0.5246973012974845 0.14682965857321142 0.36104081287927686 0.12360359370092079
3 0.5955974689902231 0.8843484512178624 0.29508779503413807 0.08300738234881777
3 0.510073638772276 0.0722851578126455 0.27104933349567656 0.08132644936940664
4 0.5606846168068259 0.9299709881582691 0.2365561499887963 0.05012698935207693
4 0.4910398420529738 0.026384091001112206 0.22708065493225066 0.05276818200222441
5 0.5685385201099313 0.9486134308462444 0.2193095582353561 0.03452725934341207
5 0.4945628046775321 0.007502143361892816 0.21753521509628548 0.015004286723785632
0 0.15294207534023127 0.5974403758461797 0.2967664697402062 0.14069969004112573
0 0.15138681527554618 0.48599771628821575 0.2868713060071436 0.1304119322339764
1 0.15333038471770308 0.7077651589761912 0.3037681738634862 0.13399243147341075
1 0.1429404039021728 0.37908533909969744 0.2858808078043456 0.1264447064159898
2 0.178129206103118 0.8084998274821531 0.356258412206236 0.1338913515080699
2 0.14791009633162247 0.28267935299893954 0.29582019266324494 0.12214129400212095
3 0.18661600950219784 0.8829602815937485 0.3080862527152419 0.11750169499236963
3 0.13524206980742898 0.19938520410402977 0.27048413961485795 0.11034069651350159
4 0.20409815924747934 0.9417116890563731 0.2379550455771864 0.09820391242900027
4 0.12674298384002533 0.13747353064682374 0.2378851007977669 0.09580006627515389
5 0.24783489290972835 0.9638423476598468 0.1500176884503346 0.044075630626196016
5 0.13584303134589054 0.07206540459915421 0.20238696672543066 0.11250943603680617
6 0.35141011186337145 0.9494027973868397 0.0687065878960825 0.0527835354192748
6 0.22569462117065184 0.04346699237920956 0.15897784639736082 0.08693398475841912
7 0.28974626814467247 0.02723279416578294 0.07888153074682322 0.05446558833156588