0 0.48110760901554445 0.6065820184200774 0.2515733252572693 0.4091651701760597
0 0.6779318334014139 0.6254426980200232 0.23587518034782123 0.3918345821545441
1 0.3117275314541314 0.6018658783980384 0.17654349953017942 0.3681853069915586
1 0.8307775675236957 0.6967110329328657 0.140229090335281 0.26862028479468125
2 0.17887845899940744 0.5888354882008122 0.18036870348929251 0.4186660762223277
2 0.9417381465231514 0.7689141912444929 0.10041791956964702 0.15454824151729477
3 0.08339800958933245 0.5627251275994224 0.10887150208352397 0.36102717827576786
3 0.9903081824206273 0.713908096590012 0.019383635158745322 0.12941850593221624
1 0.3754431276815175 0.35115618259867615 0.17231812768151755 0.34406290129566486
2 0.24851259432666814 0.337133729718107 0.1703531509843591 0.44468866312747496
3 0.13828062560513876 0.2745459560218645 0.125295418454345 0.22973902554598238
4 0.060975312167805856 0.28263507859762943 0.08315496585258936 0.21148505179271382
0 0.5031739968154645 0.3124619084094941 0.13567527609824162 0.20852413094852743