0 0.4986038005773308 0.4360563506823188 0.38661726398428564 0.2612999184580132
0 0.5242610483308294 0.6194200600579598 0.3962746078903632 0.26392756517297045
1 0.5001711906861345 0.27737452945833374 0.3543182817169649 0.20047641278824818
1 0.5746910452099143 0.7612759631440711 0.3444931006481162 0.18823338145790613
2 0.498621426699314 0.15950214270945556 0.39012421828050026 0.18689258796933791
2 0.5547740309748908 0.8690294140150645 0.3681958878610351 0.1695621136299147
3 0.45677881181363944 0.07676427095368628 0.3003427247743359 0.136745509702137
3 0.5522084309504506 0.9423816497392363 0.3001329283208717 0.11523670052152742
4 0.42978495005014755 0.03886122895587643 0.23658394605355107 0.06317542143953012
4 0.5443675031285197 0.9750993359824788 0.23902975149808997 0.04980132803504243
0 0.3316474744039325 0.49469579100315203 0.37586897852019463 0.19617227174305596
0 0.35015003933975464 0.6057482902724362 0.3829126798189618 0.18672473754850463
1 0.27590627372884147 0.38157414148263913 0.3180927522465013 0.1900217760686968
1 0.32645941871119055 0.7230332005483977 0.3372396028958849 0.18566168488322668
2 0.2586266115152889 0.26934769420657073 0.40458925449427 0.18963213496485076
2 0.2750616283773564 0.843280453441934 0.3129493856132663 0.17067910655737195
3 0.19757420704419154 0.18496029825165616 0.2450542632358744 0.1354586564757481
3 0.2927818631431837 0.9302665161026179 0.20385320429494713 0.11527673486025673
4 0.2169877097909011 0.10605300122681643 0.20857697802125374 0.11058094283311984
4 0.3244785189876359 0.9692835362107373 0.17905947552401466 0.06143292757852537
5 0.22737934128410306 0.06180564794177369 0.17163814060901203 0.0592609214981839
5 0.352884100281515 0.9949715219483442 0.15894756118869596 0.010056956103311766