0 0.6486228239941774 0.4423365256676449 0.37887493287445734 0.21585276078838334
0 0.6299077880897787 0.6272226673714791 0.37647108672061147 0.21571275269350373
1 0.6800194962608562 0.29441812888822155 0.34973464103061447 0.1519526798395857
1 0.6233590519534551 0.7814188414548325 0.3281000256459991 0.15069260698566794
2 0.6823248335612793 0.1774115661420438 0.3822111417293726 0.13948971624482556
2 0.5642444160520405 0.8842479022315881 0.37642232820910704 0.1271904692858351
3 0.663952297433908 0.09180686576119082 0.3306021822871856 0.09342032357799943
3 0.526715240291571 0.9568103843981934 0.29694833613333943 0.08637923120361315
4 0.6124166741250603 0.05740668362639605 0.2559358825191102 0.057970080731606366
4 0.48894068504491683 0.9876053580898342 0.2589284014005004 0.02478928382033165
0 0.1773217104754038 0.3871107002070999 0.31789596830307054 0.14292103614461027
1 0.17702697737946604 0.2723679755198885 0.32250743636824813 0.14079720618052366
1 0.14914975511800946 0.613375963399288 0.2982995102360189 0.14247730331908096
2 0.19759385477683666 0.1634830038519677 0.3951877095536733 0.1430136271577098
2 0.15370007667772378 0.722039068654444 0.30740015335544757 0.1411935219242727
3 0.20945372773630533 0.08224226295327768 0.3435533790253195 0.13484574057290313
3 0.12703716548714927 0.8108532225223171 0.25407433097429855 0.13132182966001885
4 0.21889726736492746 0.040524975498169406 0.27855161911629894 0.07124938435475506
4 0.1065187490521586 0.8782309188774493 0.2130374981043172 0.1102946637367026
5 0.09074668005331404 0.9434218299315079 0.1814933601066281 0.11315634013698418
6 0.19522985054698655 0.9609073035362722 0.10061784848801346 0.07818539292745569
7 0.24384648947386647 0.9853480079537055 0.04660504289198013 0.029303984092589