0 0.29789801832654866 0.5938522021330838 0.36566838584220107 0.23975121423196527
0 0.3213250480781514 0.4146838053536604 0.3655564855616455 0.23494352192427284
1 0.2667009536496789 0.7448863398111972 0.33525562806826936 0.1707634247857156
1 0.3320334703070511 0.2648634450229151 0.3160248588375001 0.16964336002667757
2 0.260465527825854 0.8576570968996469 0.3734933659686967 0.1633881696884073
2 0.3933615321783653 0.16372633565516168 0.3661139770863248 0.15575660694222956
3 0.2729023747690697 0.9427621578284364 0.3123901095975429 0.11447568434312726
3 0.42514406345005334 0.09095720607192802 0.2904197933712608 0.10093558677018749
4 0.32002814546127056 0.9742743926125284 0.26587778057029926 0.0514512147749434
4 0.45734521583477566 0.05191192668998038 0.24396341448429482 0.06462158681362579
0 0.7544039820571575 0.6818218211307564 0.29668218932617524 0.16371560295994697
0 0.7655030503289525 0.5669272340782203 0.28941470072435915 0.1608917325214616
1 0.7229841217582258 0.7907186470691223 0.27739546995512837 0.16019169204706266
1 0.80164667772516 0.4619161935603832 0.335087777647436 0.16355188632417714
2 0.6904182885226487 0.8971416228062021 0.3275964884845087 0.15111263127030702
2 0.8150656669403844 0.3507673838334959 0.35923813946645294 0.16975965958066708
3 0.6860841625292193 0.9553278843438954 0.27689191869262825 0.08934423131220917
3 0.8387144873749998 0.26548899514895236 0.31574510813611123 0.15762412925744668
4 0.7069075008798069 0.9907786879779038 0.27767321077841867 0.018442624044192477
4 0.8522163968615917 0.2024871125464281 0.2598411950545942 0.12796163538290437
5 0.8536990755789529 0.13878518946950502 0.20969612666549153 0.1394445423135062
6 0.7652603191491453 0.11197027457433822 0.12718205547083328 0.10103042093374794
7 0.6974500805180021 0.07793196694718793 0.05869941021730796 0.04662942504634518