0 0.43799737449729764 0.34369944920234935 0.4352806648839053 0.26448062030463504
0 0.4134123639981814 0.538606780013295 0.40050720938996914 0.24024636641676622
1 0.4432693020288117 0.17294945385629107 0.3912803741162684 0.1969351801440911
2 0.4647853286247229 0.06899829490298384 0.43918604186483035 0.13799658980596768
1 0.2538727721543059 0.6753890642848236 0.1177950893931567 0.10402268750268025
0 0.6610282232594685 0.40852557557806474 0.3346483813696985 0.1677673674381969
0 0.626794867020444 0.5253428693085473 0.3175975364247577 0.1628617789558011
1 0.6949816771634705 0.2856986664629667 0.3740056073033094 0.18722189935400285
1 0.6978005840777813 0.6559748851621633 0.2662210797219163 0.14333732120092108
2 0.7315628990893366 0.16766546448774625 0.4579163008199065 0.18290368791982844
3 0.7813949220585326 0.07600464436575949 0.2313356632939709 0.11669922115920625