0 0.36046024770707447 0.47539625315933215 0.42227072794389137 0.2831618969849792
0 0.3955434003180299 0.6683661526939907 0.3971539481784372 0.2643727314829095
1 0.311523617897607 0.30879512681755894 0.38445765434307344 0.2155109114359277
1 0.29349985881818647 0.8298166902188782 0.11387275898003829 0.09777239860546799
2 0.2936668011187783 0.17940446061673102 0.4224570564216151 0.21143896085462385
3 0.2970433445637052 0.08283358835602048 0.35114418212794984 0.14344468206421318
0 0.5622292791691523 0.4894752433767182 0.3468595074253915 0.18852908625974601
0 0.5893163669108683 0.6136411911629894 0.3712060598858511 0.19529902099258495
1 0.5684879466592847 0.3632487426779601 0.3881870284237732 0.19907643684403398
1 0.6872094528494779 0.7232611739170085 0.22179862620325444 0.14006011142995936
2 0.5703240354942221 0.24263940887878802 0.4607645494221545 0.21217470258101245
3 0.5979396680580403 0.13250389116448147 0.25591460874009747 0.15001878928670329
4 0.5665983462248346 0.07255500468325508 0.21492746168043853 0.07015234872590634