0 0.4554296857399716 0.34134615384615385 0.3958333672995998 0.25240384615384615
0 0.43532516193378634 0.5228365384615384 0.40776865391139844 0.25
1 0.43173460895945964 0.17908653846153846 0.3840354345909809 0.18990384615384615
1 0.39974825923662316 0.6742788461538461 0.36008091720995145 0.19230769230769232
2 0.44138813611474986 0.07692307692307693 0.40681473376796123 0.15384615384615385
2 0.41965441126565955 0.796875 0.4051663850310038 0.17548076923076922
3 0.46598367234355165 0.02403846153846154 0.3117750369947956 0.04807692307692308
3 0.4358555827006524 0.8822115384615384 0.29713066201110677 0.11057692307692307
4 0.4425520185505667 0.9362980769230769 0.250618143513709 0.08653846153846154
5 0.43162406182795304 0.9675480769230769 0.23543956917374326 0.06490384615384616
0 0.8616453217894768 0.4266826923076923 0.27670935642104627 0.18028846153846154
0 0.8566583034998886 0.5456730769230769 0.2866833930002227 0.16346153846153846
1 0.8656402773957221 0.3076923076923077 0.2687194452085557 0.17307692307692307
1 0.8538862570099244 0.6598557692307693 0.2922274859801512 0.15865384615384615
2 0.848042589696068 0.19471153846153846 0.3039148206078639 0.17307692307692307
2 0.8332265987575039 0.765625 0.3181242585479497 0.16105769230769232
3 0.8636523224902259 0.11298076923076923 0.27269535501954817 0.14903846153846154
3 0.8375764277381303 0.8557692307692307 0.27650337651567614 0.13942307692307693
4 0.8740804438070575 0.07692307692307693 0.24298688426501022 0.07451923076923077
4 0.8398848920675126 0.921875 0.2519612500326224 0.125
5 0.8328984812053967 0.9627403846153846 0.22615996118808715 0.07451923076923077
6 0.7247673763610357 0.9639423076923077 0.18280678626142416 0.07211538461538461
7 0.6616530623861372 0.9807692307692307 0.10230464498045186 0.038461538461538464