0 0.5674556071707803 0.4227157127791867 0.37265612374262846 0.21127434606027917
0 0.588171064997009 0.5898809166461979 0.3655005354213677 0.2136362367106811
1 0.5808975467608977 0.2773809166461979 0.33290773205470087 0.15576212183678098
1 0.6153986845313041 0.7270399990935766 0.3135091124030983 0.14843870203272402
2 0.5795817135253206 0.16921483230702838 0.3662818275071581 0.14393868341695734
2 0.6009496424161866 0.8291055644573345 0.35398284603653857 0.13184952680865245
3 0.5476593069029381 0.08851117155549727 0.3029425754029917 0.10751737674608033
3 0.5953606580227037 0.8987751474154287 0.2856121010635685 0.08578486518676151
4 0.5164922271743057 0.040259433880889234 0.2370316267241454 0.06387054644585005
4 0.5903581451630884 0.9420094152651224 0.23468373071057705 0.06626040743188136
5 0.5184204971357906 0.019840726741011724 0.22434099427158122 0.03495446676062223
5 0.6090863680704068 0.9721623809468103 0.20069418371506403 0.05164153815939716
0 0.40737704231794913 0.46384601422790295 0.3327398816338676 0.14855058337524246
0 0.4266377964969556 0.5685112180949142 0.3253604927514958 0.14129708941025962
1 0.3592421592226499 0.357811065270191 0.2869549044302352 0.14347717287906908
1 0.3955296817257484 0.6776904257455071 0.32547239303205144 0.14610478171795194
2 0.35437650689658146 0.2520278493331455 0.37824510813611123 0.1416047631021852
2 0.3355474380382485 0.7854998883053993 0.29629053834423086 0.13151388278109757
3 0.29352402121762833 0.16755059733706762 0.22859119505459405 0.11429537500536008
3 0.3506708966538469 0.8673075759591499 0.17279918225363253 0.09233910076100435
4 0.30875636529663464 0.0991388781271558 0.1967816936518164 0.09007510628530618
4 0.3772261095657593 0.92394480483659 0.16497219224903859 0.06585483756525215
5 0.32435238528744664 0.04635215891724398 0.1530648617603633 0.07059260403387063
5 0.40109772562243673 0.9672062416667638 0.1674319885431624 0.06558751666647239