0 0.6079146141321936 0.5884247048508535 0.3768340422061296 0.2753864010733611
0 0.5663480881593856 0.40717514086908724 0.3742203995988194 0.26315686101680846
1 0.6752940584369167 0.7359299786854689 0.3612780644343464 0.2092206991955834
1 0.5494074537947389 0.2616825159143864 0.32269064810072945 0.19864421213689398
2 0.7072722627318638 0.849135767853916 0.38514868881003667 0.20170840745341787
2 0.5007911432309864 0.15782186942699333 0.3704318968521099 0.18361962865256343
3 0.705198007611383 0.9309539859351491 0.3074283853637958 0.13809202812970184
3 0.46478149350616427 0.0886666155300561 0.2901399100892516 0.12139096063247806
4 0.6942067794641266 0.9734718785256048 0.23447381493455474 0.053056242948790425
4 0.4499178440308126 0.062164375190739876 0.24118184190777908 0.06670400565527018
5 0.7210896597087089 0.9928451240487173 0.19808044830131985 0.014309751902565346
0 0.42652912774354096 0.5785559690426629 0.3539826073914222 0.2037820790259253
0 0.4041872877093249 0.46739334010042666 0.34647735389503403 0.18632422808703644
1 0.4262232461243364 0.6985379674476488 0.30590568431449927 0.19957589327948655
1 0.35793286400872576 0.3613391567465093 0.32986022727157516 0.19687129384501362
2 0.45579760426543736 0.8115334473287741 0.4115909965023442 0.20402180961395927
2 0.25655781593243643 0.2600632443995722 0.2958707067921863 0.17469619459173735
3 0.42744887861542014 0.9062603504680191 0.2256976161330267 0.1421549175670937
3 0.23459360951445576 0.17053523084195113 0.19179201423502354 0.1247875106215096
4 0.4657784559127027 0.9545503079462248 0.20376928571356137 0.09089938410755057
4 0.2514895548195955 0.10720870434301946 0.15029724025924646 0.08515456042934444
5 0.5073781281152119 0.9914339817300566 0.16438464285678067 0.01713203653988689
5 0.256848801198472 0.07047486217670891 0.1547272989507033 0.06394056361937292