0 0.44701654854246853 0.6494854218201642 0.2131110951005345 0.38572953027157414
0 0.6391843654994663 0.635639868442393 0.20796770195117548 0.3711105548986684
1 0.28889422872126125 0.6787866091260563 0.14228055383344043 0.3348120796721321
1 0.7991800100809301 0.6351358603701975 0.14921234159358987 0.32308669657764466
2 0.17451571092259674 0.675025735771031 0.1341758230055559 0.3993241289263206
2 0.9098678284993595 0.5837062214116757 0.11706914922724383 0.38661925358268856
3 0.08020620951981892 0.654807294004233 0.08671234159359 0.320540016729869
3 0.9725835895480771 0.5459119754334729 0.0548328209038457 0.30793309061115165
4 0.041743666119231276 0.6046428146827145 0.06133107668846176 0.261868216788417
0 0.4069523915706198 0.16868965867298374 0.142112703412607 0.32760054121059373
0 0.5283186472697117 0.16254129973788098 0.1346773643899576 0.31769130892046576
1 0.2880459321656519 0.17714391453701817 0.13752881166602593 0.3370200273761495
1 0.6432556615321049 0.15295852916118496 0.13747286152574828 0.30591705832236993
2 0.7600380254846156 0.1589722346892425 0.13546066635384663 0.317944469378485
3 0.8496787049913462 0.13537863480633813 0.1224343330596156 0.27075726961267627
3 0.0842785104915066 0.2095080601932078 0.11578229600085498 0.3313307920442271
4 0.03606171206388906 0.2054574293068814 0.06910211655277801 0.2862005260016218
4 0.9167066465976497 0.11705798604946974 0.10940799976538483 0.23411597209893947
5 0.9599199272266028 0.10621823612265452 0.07497085164764992 0.21243647224530904
6 0.9822384244210471 0.19816440930304594 0.035523151157905684 0.12156359684110996