0 0.6772283802804006 0.44062451946252135 0.3852106527950301 0.24994834008444974
0 0.6981571294044642 0.6279311561732451 0.36821584140324287 0.2439639946911695
1 0.6670482618970547 0.28644217902048524 0.34431473376796123 0.17754730885585332
1 0.7371414295552478 0.7829286931136517 0.32997560100231627 0.17894259522205266
2 0.6438721172669774 0.17211666340618695 0.38484434175361754 0.1707895103054679
2 0.7038271895699404 0.8933040162263334 0.3724893343546584 0.1603336592003776
3 0.600236575456334 0.08993215426426465 0.3206654586049758 0.11834216148207544
3 0.6814828783859627 0.9592724804040789 0.29645910875165005 0.0814550391918423
4 0.5429487213453446 0.0631454233011096 0.25416667345992 0.06813056551458797
4 0.6650489712233262 0.9924094116684341 0.25416667345991983 0.015181176663131825
0 0.20256797625905942 0.44460166185479283 0.32027627222949967 0.17586637587644205
0 0.21277479951527908 0.5652142027919533 0.3248321320648957 0.1689910240107858
1 0.21676214699330315 0.6793968950996457 0.33676741867669435 0.16742764434664537
2 0.233886704160049 0.792100254392168 0.3727411668269547 0.16754519766191606
2 0.187591603235053 0.2217416127302002 0.3656135725228482 0.16944476392193886
3 0.1761561520290364 0.1346148246489447 0.3026938517356878 0.15305510740623868
3 0.23102499467913684 0.881824251916546 0.34123933435465836 0.15814844632714298
4 0.150312891105785 0.08125119936184108 0.2895833469198399 0.12096464091653303
4 0.23573730516236535 0.9401054461180874 0.26132480217571075 0.11978910776382506
5 0.24893175413564533 0.971414222775723 0.21140110763528172 0.05717155444855411
6 0.3513890202251192 0.9849545299013889 0.12187119084094943 0.030090940197222145