0 0.44592825498907196 0.6049297382455102 0.24413208798911074 0.370619687557089
0 0.6250400634419455 0.5818070033611807 0.23966058227730067 0.3752594915499173
1 0.3014535824863561 0.6581692270045066 0.17754730885585332 0.34431473376796123
1 0.7677074530085742 0.5888735288419185 0.14925597488619338 0.3169490403439005
2 0.1852032306206999 0.6670482109476551 0.17285716986343178 0.38012059360335715
2 0.8542376778720708 0.5340429306305229 0.14696968204761765 0.35283884433672874
3 0.09500022319383374 0.6521252986187961 0.11805651486886347 0.2822878643008693
3 0.9193601573065284 0.5004424942224245 0.09574952629248355 0.271916982268596
4 0.9554431196055558 0.4823144367053041 0.06438197297721288 0.23485196007171866
5 0.9784571079728803 0.5005378760468883 0.043085784054239386 0.16986416976044041
0 0.4026854141440562 0.2449823963493278 0.16507433817546951 0.3031135725228482
0 0.5130354672654027 0.2206463007210435 0.15993045927189484 0.29813799190029183
1 0.2834428895817599 0.2455318629114468 0.16932721060666805 0.329639824372588
1 0.615921841978299 0.1929562683342862 0.15814844632714298 0.34123933435465836
2 0.1729247431624722 0.26746411238588497 0.174370009544902 0.4017552089879727
2 0.7136390677962858 0.18064708802755344 0.1575936264506492 0.3612941760551069
3 0.08499099525781127 0.2849931231339491 0.14769259522205266 0.32888432695569925
3 0.7865108722524053 0.18579431007968503 0.13488343794578675 0.28287547340289393
4 0.04753801658391961 0.30075930657593936 0.0705344116684341 0.25425061761735207
4 0.841042913950132 0.17304628676643935 0.11346745584178262 0.2509539201434373
5 0.9025931308201205 0.1745114799826904 0.1236882003163313 0.19136143124187593