0 0.5895904447840047 0.543614507671419 0.21104506848069102 0.3784824843894282
0 0.41591792651622733 0.6097196818039395 0.17944616981872213 0.24671254965658918
1 0.7458285905135598 0.551390736336915 0.15010886606525878 0.3591538014034844
2 0.8704085662289204 0.5339755372646138 0.14952512514484959 0.39020757716096977
3 0.9594010949410842 0.5066995740907431 0.08119781011783161 0.32859078461836877
4 0.9952837771301769 0.46301351558073084 0.009432445739646274 0.2575548317028976
1 0.6743454854755948 0.31932127200342103 0.1508089065396573 0.3711730321727152
2 0.789240072528131 0.3014890468242553 0.13664213726544988 0.4154725393981895
3 0.8840875503215094 0.22974192980423075 0.10945461516742391 0.2362143543159714
4 0.9633461517138382 0.2485069144166313 0.07330769657232358 0.20241343916328067
5 0.9939774087697091 0.27291344518437 0.012045182460581736 0.13216238321786827
2 0.16219473615623803 0.7113426340281126 0.06273259910797933 0.09124784335881377
0 0.557432635317747 0.2817669235228678 0.10891829132879521 0.18592980932771683