0 0.4164741968367559 0.391454748998316 0.36855500403214403 0.2057292057917698
0 0.41600837564244686 0.5715334140833135 0.3724384235738427 0.1913900474500785
1 0.3808569721867298 0.7161898595131884 0.345010961893404 0.1380858391585349
1 0.4030865408325531 0.23874757929304602 0.32531805627963806 0.13053862637145366
2 0.36743334835449 0.8252082055422993 0.37968224505210585 0.11708061313431191
2 0.44446248635602154 0.13501945741459492 0.3651051226680299 0.11442501123630869
3 0.39430550941306985 0.907316608389304 0.31006387082942916 0.0798480606872203
3 0.47679264698867035 0.05874674949725688 0.2714482869068917 0.07677286588228882
4 0.41894401128716485 0.9545692420055395 0.2550226189908284 0.04527111013813194
4 0.4934046433824574 0.018217039207414916 0.2368092867649147 0.023342779718666645
5 0.4222255480875739 0.9828252360131795 0.2500608812221371 0.03434952797364096
0 0.8549397445764837 0.5973457086606797 0.2901205108470327 0.13501064435360333
0 0.8531610722236425 0.4808640684258733 0.293677855552715 0.12547917831960434
1 0.8424493854672467 0.7123946497197523 0.3151012290655065 0.13306835039737855
1 0.8520988955050122 0.37167788523399103 0.29580220898997567 0.12328512861922238
2 0.8220695036275104 0.8213080975221312 0.3558609927449791 0.12420823301446458
2 0.8439792257858424 0.2670266589602977 0.3120415484283153 0.1210491196281475
3 0.8187849831473459 0.899118402841935 0.31687415413010783 0.11118197926860582
3 0.8605912221796294 0.18202579482430184 0.2788175556407413 0.11316623251552375
4 0.8082130427492428 0.9561129227001827 0.2653150666723461 0.08777415459963468
4 0.8708836698611468 0.11965167269638033 0.23887275898003843 0.09301235888951227
5 0.7706291949342673 0.9837151941787206 0.1926766644518274 0.03256961164255893
5 0.8611769634125566 0.06185446677734057 0.22127560859812034 0.0806994130854317
6 0.647647927435616 0.9771391283697519 0.07806227637220677 0.04572174326049623
6 0.7775510665303689 0.049589563556130214 0.17437016798705193 0.06067141733149868
7 0.5896779694323789 0.9911845716765935 0.04496373084021927 0.01763085664681304