0 0.5819439221098575 0.39451947397563525 0.4283618113156628 0.27486220044296894
0 0.591351206238038 0.5827592606695615 0.4065313969544041 0.25664886821705524
1 0.5897132020883199 0.2352494459777933 0.38662931694657243 0.19772419683675593
1 0.6268092001052399 0.735650701138653 0.36739854771580316 0.1964918331487643
2 0.5835908595088802 0.12257676766902198 0.4153076430984605 0.18514966544566652
2 0.6005075908901343 0.8528068393247564 0.3960209313029361 0.17910960944998258
3 0.5549676338564331 0.053705109620353304 0.33544926565636285 0.10741021924070661
3 0.5977129888483156 0.9227494459777932 0.32784612924153794 0.10027710577278107
4 0.5232141507736362 0.019897218005508196 0.26277445539342625 0.03979443601101639
5 0.5278120584634964 0.001483258199164655 0.24793180923468514 0.00296651639832931
0 0.15727432006803885 0.4914970590339888 0.30481463386867025 0.1852751127012531
0 0.1682882688023038 0.6110731848823008 0.3094824697644745 0.1735639728540201
1 0.14746229441069691 0.3718439104551775 0.2878758256622368 0.17458140985887574
1 0.17921830368943595 0.7234377722690741 0.2974352677128662 0.17038989939517918
2 0.16769834567643194 0.2502651936138792 0.33114505643146763 0.17735422815685692
2 0.19970778062719752 0.8303784855041594 0.3045349210448942 0.16123665116279157
3 0.14994837028104782 0.17201658876394885 0.297379325148111 0.16558220708748694
3 0.19838082884488928 0.9230806078882353 0.27074121847916 0.14706078393957528
4 0.13715992924643283 0.10668104683817439 0.2731450646330062 0.1472148294005743
4 0.19277679705474918 0.958321490771502 0.24348774359790176 0.07565474540704833
5 0.1582351189834961 0.05721771461226071 0.2100296964206988 0.09032503202998605
6 0.29389858462272694 0.03642227850895842 0.08494578257356594 0.07284455701791684
7 0.3344422994907691 0.009679950648833983 0.07239509743916067 0.019359901297667965