0 0.3785720839509311 0.6479844533246264 0.2346452806883049 0.3655005354213677
0 0.5609097186018099 0.638987535069445 0.23014567930261046 0.3701963274485044
1 0.22660675865348942 0.6901886215504811 0.17331676315415936 0.34487101268365394
1 0.7018123689127393 0.6567116702689109 0.1427761092370168 0.31775730330801283
2 0.10858722892352947 0.691052833907639 0.16585801499276015 0.3783010582763889
2 0.7975954005167943 0.6083849814388362 0.13772120722946385 0.3512432990410257
3 0.03830494946332669 0.6708419322829595 0.07660989892665337 0.28125200987809834
3 0.8680305841638967 0.579931483513676 0.09161827694011475 0.2685613774255343
4 0.9051665946985816 0.5639438125409195 0.058211640486129514 0.23418017944807692
5 0.9327033621262444 0.5850479065319453 0.0542064585001565 0.17168017944807692
0 0.3897366950620432 0.2859258564693914 0.16092856024079355 0.30137798135331206
0 0.5050747283272277 0.27055464197873974 0.15371702177925511 0.3012101309324787
1 0.2699295010222329 0.277118734070887 0.1651809519266272 0.33028008533974373
1 0.6099805675526019 0.24892203647222275 0.15137405684754604 0.33955976911346164
2 0.15594743629497046 0.2901140774778313 0.16724442414175075 0.3999356736610044
2 0.710356364781213 0.24162858267836598 0.15081875622568738 0.3683499728193377
3 0.06776360034216412 0.30126507613370734 0.13552720068432825 0.32966463379668814
3 0.782903445168526 0.255354292726069 0.1286002420138008 0.2838237064527779
4 0.03012694205923252 0.3133392521041667 0.06025388411846504 0.2564861965160257
4 0.8376061654740603 0.24699778626693444 0.11202052863673864 0.24983415945726506
5 0.9009999976289854 0.25328815729198795 0.11763073126615026 0.18755796001837616