0 0.3957553289417195 0.6335105388524828 0.37220852262040616 0.2113250846704505
0 0.41331261865940133 0.4464424174075671 0.3674567804529917 0.2134489146345372
1 0.3514210356291126 0.7849291380039004 0.34900730330801283 0.14275731950884044
1 0.41574745470053387 0.290262421455007 0.32754053834423086 0.148708785116461
2 0.31759732917633465 0.8973261663142604 0.40882370645277777 0.13423829111160374
2 0.4568106746849892 0.1762434457830846 0.37019431757040605 0.1247866231319891
3 0.3461347523119116 0.9604799112821094 0.31093540595032054 0.05411873654718245
3 0.48747520809017086 0.09643834864452737 0.27571696574679494 0.08807630743167814
4 0.5055330342532051 0.04257367659575361 0.2436836637829059 0.05260235604439501
5 0.5016205441899573 0.017505498160892655 0.22708054126709407 0.03501099632178531
0 0.8308514827878734 0.6081690736792449 0.3082538189731838 0.14518487420357667
0 0.8396865802565165 0.4864248226728146 0.29847058393696596 0.13741330336251914
1 0.8208704123825848 0.7275794825792687 0.31775730330801283 0.14093721427540346
1 0.8470959540871257 0.374365960329209 0.28868734890074804 0.12964173252146147
2 0.7881647037963133 0.8435122760729581 0.37271006400480783 0.1297343235345614
2 0.8472098642457796 0.2663328915010118 0.29338314092788476 0.12511405640352877
3 0.7794425115472747 0.9088361465114436 0.3265893859595087 0.10784340050107652
3 0.8612712751351493 0.17789246641122836 0.2690649286880343 0.11169474468550036
4 0.7545927729747854 0.9450919966910104 0.24323606266068373 0.03337158681362568
4 0.8760310578389421 0.11101665265862039 0.23993902414049154 0.0979954167777124
5 0.8836072771513355 0.052228868794850274 0.20209293722200855 0.10445773758970055
6 0.7954202963527777 0.03937495580394822 0.17335868365641033 0.07874991160789643
7 0.7152271510405982 0.018580388988611436 0.06865049567435914 0.03716077797722287