0 0.3513340983817519 0.5752327051580038 0.21386176210643107 0.4135531416965914
0 0.5459617229961575 0.5756447668675434 0.1942953374871304 0.3840354345909809
1 0.1793472132522415 0.5908500970297825 0.1483425477402775 0.3584020340613098
1 0.7041671865666479 0.7118894034752328 0.08528143796209739 0.10149573781781548
2 0.056684499461399786 0.5880875989121447 0.11336899892279957 0.42478634063724907
0 0.3876032594379044 0.3492978715693392 0.13363975799342442 0.3338599075782558
0 0.5112614799490932 0.3569939782308176 0.11893696824657159 0.3093177810952017
1 0.25680342867112105 0.3358439819955417 0.14842646158741027 0.3656135725228483
1 0.6299450225236382 0.27595763759356845 0.09853140515594287 0.20768468937420656
2 0.13201321328895307 0.3221802320281641 0.13011874467510215 0.44426894234031467
3 0.04059923640014033 0.2629540541680154 0.08119847280028065 0.2336233321219217