0 0.38030909778174105 0.6826770886961714 0.22301768106631398 0.3948122670007177
0 0.5736508760035851 0.7035631249493772 0.22272396603146413 0.3779853439237946
1 0.2203064710335469 0.6817800119251284 0.15288654969784715 0.36671357071074284
1 0.729439323805964 0.7391059588088699 0.14259981643137712 0.32769199986968517
2 0.10527850961982058 0.6546269310632072 0.14369075798939085 0.39019199986968517
2 0.8430075231064328 0.7120324931143729 0.1363533416557739 0.38256043712350735
3 0.032113518982566217 0.6162828137308888 0.06422703796513243 0.32871947361562365
3 0.9277295685607478 0.6832789302813185 0.08693372127668024 0.3028371983028352
4 0.013134505495953972 0.5574704412795429 0.026269010991907944 0.26878703640523977
4 0.9713554533008678 0.6653663836814621 0.040589295702517895 0.26171550603858135
0 0.41402525911707744 0.19857025061548586 0.15221520104676187 0.3282520322492043
0 0.5341546278733459 0.2091764245902435 0.14272569430345564 0.33490353833122366
1 0.6508250849162701 0.21115912488421992 0.13804387986784186 0.3418350606030026
2 0.17836441745876874 0.18965714962496094 0.13846347277477022 0.36587352214146407
2 0.7598853902360738 0.2355583393550955 0.14318724650107675 0.3613458460235313
3 0.09209869130981059 0.16899185820928928 0.13791800199576343 0.33462352214146407
3 0.8574509559203072 0.2292094364284953 0.1257309340637613 0.32430809705168073
4 0.04659345154950499 0.15671631979118908 0.0771504994985243 0.29266178130793147
4 0.9235147658603835 0.23546350519153508 0.11278859889928829 0.27072344119266656
5 0.9668049762749609 0.2367817278224478 0.06404032717127979 0.22946174083353268
6 0.9696405819200902 0.3500425132429766 0.05232697802125367 0.1087094007617059
7 0.9855653802471173 0.4027052622148272 0.018127661088400897 0.07549928743338906