0 0.5393279221087011 0.38933999615569276 0.4390346236901304 0.3057330086282556
0 0.6080347826215377 0.5550218087933192 0.310755877439462 0.2529918442459828
1 0.5301707577335736 0.2263159077425654 0.3906651209754155 0.23514657006989498
2 0.5021098471077777 0.11394319709164072 0.4269049658525893 0.22788639418328144
3 0.4712255716550175 0.050842235553179176 0.34601039515150345 0.10168447110635835
4 0.42227516788954883 0.015513153523413172 0.27564197191321 0.031026307046826344
1 0.29269774464411025 0.3638127095356228 0.37256312991212137 0.21704457900660087
2 0.259009455147955 0.2564234564246272 0.46536650431412785 0.24319714587766994
3 0.20111848291914944 0.16879349887755285 0.24392007852248992 0.1594957223166359
4 0.20259505425857152 0.08622511170882369 0.23951255410434638 0.13287126205484662
5 0.2191860306401345 0.04075211873052119 0.14528782189707298 0.05642007852248986
1 0.7210679265699087 0.671933950826682 0.13061086690334306 0.11505901181279107
2 0.7209202173427364 0.7842771860642657 0.16870810022591834 0.11316576061680414
0 0.258640891784162 0.49784577369197697 0.23725499776939613 0.1661608030697296