0 0.4441725002532342 0.5047375990572746 0.4065924977157686 0.28518693114121124
0 0.47366665458641743 0.6937780536672642 0.3795906317881048 0.26426166183945365
0 0.6982807447667313 0.4970279563847023 0.2666355862109185 0.17544480140273228
1 0.3939530126678891 0.34556073529829445 0.3639085488354767 0.22006815830422896
1 0.44915707706427316 0.8409679696737383 0.2687596532470865 0.1659834622483465
1 0.6564968292827662 0.38038053670102673 0.3320989906001206 0.19883479808047338
2 0.36253176381000485 0.21398152018911412 0.4142494285074069 0.21849542067751473
2 0.4286508268864969 0.9519122425604115 0.1688730101304234 0.09617551487917698
2 0.6314349197065948 0.2612056660135746 0.42867250543048385 0.21941969344350848
3 0.3535844676897701 0.11263486807507829 0.33585751121652024 0.16308519669477894
3 0.48293433785950246 0.9961128956469891 0.10194076537341154 0.007774208706021677
3 0.6545898227661856 0.1499193968537939 0.23454624885788425 0.14459605656359203
4 0.3807519468298557 0.05679110591475806 0.2422731244289421 0.0803083922537417
4 0.6058263137218589 0.0820116642104681 0.2212680120591024 0.1005565984893665
5 0.5735970868099858 0.046355227063635526 0.1520018659276638 0.028935633273703444