0 0.3752860757411914 0.46509464859024136 0.40025737744793644 0.2408008737769224
0 0.3568571852291679 0.655464335315384 0.39912355529998594 0.21916625839230675
1 0.36373499025911066 0.2938358658018511 0.3704136033117775 0.17358362546253492
1 0.1972891521432156 0.7972629271371792 0.11739007758390975 0.09401915188874618
2 0.3874908264623974 0.1630964923515662 0.40596737466482524 0.1671228801569793
3 0.41524059423172094 0.07134443058112455 0.3474034269211735 0.09978576654857484
0 0.5864517073733115 0.5137550974413094 0.3404336273176733 0.14942529863005632
0 0.5740800899363078 0.6346235549922353 0.3452413196253656 0.14984591720470009
1 0.613435372091384 0.3905427263835458 0.35333471975753206 0.1673037681435891
1 0.649826797830672 0.7559567630688733 0.20974407333935283 0.12124167403774887
2 0.639280103851864 0.26602327760519817 0.46555960755633446 0.16276522772464297
3 0.6989097728144933 0.16498600580071088 0.2336565546391532 0.12094092075712208
4 0.7039540931705818 0.09177385275206418 0.23379275649709869 0.07788199927521323