0 0.6268887944916217 0.4433709471736332 0.375091603235053 0.21555438686061842
0 0.6959784108500404 0.6331638118085698 0.23002139242996286 0.1889983678805873
1 0.6029838573175295 0.2747870217242061 0.3610577126874521 0.15765228271484658
2 0.5936431805085045 0.14489541083512814 0.4085470266623506 0.1416645454517802
3 0.5698946939822448 0.049586833787316015 0.33209708027218193 0.08507534590184089
1 0.3655372874430371 0.3547257080395384 0.3896520340613097 0.1509442557416221
2 0.34073949894887623 0.22936905406864938 0.45173231327414926 0.140015966530405
3 0.28291744548161 0.12145381618190683 0.23669873153522458 0.10503158965874307
4 0.28624084782839865 0.044635637485561985 0.23079976518091513 0.07369767107735738
2 0.7860768909511443 0.9086079095852413 0.09842033840451264 0.06658221778155958
0 0.3374084884738664 0.47795733453826217 0.22509922155315423 0.11684102397450967