0 0.4465982627264339 0.6228502930260963 0.3998225650441886 0.2695314905301427
0 0.48084137670607274 0.4564600483999216 0.38780333427495783 0.26876126322514793
1 0.38387706412991834 0.7479595987733205 0.3638631832238365 0.20983659184484849
1 0.48709676830903875 0.3133846201266446 0.3418361193541919 0.20364249038816568
2 0.3595684471173541 0.8456396004344501 0.39153199161490243 0.19726206045375905
2 0.5504555965106855 0.22538088430303688 0.3771089146918254 0.19633778768776539
3 0.36844769327418436 0.9251205689723719 0.29606512867594054 0.14092756370502932
3 0.5844285550162216 0.1582110959479812 0.2932688340370649 0.13596582593633827
4 0.38679525504755463 0.9627385422097284 0.24946008578396026 0.07452291558054305
4 0.6024330219143156 0.11512635125081791 0.26005659161191824 0.10992477340489033
5 0.60289920326485 0.07689588098077788 0.22022148345277706 0.09063312295198396
0 0.8512548829948959 0.735345414742882 0.2974902340102081 0.19458240639463972
0 0.8656658694731383 0.6293289742737903 0.2686682610537234 0.1845048853962581
1 0.8359363098035026 0.8416699461339714 0.32812738039299477 0.1911611232359379
1 0.8729634296110995 0.530878745307666 0.254073140777801 0.1866006406281065
2 0.8017778289377061 0.9146812253812087 0.384909125880908 0.17063754923758268
2 0.8738466370684983 0.43022529776812557 0.25230672586300346 0.17636907416872602
3 0.7740352876811352 0.9597918521310738 0.31230337902531957 0.0804162957378524
3 0.8961436580461629 0.35852546741630686 0.20771268390767425 0.17073027333390173
4 0.7501438951415182 0.9911188748615734 0.2495092410276303 0.0177622502768534
4 0.9145159958074511 0.2949310076809519 0.1709680083850977 0.1392653466507658
5 0.9235918629389619 0.23320123498594666 0.15281627412207618 0.15695566127154537
6 0.8781883463917389 0.18301425757446912 0.18426170490025948 0.14811050396115558
7 0.8169394247123323 0.15039398993384084 0.09561393193780642 0.08743045128773057