0 0.403160360827767 0.2879425553617041 0.2787958084059863 0.3908577866770433
0 0.5792054235303281 0.3189483310176291 0.2802185333472592 0.3789225000652446
1 0.2592483072165219 0.2450281979668543 0.21173349558447882 0.3621489867340693
1 0.7331742671195743 0.3267550867094134 0.20236349045527893 0.3354548465694653
2 0.14896572050337087 0.24528385997796104 0.2040803533942409 0.3858516716428025
2 0.8248395333174181 0.39306688679495233 0.1934838475662827 0.3734966642438434
3 0.06749182610537235 0.2579632063396168 0.1349836522107447 0.3288003827982671
3 0.8934228815675388 0.4338177928412205 0.13912774872889053 0.29489470417212477
4 0.0327956130504481 0.2990117464757077 0.0655912261008962 0.2670253458034716
4 0.9264390981162536 0.46981824586435467 0.08472249464782777 0.2450549537891279
0 0.266314363607879 0.7457531609720587 0.1991747473313742 0.32575551779664874
0 0.3784367013691673 0.7670061981094194 0.19677090117752805 0.3256715736392168
1 0.1561053113941502 0.7304257950618814 0.1953481762362552 0.33760686025101505
1 0.4840588631395536 0.7944787110249754 0.20074454127149147 0.34498628702741796
2 0.5875469374980306 0.8040482940228336 0.20373706015288165 0.35228176964638835
2 0.07891078961743171 0.6544566382822418 0.15782157923486342 0.30121339131359465
3 0.6708231214131649 0.8263086610493791 0.17798173567545808 0.3010455029987305
3 0.027890403719747152 0.6749618370803346 0.055780807439494304 0.308730171993177
4 0.7363647955382253 0.845592840025896 0.15041123777173263 0.2569368306551786
5 0.8035989533464953 0.8588254315390815 0.16468724569596505 0.22627443975720332
6 0.8388223950743758 0.7796931016498966 0.1259315692367376 0.16259922155315437
7 0.8782648563824047 0.7076044219073858 0.05759399720496761 0.05953907915581333