0 0.37415069850534144 0.5551362274027976 0.38540270633547036 0.24259427189935323
0 0.4048452168587604 0.37259775655645266 0.3804271636069446 0.2353547631021852
1 0.3249527627447644 0.7063128169066241 0.3549339984212608 0.17271491142403705
1 0.40585432926185877 0.22594915600402252 0.34515076338504286 0.1654474322912396
2 0.30060456555667664 0.8227734888578294 0.39831512947104714 0.1777743367523958
2 0.4657566674951387 0.13133287695465454 0.3687416238012822 0.1463565147386183
3 0.31737352861522355 0.9286546009695786 0.3081978688329062 0.12677611631247906
3 0.5044989615971153 0.06784772397886082 0.28108415945726506 0.09777612562036254
4 0.3355132701105761 0.9742359729467099 0.25123090308611123 0.05152805410658017
4 0.5317805213935898 0.03194386851713127 0.23932357259743592 0.059076839305972545
0 0.5724400311275102 0.5574919268244414 0.33083958674252156 0.17017121359204304
0 0.5859149704830124 0.4433721677719157 0.31831680471079077 0.14846667236835373
1 0.5731923432041127 0.6801090584223175 0.33346723345747864 0.17980058337524257
1 0.6243785188226494 0.340216560673753 0.3306157861814103 0.16055582897665843
2 0.5414927322037921 0.8025373902546937 0.42481338730363266 0.18033201975220473
2 0.6651060379654379 0.24308455412802055 0.2746559229596154 0.1313880162707643
3 0.5510501568008005 0.9083765468629985 0.3155772577152779 0.13402961027746202
3 0.706615854133066 0.1639883863200416 0.20198103694145322 0.10692999969785884
4 0.557980939621901 0.9701275390297575 0.21539701133953001 0.059744921940485085
4 0.7260434537938567 0.10399712123249873 0.18929040448888904 0.07801392001263106
5 0.7212087913550747 0.0534813890821925 0.14808931903183756 0.06335309523670259