0 0.6646634615384616 0.6335224238171867 0.39903846153846156 0.26161083338363866
0 0.6995192307692307 0.4494404692726157 0.3942307692307692 0.27108632844018415
1 0.6538461538461539 0.7882557492328757 0.36778846153846156 0.20300924355887745
1 0.7427884615384616 0.296853321456013 0.34375 0.1950982573031437
2 0.6177884615384616 0.9013892698492754 0.39903846153846156 0.1943031410759461
2 0.7115384615384616 0.17695365470817478 0.3798076923076923 0.1721089674559748
3 0.5697115384615384 0.9554995094095988 0.3173076923076923 0.08900098118080225
3 0.6983173076923077 0.09483818919059826 0.2980769230769231 0.1264616141864807
4 0.5108173076923077 0.9731086868869279 0.25721153846153844 0.053782626226144166
4 0.6766826923076923 0.05214137848351497 0.24759615384615385 0.06970431228020947
0 0.21033653846153846 0.4219855528145917 0.3245192307692308 0.1825194682985569
1 0.20432692307692307 0.2992145370198891 0.3581730769230769 0.1883063875181223
1 0.15865384615384615 0.6452413554416877 0.3173076923076923 0.18952117242183691
2 0.17427884615384615 0.7622825349694529 0.3485576923076923 0.1928343007081366
2 0.23557692307692307 0.19315266530618883 0.375 0.18639215482021265
3 0.14543269230769232 0.8479816591548803 0.29086538461538464 0.1767325490789915
3 0.23557692307692307 0.10060458838311193 0.34134615384615385 0.17098985098526262
4 0.12620192307692307 0.9027105624579858 0.25240384615384615 0.1275365095313562
4 0.24639423076923078 0.05644818604434587 0.27163461538461536 0.10646145238209688
5 0.25961538461538464 0.025582882331153172 0.22115384615384615 0.04249261201428718
6 0.38341346153846156 0.020771576932796368 0.0985576923076923 0.022098505186969115