0 0.4238146297019683 0.6283910997611104 0.4018114409880503 0.24539825679729269
0 0.41120763235638347 0.44810263822264884 0.39202796307472454 0.24215317349415885
1 0.42188099680920543 0.7715703225552699 0.3341005487518752 0.1654109845576916
1 0.3878168339847913 0.3015132448346859 0.32465325743443185 0.16697359356225008
2 0.42223365675501784 0.879112471616381 0.396264362155993 0.1660713337203696
2 0.4008534211830738 0.19753164300769155 0.3887166370985723 0.16063271355071151
3 0.4483815211927086 0.9518015765606835 0.31167600686022456 0.09639684687863283
3 0.4146211582307563 0.12108911730626702 0.2989844028992292 0.10738850228404505
4 0.48729679956540006 0.9852897904010681 0.25112611310291766 0.029420419197863843
4 0.4185548773824427 0.07484504516823282 0.2519665795926232 0.08416185659415908
5 0.42151354341278263 0.04882335605056899 0.20841170221018063 0.04212506024814776
0 0.8460522062220656 0.6203633852686594 0.3078955875558688 0.1687465118541306
0 0.8321916258840075 0.5064362242449415 0.31453359292522376 0.15892081795142396
1 0.8518052833390667 0.7338699277177335 0.29638943332186657 0.1691671304287741
1 0.8373281080622769 0.4008320807663802 0.3253437838754462 0.1603929829626774
2 0.8334358522686358 0.8412017674915226 0.3331282954627284 0.17045840745341814
2 0.8242247875146138 0.299134459799215 0.35155042497077243 0.15988192039472868
3 0.8468459710833636 0.9225119181476481 0.3063080578332729 0.14681114318888816
3 0.8176098122708344 0.21249084361709247 0.31559269269554097 0.13990035800797662
4 0.8500171921742926 0.9608511411951205 0.26427145697506604 0.0782977176097591
4 0.8039601885048626 0.15395729877549705 0.2517479463120118 0.11520154730683714
5 0.8310720695567354 0.9887582585735035 0.20662968926542866 0.02248348285299292
5 0.7945887071614247 0.10535460248026912 0.21417741432284934 0.09041229261239277
6 0.7005667340659433 0.9901258139638883 0.07425005750594894 0.01974837207222344
6 0.6956107816088795 0.09072230631545451 0.15564464014083595 0.07334563894743559
7 0.6260085597876468 0.06910349162677944 0.07894019649837056 0.035576051040455706