0 0.5319753461728799 0.6606836330891317 0.22412626378529302 0.2994596474146013
1 0.18510305465818697 0.5822897546639402 0.20727889746980163 0.38941939211176463
2 0.07699545845987893 0.568896571442769 0.15399091691975786 0.43161030465400263
3 0.01901969523058362 0.5486322236987817 0.03803939046116724 0.35465862952551347
1 0.30207941585861864 0.33880993095663947 0.19361170197869162 0.40291819626884795
0 0.3523014533987979 0.5919392647017057 0.26344922067889126 0.4097893607916637
2 0.18630663813873558 0.3078966200840498 0.20700649375391092 0.4756497627282283
3 0.08754464304412526 0.24953970602265926 0.13987588978130067 0.24614517866371385
4 0.029433508158697403 0.26781391947071004 0.058867016317394806 0.222139000141977
0 0.43219694795332175 0.3017223449470414 0.13380839508699685 0.22179862620325444
2 0.7850346475682424 0.7462872075702054 0.0959972010573323 0.1403150666723461