0 0.31486267546635893 0.6882971387819954 0.4386178216085773 0.27913720425475685
0 0.2685262424554487 0.4901675548650279 0.41896702809316877 0.2713661075578621
1 0.3402882421079427 0.857021010617453 0.3936922022416794 0.2082366045430866
1 0.22089417377928544 0.33159651531739265 0.3570744775544681 0.19757204823640934
2 0.37799046874285697 0.940415570172701 0.4181981051465605 0.11916885965459792
2 0.24493375689297742 0.20870772052676934 0.40643518202619916 0.1798101193734498
3 0.24922883390293085 0.11764134579829352 0.3337834735721855 0.12730095153951482
4 0.27245095541300385 0.0631222768334466 0.27681491489516674 0.09684606776671224
0 0.8212697281699538 0.6274392505624872 0.34972293099804996 0.19495836774430478
0 0.7982242991413262 0.4995807633424143 0.35184676096213635 0.1902206202160319
1 0.7780727445986239 0.38020568244022235 0.370937522098026 0.18837633229754183
2 0.7639308054405369 0.2610054634865792 0.4314537002288189 0.19733649024456804
2 0.8269897162448256 0.8635757318747666 0.34602056751034876 0.20123490041980682
3 0.8539683477757622 0.9326593578573958 0.2920633044484754 0.13468128428520826
3 0.7546547083671371 0.16354477708668075 0.38013288242877125 0.18144457295368135
4 0.7290998663258882 0.09560758176421286 0.2991258622132908 0.15029024138668373
5 0.7137785910565378 0.05916519316971325 0.2544802590361526 0.08419733398270592
6 0.5958501214231965 0.05333405282431114 0.13400793515408532 0.07589240270403812
7 0.5259404250897834 0.027302165072393577 0.061496234794951476 0.025787081023949273