0 0.26689524620569827 0.3920405620599141 0.3931275436836991 0.23724058996912234
0 0.28015755420014704 0.5910561278845523 0.3787044667606222 0.2367369250245298
1 0.2401670439283366 0.23555399679345998 0.3590681276632238 0.1663538333035346
1 0.27922054795655565 0.7521138201922446 0.3301940034814405 0.1605388111066573
2 0.24088028748689122 0.11295784294730614 0.407005199061999 0.1439942549137148
2 0.3326497835307987 0.8632058458807919 0.385342613341754 0.1384310651891339
3 0.26658218264016414 0.03858553992828136 0.34179367921622733 0.07717107985656271
3 0.3730606501922024 0.9399037952044466 0.3034020665937629 0.09951927152875037
4 0.39569440372042636 0.9739620949396108 0.2741783132166094 0.03360809548571918
0 0.7575525723627021 0.3280409539437686 0.3301800183136257 0.15813496495281115
0 0.7616400285279324 0.4516711425519813 0.30851743259338077 0.15257177522823007
1 0.7534441384457496 0.20801653456632502 0.34460309523670263 0.15863862989740368
1 0.786195139920392 0.568578190437406 0.3565803705024889 0.1518468122230255
2 0.6771503940743385 0.10252967068107485 0.30120799795713865 0.13549301967901076
2 0.7963271743897746 0.6859889032674231 0.39984960127172 0.15335780705680307
3 0.694473790608687 0.03133772274684287 0.29855241878262606 0.06267544549368574
3 0.8114067528449975 0.7791932662441146 0.3492849210340617 0.13717190282765246
4 0.8146209373769525 0.8463750423156587 0.26025870233486503 0.11964289207958846
5 0.8202739309822906 0.9074632588451554 0.2217272380342528 0.1062805547914443
6 0.7372153721642652 0.9319939476611778 0.16864683030023014 0.07077993717409196
7 0.6529339125175944 0.9601723777866854 0.05299649672713368 0.021077540694275143