0 0.6471502633671249 0.3954021768951492 0.38661429079705883 0.23393212986173959
0 0.6411369631711973 0.5836367960820076 0.3718831229519839 0.22853674220456044
1 0.6613298154016533 0.24057653079985092 0.35135910881108584 0.1701587899378517
1 0.7551010439844412 0.7260106201828445 0.15295047928557237 0.10453259502747378
2 0.6606080126217455 0.11648460620203062 0.396570049351166 0.16480828674968773
2 0.7680427051140097 0.8339388240436352 0.1036411925206578 0.08334284129841543
3 0.6401001399892099 0.03837994981039268 0.32827720305534286 0.07675989962078536
0 0.4447184679416202 0.4144961940927278 0.35237654581594147 0.14862212377815082
0 0.4473819804923772 0.5312786310040951 0.33826155981486256 0.15284212073635628
1 0.41538157950705706 0.29518542942465015 0.3708979689638531 0.17575007604485957
1 0.3650636276230247 0.6382681369413142 0.21622070659056739 0.11909850564448021
2 0.41744873653349285 0.17700517098653082 0.4154927276599374 0.16078418824131102
3 0.3638727589800383 0.07434787318005488 0.2354514758213366 0.11988209944379569
4 0.3766945000709885 0.02095715109709858 0.21492746168043853 0.04191430219419716