0 0.4098487346574249 0.35447792957329366 0.3657802861227566 0.22985158591161683
0 0.38505193140806576 0.5423345835441826 0.3657802861227566 0.22985158591161697
1 0.40032029006960457 0.19605485951825805 0.342690967090919 0.1669739522953815
1 0.3347639728511212 0.6897874050973083 0.34000737023568384 0.15491276223545797
2 0.41997269523055547 0.0773233669463404 0.38819619359316254 0.1546467338926808
2 0.35757052636442244 0.7939141402373411 0.37064191869262825 0.1290159253221569
3 0.455053269961485 0.017705338412658308 0.2870088446924146 0.035410676825316616
3 0.36914115107238177 0.8645968256769921 0.3095946124617522 0.08710155843945153
4 0.40055799655416585 0.9085015290987928 0.22741624210876077 0.06644417332512595
0 0.5866423223066236 0.39824794206202413 0.332907732054701 0.1595945766710716
0 0.5754593288244119 0.5173851841948337 0.33497587736688045 0.14521345903868757
1 0.6362868542503737 0.2784393512781293 0.3281559898872865 0.16191450424353213
1 0.5789511878965273 0.6254533628911786 0.3373797235207266 0.14525541832938033
2 0.6439480037122328 0.1557592788505898 0.4074829129642096 0.1632991608363955
2 0.5922262820048605 0.7261421659632136 0.27432022211794876 0.12012601523290528
3 0.7134097764206195 0.06203634178811363 0.22847929477403858 0.11211725024820302
5 0.5585963911649565 0.9321745236053738 0.10264004266987187 0.07387767482448354