0 0.4604624037482869 0.3805103426283886 0.2611111631927197 0.3899002728541244
0 0.6369619405352729 0.4222436790627932 0.25149577857733507 0.3897883877246139
1 0.31750606408484117 0.30790461850608186 0.19827538656299135 0.3795576348969219
1 0.7888926459663309 0.4444525478014635 0.1876526720584217 0.3505995959212576
2 0.2114163238917242 0.2814195118248937 0.17748021275269685 0.403344354893985
2 0.8880913571217957 0.49610811089209217 0.17756415691012906 0.40574820104783116
3 0.13092944981659407 0.2792805507883208 0.1266331324805149 0.32345800616950976
3 0.9431546910608346 0.5376308206433507 0.0875000407595196 0.3037796964206987
4 0.07604544185945081 0.30148773539636314 0.0886447245518846 0.26774997539538414
5 0.051098861795078485 0.29278057539293667 0.07329826189705474 0.24113984000881078
6 0.03395142929426924 0.26733040615972004 0.053869069939736995 0.16642481026293673
0 0.3796244348881866 0.8016161323630044 0.19229247605124983 0.34584784617832054
0 0.4952875876179721 0.8294150472506261 0.17985352449485864 0.3336887589972018
1 0.2624655545304657 0.7822166933726554 0.18533277006200763 0.352975470792726
1 0.5966955517395449 0.8481266636267815 0.17188648861643138 0.303746672746437
2 0.15567755620501822 0.7412945241272018 0.19033888509624847 0.42752267284433454
2 0.7048686286626218 0.8487420318390888 0.1766941809241237 0.30251593632182233
3 0.08198638029247628 0.7139431497576217 0.16397276058495255 0.3552114892523067
3 0.7870038514747093 0.8721100246658019 0.15827231885599083 0.2557799506683961
4 0.04700469482555891 0.6809457866743353 0.09400938965111783 0.275353111810209
4 0.8475464309808973 0.8941642092860813 0.13512670863759815 0.21167158142783732
5 0.015880611061707038 0.643322544618811 0.031761222123414076 0.2145297046222373
5 0.8830165141865651 0.9113547590339134 0.08106687504893355 0.1772904819321733
6 0.027873136958063933 0.5100349538510488 0.05574627391612787 0.08256990770209754
7 0.012877718138804579 0.4641800635925174 0.025755436277609157 0.0629755118004194