0 0.40164051559565134 0.6100967661680978 0.3664632536201973 0.2082969609983749
0 0.42337264800327534 0.4325900914994659 0.36047821585741713 0.1936219235979758
1 0.3546188433289726 0.7573085142459726 0.3439458275103489 0.13770356086620858
1 0.4265364167731793 0.2903222375872288 0.32432260979455035 0.13188802664922689
2 0.32184840299860823 0.8630198657055149 0.386430161309521 0.13035582054672462
2 0.47044307878145847 0.19605809501330002 0.3706335146888413 0.11277301603783464
3 0.3302131060255655 0.9527810449491201 0.3089675669025701 0.09039274084053653
3 0.4942605400894874 0.12608948526479716 0.29317092028189057 0.07280993633164651
4 0.35022897059247626 0.9887689759242142 0.25313958788023466 0.02246204815157153
4 0.507407961070136 0.083324175450211 0.24151280559603328 0.055741274396685296
5 0.49313195314590363 0.051192313779582894 0.19225853706402213 0.03879859270038522
0 0.5752815337782834 0.5974697378477551 0.3511573659718874 0.13808150158219193
0 0.5899250158335442 0.4920154576751773 0.35758400746336716 0.1288440576827908
1 0.5992222799276534 0.718223845804396 0.2772268079302005 0.14138765264523448
1 0.6395223792408316 0.38718596788626314 0.31711107133301186 0.13151008593324348
2 0.574669076893236 0.8267799742530985 0.39565309743987626 0.126052049193677
2 0.7235830633938589 0.288990883865628 0.28748002051679933 0.1203829384539249
3 0.6128856326007555 0.9205197526338142 0.2354294573459127 0.09850658421127151
3 0.7401644086185144 0.2041582663587342 0.1811712722636947 0.0789080958838029
4 0.5799433472836285 0.9719769335135903 0.2028058876483101 0.056046132972819476
4 0.7104104696931266 0.13983155289814742 0.150951548719938 0.06056940994294594
5 0.7045968801849429 0.07796656490109527 0.1573290349677477 0.0800521396510375