0 0.3788557795852686 0.6019904263552017 0.3810851958094973 0.23974559721690378
0 0.3193726538364344 0.4103942948842286 0.2262598150514704 0.1935333995421189
1 0.35829967263619317 0.7701861226250101 0.36738729033419837 0.18107216831202286
2 0.35579452240388226 0.8976880809001136 0.40048157825268843 0.1645885384764591
3 0.3675247253193081 0.9681609305402902 0.3509358148079556 0.06367813891941956
1 0.607749363136964 0.726695296527098 0.3695113573703664 0.17165300793915278
2 0.611323773068688 0.8522839692546421 0.4366791601192196 0.1723395944218714
3 0.6634647195332716 0.9546939012927443 0.2454463631564028 0.09061219741451126
4 0.6510386819143151 0.9872929925515534 0.21604065107489298 0.02541401489689303
2 0.27782270580844404 0.14074669791267788 0.0908308167366345 0.07216414312688893
0 0.6665700360361106 0.6098142233357047 0.21242202001733218 0.13005227832954552