0 0.3921715117147589 0.5669028870191893 0.23485303799636148 0.3644023155699961
0 0.5697484429932207 0.5829845956903942 0.22509779696908877 0.35182305242124623
1 0.23954126658671696 0.5745914779671314 0.17464499902069713 0.3512867285826174
1 0.7051321958086754 0.6123337537143028 0.15270269952992793 0.3235843480363917
2 0.12681223889734622 0.5595372430418651 0.1677411446653124 0.37730901199028577
2 0.805087610169934 0.5896964946998693 0.14356282671496273 0.3638897002722572
3 0.049486946641050134 0.5198263644216234 0.09897389328210027 0.2968857326952146
3 0.8748690768374165 0.5796266445637406 0.09453488003720113 0.27935876914389257
4 0.014701105616224917 0.4833949433358416 0.029402211232449835 0.23994088255908608
4 0.9195360296602136 0.5602095717315418 0.06767300310922927 0.24176098779252306
0 0.449417963019653 0.3954134700677239 0.16002612312097703 0.33361975693641566
0 0.5537615004529398 0.4085538871712232 0.15762227696713074 0.3334797488415359
1 0.3383104276428694 0.3442315387873254 0.17400165952601215 0.2959982670441559
1 0.666882126095597 0.38995427594264337 0.15997018055622192 0.3288120646287233
2 0.2218357743108414 0.34140654677360954 0.1656729538999975 0.4060151577415599
2 0.7755307148190933 0.34278852705766916 0.14303137234978835 0.31821662334918044
3 0.14087421534545633 0.2800610527687524 0.11801391592811047 0.2326819270157673
3 0.8572195271262962 0.3416340210625263 0.0931363159183207 0.15916646145158503
4 0.06513907585811371 0.28567323083438817 0.09836357746167713 0.19550416994903688
4 0.9122982040469256 0.35644268103413784 0.07407337438181717 0.1724694736156238
5 0.9590053763526599 0.3681356001070593 0.07387757540517398 0.1556425505387007