0 0.6497596969036549 0.6277206279377213 0.39781749266628563 0.2539835688886132
0 0.605044318713426 0.44729098295726943 0.4027091291314099 0.2565553033573235
1 0.7209021155803493 0.7742598614978727 0.37142859471972567 0.1858364350066003
1 0.5804411234070034 0.29277327585165885 0.34730618902383187 0.18259314727843312
2 0.7522398892765919 0.8809944500775726 0.41187425854794996 0.17524425491371487
2 0.5168193149487018 0.18971313345431826 0.38518011838334587 0.16710933072042344
3 0.7468064453269693 0.9532891097254534 0.31146979477675146 0.09342178054909311
3 0.48184906714881615 0.11646450271360048 0.2919871930736861 0.11103483735338876
4 0.4466422540824765 0.07081813066339743 0.23826313611474986 0.08514960435142134
5 0.440743287728167 0.03940024234853326 0.19398657545633405 0.054792455671489944
0 0.22920109854969437 0.6850618408450587 0.2844704123941036 0.1707952145698141
0 0.19524961830602547 0.5722336927233116 0.2914301183833458 0.16383550858057205
1 0.26087464887566525 0.8014118140401431 0.2986416568448843 0.16408734105286818
1 0.16026410330029764 0.46417126483054055 0.29366607622232777 0.15911176043031183
2 0.3149230447972981 0.9053381028846785 0.3323794471561626 0.16766640541076383
2 0.15420868629815576 0.3595200129808008 0.28894232807206754 0.1613477182692938
3 0.33964832680105855 0.9523313600432056 0.2943910392275323 0.09533727991358877
3 0.13311587839803846 0.2711500471846755 0.252632803292079 0.15287701744627405
4 0.3421094122394629 0.9886828569019102 0.26062271450456964 0.022634286196179687
4 0.110584582154544 0.2103403680003489 0.21092797710237354 0.12741150523146702
5 0.09260914574644559 0.14248703866934806 0.17984586541723768 0.13112792349254226
6 0.1585317594565085 0.10517401353898492 0.18937730587519022 0.12905985396842448
7 0.22611798910937095 0.08112411433349168 0.09875611503424085 0.07787699706651421