0 0.39879472541960503 0.4026442307692308 0.3977576379463677 0.2548076923076923
0 0.37059501300379327 0.5853365384615384 0.40016148410021385 0.2548076923076923
1 0.4145006358128741 0.2512019230769231 0.3554375496837609 0.19230769230769232
1 0.32335935190913523 0.7247596153846154 0.3285476408692309 0.17307692307692307
2 0.43096187309989326 0.13221153846153846 0.39881868073354715 0.1971153846153846
2 0.33781241378044946 0.8293269230769231 0.37153712093707286 0.16105769230769232
3 0.4820281089254808 0.054086538461538464 0.3054023716971155 0.10817307692307693
3 0.3502802506109516 0.9002403846153846 0.27896006400480783 0.10817307692307693
4 0.5269458589548077 0.021634615384615384 0.2558147948326923 0.04326923076923077
4 0.3706020475771376 0.9471153846153846 0.21573271218119672 0.07692307692307693
0 0.6023403564107375 0.4723557692307692 0.30920497135790614 0.16826923076923078
0 0.5856832936327462 0.5829326923076923 0.3286595411497866 0.1778846153846154
1 0.6393741613561434 0.359375 0.28539031038055557 0.1778846153846154
1 0.5677683576375541 0.6911057692307693 0.3260318944348292 0.16826923076923078
2 0.6474499121748399 0.24158653846153846 0.41782564940320527 0.1875
3 0.7211848360411326 0.15625 0.22423110386912407 0.13221153846153846
4 0.7205683795590279 0.078125 0.2018691366608976 0.10096153846153846