0 0.3625372696289186 0.627283906360897 0.30059627434244934 0.4196160538920943
0 0.5574444067274229 0.6479363794735037 0.2921228801569793 0.40502512654818407
1 0.19866982324309232 0.6083079275785255 0.22730947799643803 0.3771281152086541
1 0.7147165318633205 0.6874569508441233 0.22102962067749216 0.36018929185117526
2 0.0939624893784904 0.5846631269001068 0.1879249787569808 0.4200056949959403
2 0.8415041608055568 0.6641148512419865 0.20946042978361737 0.41989379471538457
3 0.04071718806623966 0.5335409409342413 0.08143437613247932 0.35118734890074804
3 0.9075194860430211 0.6361898648323177 0.09705174581338974 0.31412255406805545
4 0.019142505328632795 0.47638015957457264 0.03828501065726559 0.29243198854316244
0 0.4808460541577638 0.1455405728320511 0.20657712245370313 0.2910811456641022
0 0.6042687345028493 0.15386206964770247 0.19936558399216467 0.3045091793307694
1 0.35700275523803443 0.13369019742270288 0.18984064337008497 0.26738039484540577
1 0.7234094957585474 0.16308379340304427 0.19476820097179426 0.30680112520405994
2 0.2349775966068379 0.14232846446132472 0.19350634524786267 0.28465692892264943
2 0.8361652450516386 0.19044626359278774 0.19362621054187967 0.3211682519868591
3 0.15263061016445892 0.12281894946821578 0.18031570274800524 0.24563789893643156
3 0.9193082466466529 0.18611213759935819 0.14960618661666614 0.2841594072944445
4 0.09782269984764977 0.10403578135966877 0.140893061843162 0.20807156271933755
4 0.9628929413468665 0.18149926584358894 0.05949246719373163 0.24127981762905984