0 0.6731730515373514 0.641162533823045 0.3829956419672654 0.27482216831202283
0 0.6183757457034252 0.4671536447772186 0.3846145911510531 0.2654030079391529
1 0.7575770289317381 0.7829646809120501 0.3582705939460855 0.20594468206421312
1 0.5850657878891871 0.32235878044074046 0.33423213240762395 0.20398243963906637
2 0.8029569596875402 0.8823562270673881 0.3940860806249195 0.19966510957157788
2 0.5242340906827275 0.22068607787464847 0.3787278638756128 0.1932876233237683
3 0.8104610492181047 0.9433123993116863 0.31568834639173926 0.11337520137662747
3 0.47066288881539364 0.14945390071666273 0.2834572251791657 0.13775417903128773
4 0.798760534068398 0.9806578380066414 0.24666379114508502 0.03868432398671719
4 0.44068854475782193 0.10402620327977062 0.23042554079570585 0.10238346993847966
5 0.4294298317028976 0.06848364920020003 0.20501350955964143 0.08359430443640989
0 0.2718776144778054 0.6979486433647819 0.326824369703571 0.20098992075767633
0 0.23049748836646483 0.5859246160908338 0.3210355561833052 0.1885782415034162
1 0.30604620212760747 0.8093839979111859 0.3210355561833052 0.1885782415034162
1 0.18740030095007948 0.4821178261128326 0.3120088442954646 0.19500488299489596
2 0.3583663256743481 0.9043120376475641 0.38652807506469544 0.1913759247048719
2 0.1777607354450256 0.37865432937619065 0.3088201011715598 0.18519327413699666
3 0.39663144152728896 0.9490774286744484 0.31711107133301186 0.10184514265110313
3 0.1496507200574261 0.2975613881166356 0.264373524947241 0.1672381608486557
4 0.4267284753279531 0.9814801965077014 0.2521093114239913 0.03703960698459733
4 0.12671626784071321 0.23599355245162165 0.22674603869943136 0.1450640279801664
5 0.10569510117155981 0.16861232564450707 0.19608471142697534 0.14972465128901413
6 0.1705745680696538 0.12973356271002132 0.19147324336179775 0.15173604895783102
7 0.223410226576682 0.10419864336478182 0.1034141431268889 0.09679127739289448