0 0.599013784967685 0.3693931463555144 0.3547378746238934 0.22655809164140217
0 0.5742532024264537 0.5491091878318284 0.3547378746238931 0.22655809164140217
1 0.6449474306959105 0.21548990955673245 0.33947561188695974 0.17806149988796213
1 0.584914839540345 0.6953591069296365 0.31746336288610877 0.1557973814885712
2 0.6662132255252821 0.09834381285983793 0.3801731593395731 0.16963517652270915
2 0.5268300018786327 0.7883489630921487 0.3459318831160273 0.13500210345699004
3 0.6376127441311078 0.027511567391720743 0.2680437425070151 0.05502313478344149
3 0.49324517795300327 0.8541970637681584 0.27061542582363257 0.08716073837190799
4 0.46370669581041773 0.894699862659654 0.2150332492503212 0.06872508536833631
0 0.41024892295472265 0.37848958077071515 0.2933829420569545 0.15269408754052996
0 0.3975224675358912 0.4881793322781029 0.2932151048941832 0.14307870292514535
1 0.40273150287397963 0.25857705219608546 0.2888270054934191 0.16697727490476774
1 0.37047783342071483 0.5922791370773923 0.30540217282618526 0.15304381143762738
2 0.42397631805800473 0.142632878576114 0.41142315933957296 0.17054445865516277
2 0.32913600025454015 0.6895870720916604 0.309874190808335 0.13395293176569714
3 0.3788636082671036 0.0502745479831752 0.23746509115810055 0.1005490959663504
3 0.2784515178624841 0.7715497862236066 0.17235144855079015 0.1011199254926314
4 0.41449562437569026 0.004999029173696994 0.19504721278708104 0.009998058347393987
4 0.2797854021036631 0.8327779183672639 0.166998285464091 0.06973003593379226
5 0.2800222614946511 0.8880314075160158 0.16488815434509468 0.08648701423129578
6 0.3203211956856825 0.9192942693428071 0.08762940309647504 0.06501801205910213