0 0.4269805204730279 0.6364005670264488 0.36268792227631014 0.18816649795928314
0 0.42588247399257206 0.45466537568309573 0.370151421215171 0.19318402460523415
1 0.3891812084662733 0.787969902450804 0.34764516577921173 0.13012446636987818
1 0.40459858487210426 0.30120391812374925 0.3236067042407502 0.12942501857568295
2 0.37701044341017087 0.9002733344502964 0.3899065546391532 0.11215270316866001
2 0.44453956093609853 0.19049996731477853 0.38003920954644627 0.10706523174328965
3 0.39989463956211363 0.9694253146764787 0.31464166405723965 0.049958205939920876
3 0.45714614601787285 0.10948150770499583 0.2869293323590363 0.0707534839715021
4 0.47613517639060393 0.05837123545945101 0.24214833872587155 0.04064832409579709
5 0.47038774310259507 0.020099443328050675 0.23278491458780926 0.04019888665610135
0 0.8500736709800728 0.6214766053565104 0.2998526580398544 0.12914523945800482
0 0.8506874095426394 0.5036181990386293 0.298625180914721 0.12165392187878837
1 0.8496489027754978 0.7393350116743915 0.3007021944490045 0.12221348011414462
1 0.8532615080189174 0.3913147670391368 0.29347698396216515 0.11486205209376703
2 0.8249337125551388 0.8481026192225342 0.3501325748897223 0.11703034025577189
2 0.8457767356396755 0.28808927198259127 0.3084465287206491 0.11273798505759886
3 0.8323400975867412 0.9291560512220265 0.32234690185413856 0.10538655703722154
3 0.8580266534458474 0.1988671851726055 0.2839466931083052 0.09959963781765595
4 0.8161379648934818 0.9645364062984422 0.24898193647142663 0.03364661997251708
4 0.863957946282206 0.13134965852665464 0.2516275214833108 0.08412738920328641
5 0.8519540479419014 0.06308484987000754 0.21202193925453783 0.10697678949161626
6 0.7564403246006453 0.0436933078043456 0.16660082280878322 0.0873866156086912
7 0.6874267882613853 0.02968989955778574 0.08525821591328153 0.05937979911557148