0 0.6873346169627141 0.6694443941974069 0.37410209640200137 0.2437683925545374
0 0.7015740658662887 0.48972002776465434 0.37429799485183024 0.24857608486222985
1 0.6982151612151023 0.8188753042208977 0.3523246473234565 0.17969859861441997
1 0.719637624684969 0.3450476548051856 0.31857285194469587 0.17454761306536865
2 0.6737767224900987 0.9193354810108538 0.37597131196226 0.16132903797829237
2 0.6862858064927504 0.2321160408180865 0.37297977045892733 0.15742615525859066
3 0.6445571238353524 0.9700738193556838 0.32603335361196256 0.05985236128863228
3 0.6625228405379668 0.14871736552594259 0.29949309669474045 0.11788558182930436
4 0.5914011030105011 0.9921254608471636 0.2544607798770497 0.01574907830567276
4 0.6398862906696995 0.09296292100302944 0.25024078291884394 0.08511494313285715
0 0.22172717244686085 0.590707730776691 0.3134713119622602 0.16694362611880081
1 0.2022433498669212 0.7005243345053904 0.3281882365600804 0.17533251003542732
1 0.21011609915105658 0.36454996807263795 0.3375097735007217 0.16890586854394757
2 0.21386260344960986 0.8092860841560114 0.3687597735007217 0.17145678369663825
2 0.21532376864529099 0.25716178811961965 0.3759713119622602 0.17204545642418226
3 0.19911505633039767 0.8883432484909976 0.332408233518286 0.16130188159737976
3 0.2129505450128367 0.1695195156254924 0.32980848891461095 0.15629796504717272
4 0.20141686311588725 0.9414368728442525 0.2853638674464068 0.11712625431149512
4 0.2223741213218346 0.10679871376114264 0.26642694589038096 0.1295615193571759
5 0.22647372682061825 0.06041427436742931 0.22217822287200573 0.10199102145345032
6 0.34637218683818255 0.06301394803162433 0.10620591213790356 0.07814918088966927
7 0.3972223107341021 0.04680007693799743 0.05406000608358879 0.033163087181476585