0 0.45361056667813354 0.5601069881800635 0.34674161273020015 0.20560766869640054
0 0.4328422477409989 0.3840618298655569 0.34210201372044907 0.20764720971128353
1 0.4363881203812529 0.7112402042675634 0.3378996812719208 0.14755105586512968
1 0.4024080042058093 0.2425812805523041 0.303405368628369 0.13298168912315683
2 0.45158409049499504 0.824876438866811 0.37619312643551805 0.1480616508229886
2 0.4245304261343179 0.14424160356467905 0.3473975125720345 0.11240412640484522
3 0.4808922209272671 0.9156940663798128 0.29641246344744193 0.10136738398419382
3 0.4465182614311856 0.07853600222345866 0.2681211294777817 0.07292139802758868
4 0.5223794387517459 0.9560488560373385 0.24894090022968277 0.03799248388737143
4 0.4665812604766955 0.03714209127492215 0.2065121359501577 0.0467329684059339
0 0.6222665240259169 0.518328001900718 0.3006653358786406 0.1279918442459831
0 0.6147863722675365 0.4113568480545641 0.303405368628369 0.13298168912315683
1 0.6578111397983808 0.629214016582449 0.29720238995447745 0.14685830833778915
1 0.6408760200140319 0.3006336351587452 0.3006653358786403 0.12799184424598295
2 0.6656274781526434 0.7409928627362952 0.3899438301668305 0.1395391816244935
2 0.628394812658683 0.20854093965937215 0.22960905103357293 0.10347865050024802
3 0.7287575480367028 0.8316642004304012 0.20797443564895757 0.10183927737491388
4 0.7172255638449253 0.9086604222629262 0.20182199695773634 0.08224420300518148