0 0.5558174174075672 0.4073871819240346 0.2675936028730706 0.3917497521161746
1 0.7161050651934207 0.41592203554908136 0.2118851170499697 0.38292948372798735
2 0.8406268911317866 0.4410960884757109 0.21666910081677207 0.42386481312279156
3 0.9177136846906334 0.4772494492164056 0.12621041262167682 0.354039108755997
1 0.59520310590673 0.6582172705409418 0.20212972433970536 0.38024585845646325
2 0.7151972557271631 0.6787235207187182 0.22824459876047326 0.45779843839431567
3 0.8072908671294959 0.7456372680034763 0.14562860702910613 0.27541163347326886
4 0.8817400938512869 0.7446709029183946 0.11398229128535703 0.22649537304331183
0 0.3962523970617721 0.3040402947809039 0.20560846132127034 0.2339609669689454
1 0.24962851437237132 0.2051164036586581 0.08084330357971041 0.0695459252491166
2 0.14244734838389783 0.2118347155735955 0.07869576507473369 0.11507911261335452