0 0.6772616622426414 0.311935655589912 0.22401031228596552 0.3880560464521967
0 0.4744728488385236 0.31319778783406016 0.22696897831630544 0.3616976573412746
1 0.8407484706955148 0.29798294392544783 0.15865272622096646 0.3460997202787985
1 0.31008679723830895 0.2971234022207938 0.14959216148207533 0.31953153471441237
2 0.9474724428818995 0.31330206230624325 0.10505511423620106 0.4032885164827923
2 0.1980640478125162 0.343186279344461 0.13026031228596552 0.3864196341151763
3 0.11371079914728933 0.37292574487951907 0.0833435689447002 0.2991678646349367
4 0.06060755048206249 0.40321068119358405 0.0667352791483886 0.2676661088907798
0 0.7241349823433215 0.8277494723980298 0.1536769406153329 0.34361195554356694
0 0.5947727932718172 0.8146873426536556 0.1430529962123016 0.32902104145771843
1 0.8452435664993404 0.7914488374071721 0.14897032827298118 0.2763042632358746
1 0.47368947910713366 0.8300280644343464 0.14439774259583052 0.33994387113130714
2 0.9474295796077544 0.8127257458137657 0.10514084078449124 0.37454850837246856
2 0.35402672129998447 0.8194056568423338 0.1385309505178211 0.36118868631533235
3 0.9957880309604069 0.8246858204229041 0.008423938079186125 0.34467310439524224
3 0.26153742103454297 0.8366477662956894 0.12879801258716567 0.3267044674086212
4 0.19386827213963323 0.8497054895095678 0.11291263596528886 0.27567487387548195
5 0.12021477785144327 0.8436180388357442 0.13599307769877397 0.22805950299617997
6 0.09772322262719207 0.7279816677069717 0.10148229170529201 0.11221333541394347
7 0.07292010457303036 0.6651250137360827 0.05607838804549687 0.04659618131831914