0 0.34527184901564095 0.43990384615384615 0.386768191515131 0.21875
0 0.36082086528963975 0.6153846153846154 0.35442527609824165 0.20432692307692307
1 0.32504207946927627 0.29447115384615385 0.34375283881655316 0.15865384615384615
1 0.34304447779816993 0.7548076923076923 0.3112277708301822 0.14182692307692307
2 0.3218572483199019 0.1778846153846154 0.38221437727809165 0.15865384615384615
2 0.3757861416963317 0.8461538461538461 0.3513645451676405 0.13221153846153846
3 0.33635488956070336 0.08173076923076923 0.30867763485744015 0.10817307692307693
3 0.39508863642827224 0.9086538461538461 0.2802316489008352 0.08173076923076923
4 0.36440070762775956 0.028846153846153848 0.24716012320601932 0.057692307692307696
4 0.41666803827873256 0.9411057692307693 0.22774720140576848 0.055288461538461536
5 0.4558940497687829 0.9627403846153846 0.0717152167258359 0.026442307692307692
0 0.5410031579846208 0.4423076923076923 0.29403654261429596 0.13701923076923078
0 0.5364120615887192 0.5504807692307693 0.2885002400286773 0.12740384615384615
1 0.5545541736274289 0.3269230769230769 0.33359099649272395 0.15144230769230768
1 0.5502141164856269 0.6538461538461539 0.32528654261429596 0.13701923076923078
2 0.561822345031399 0.21514423076923078 0.41754345930785763 0.14903846153846154
2 0.6139325515295663 0.7487980769230769 0.33045854006095143 0.14182692307692307
3 0.5677243721642574 0.12139423076923077 0.2909040861825235 0.12740384615384615
3 0.6069928225139735 0.8245192307692307 0.275388093842557 0.11298076923076923
4 0.5601499479720323 0.046875 0.24027702713285834 0.09375
4 0.6121454691770596 0.8834134615384616 0.19722581168369485 0.06490384615384616
5 0.5545598512605352 0.009615384615384616 0.16972645132508346 0.019230769230769232
5 0.5993603459710403 0.9411057692307693 0.15708903734623655 0.07451923076923077
6 0.5793278215528967 0.9675480769230769 0.13585458985117002 0.04807692307692308