0 0.5928630973251566 0.4494463598883552 0.2166468751455273 0.38428370352991476
0 0.40141879656132085 0.420987837267949 0.20225608123917505 0.3095406721995727
1 0.7541214172132787 0.43759799435710534 0.14958639253769562 0.34911920358856846
2 0.8817563315586234 0.44416912102259687 0.15010941014283 0.3947363303713677
3 0.9681462748530544 0.46697969429209485 0.06370745029389123 0.32871348141196594
1 0.7022952937359814 0.677617928890866 0.145950182695858 0.32983248421752126
2 0.8237199651162809 0.6996462051355242 0.13738083329074158 0.42084293722200855
3 0.9340801191044117 0.7550206017625007 0.11574990271743821 0.2331191366608973
4 0.9882367508163679 0.738894060378099 0.02352649836726428 0.21780085749337602
1 0.24990130854416984 0.3226509307042203 0.10524252835278453 0.14406492868803428
2 0.13594968442797598 0.32359906827179497 0.084070049351166 0.15077291588707276
0 0.5878188096089976 0.726559064324947 0.1120528116534632 0.17542682896858963