0 0.3623526580398545 0.5990614082016845 0.3684932348740076 0.2552121968384103
0 0.40634199457355763 0.42599975233060355 0.3606517952191633 0.24294113359688324
1 0.29716452614720795 0.7400755945771605 0.343457153045541 0.18955285326767532
1 0.41510273197015 0.28181095517855037 0.3332118672368505 0.1771978458687162
2 0.2680919658719423 0.8582685096969404 0.3797668058305556 0.1956197079368488
2 0.47144669310830517 0.19467344687103255 0.3587723132585302 0.1612943085235461
3 0.2811445925986727 0.9456234865262597 0.2872970514557356 0.10875302694748065
3 0.5119817946981106 0.13347458131122988 0.274647919493199 0.11276713024777825
4 0.5345561510630427 0.09332272203401801 0.26124290609869544 0.08590510176831012
0 0.5408722854274177 0.6161325556226825 0.333589807952834 0.18440938433025467
0 0.5646332324403466 0.5073871368034232 0.3256223880593285 0.1697344749348815
1 0.5381160526057986 0.7376527026280615 0.31916673102975707 0.18390571938566216
1 0.6250238936445849 0.411962083193592 0.3090474254597278 0.1739545581405492
2 0.5000580089084541 0.8434906103488822 0.43012159482266366 0.19497868908907662
2 0.7043303734829396 0.32321819822783276 0.34978682983645126 0.1729777626630485
3 0.5400619750917789 0.9420158280007851 0.2543990867338564 0.11596834399842984
3 0.715888230178288 0.24053733839243677 0.17558630623086202 0.0997100351776781
4 0.5100871099073168 0.9851801285732258 0.20672054761148503 0.029639742853548458
4 0.7189747460254863 0.18164310762320598 0.1701487127298639 0.08752291609358316
5 0.775139958424934 0.14386838962696638 0.09487360052866642 0.07049757029011158
6 0.7007415970847222 0.11598376405247104 0.08538419615194269 0.07256563981422938