0 0.41445177952409495 0.5913042327168375 0.3592477103387574 0.21641488174714332
0 0.39328298533378864 0.4106799945486476 0.36134346557060554 0.21169113359688324
1 0.41229145825879737 0.7447306657758309 0.34337734304455275 0.15589900711382917
1 0.35430027167277234 0.2702076156576696 0.32322230104778976 0.14080437693129555
2 0.42937804773263133 0.8616529808670977 0.37641500735440303 0.14745884070249377
2 0.3720228693102767 0.17248936492429814 0.35773953874549247 0.11802507775431532
3 0.4712894675582839 0.9505933483153004 0.29221951074765057 0.09881330336939917
3 0.3929499810176906 0.10606308626964275 0.26392865752335537 0.0763736613103576
4 0.5137257473947267 0.9888812796284588 0.24975279030013936 0.022237440743082332
4 0.3988216924496693 0.06669342928219352 0.23129224837436488 0.053647771879125075
0 0.5970061832637661 0.5581044713006466 0.3426071157395579 0.14387977634459842
0 0.5842955903256961 0.45332730321475867 0.34726076258625116 0.14164381850561641
1 0.639410180083484 0.6771101231218732 0.2932046647357814 0.15894387211544753
1 0.5844210375812826 0.3430022126101318 0.3357036682000174 0.14843563617999445
2 0.6552948464803949 0.7939904661344241 0.39549173112417324 0.14572654780810432
2 0.6398349463753307 0.234607837626443 0.33237554928017754 0.13392861509948545
3 0.7116293432291244 0.8870994472866518 0.24173874151688132 0.10438037358219067
3 0.6203283692392881 0.1547772496049274 0.16854503867450396 0.08503512578230492
4 0.7114430147514009 0.9579289137182816 0.20700657713604242 0.08414217256343684
4 0.6035641697901584 0.09902709520058939 0.15948495468097812 0.05593713946385481
5 0.5874161521850243 0.05289232541163599 0.14598615052389483 0.06985655144233924