0 0.6241470879798652 0.39276409268250967 0.3638010672122155 0.2199141128432301
0 0.5988210245698926 0.5730059721015403 0.3490841426143953 0.21177830161569788
1 0.6579131453062489 0.24075218526563702 0.33510592734687566 0.16293115123378
1 0.6075140718354743 0.7127066993355465 0.30307233354755997 0.14169779101002433
2 0.6651165034809031 0.12280967826617653 0.37297977045892733 0.15097280168668636
2 0.5664344366791954 0.8088444039810303 0.3478638674464068 0.12299003938438893
3 0.6436471640247247 0.04260392326859122 0.28006642901414236 0.08520784653718244
3 0.5325398076065053 0.875750841127863 0.26947155214961316 0.08200289232473014
4 0.6181088415911546 0.005613887440724006 0.2397438552792292 0.011227774881448011
4 0.5128947992415708 0.9165696436238167 0.2227210337524774 0.05263372087344246
5 0.526289409303046 0.9408857554732075 0.17925590453341764 0.04505321026776862
0 0.3560692672135618 0.41114208466081625 0.35634874583183307 0.15470217576738593
0 0.3478598844118134 0.524353922083084 0.35615284738200426 0.14989448345969364
1 0.3343285223171476 0.29745196934718937 0.34432951506260234 0.1539319484623912
1 0.2931183238972657 0.6321561844563697 0.30979412588452615 0.13014069662379057
2 0.3460946997372079 0.18521098681034637 0.4331738735299956 0.1572277843655064
2 0.27232445721130744 0.7305902719141315 0.4063397689380301 0.14591789967913316
3 0.352416514887632 0.08890309519550124 0.2971871997658087 0.11494739239571873
3 0.26889623433930177 0.8147248872987469 0.258235915179698 0.10046343425050488
4 0.3600157601053861 0.0347501482948573 0.2701571967240143 0.0695002965897146
4 0.277852506758235 0.8597047596473286 0.2219823244221768 0.09334506002782807
5 0.2789115961412285 0.9219736914558302 0.14967104135696327 0.08391600389016701