0 0.5841346153846154 0.6315903384075886 0.375 0.24212257242500465
0 0.6033653846153846 0.45404139734851595 0.3557692307692308 0.23457535963792361
1 0.5829326923076923 0.7866174356853192 0.33653846153846156 0.17654737762007336
1 0.6502403846153846 0.32264806505548765 0.3076923076923077 0.14960155843945153
2 0.5649038461538461 0.898081587158969 0.37740384615384615 0.16764530094646693
2 0.6334134615384616 0.2249985807898686 0.3557692307692308 0.14563305194561588
3 0.5204326923076923 0.9624284197040027 0.2860576923076923 0.07514316059199462
3 0.6262019230769231 0.15395924137932854 0.27884615384615385 0.10342497002806067
4 0.6057692307692307 0.10792951048536258 0.2283653846153846 0.07129382492351125
0 0.40384615384615385 0.5731549300671648 0.3173076923076923 0.16178862637145358
0 0.42427884615384615 0.4665404301919 0.31009615384615385 0.15685505619168288
1 0.3581730769230769 0.681732703544001 0.3125 0.17372393855929885
1 0.4182692307692308 0.3618682242728602 0.31009615384615385 0.14723967157629828
2 0.35697115384615385 0.79709633928327 0.4014423076923077 0.1728725861610873
2 0.38822115384615385 0.2591802716007383 0.31009615384615385 0.1448358254224521
3 0.2824519230769231 0.8847379089641 0.2283653846153846 0.12417844030812666
4 0.28725961538461536 0.9521295198531778 0.19230769230769232 0.08268366633234937
3 0.3894230769230769 0.17386471278454627 0.14903846153846154 0.09875532217680166
4 0.41346153846153844 0.11539007492224379 0.15384615384615385 0.0723969330658796
5 0.42427884615384615 0.06149235326882308 0.13701923076923078 0.0841224488002606