0 0.5249558048243735 0.39780212356164396 0.3408803326518447 0.1917888111066573
0 0.49951847743987127 0.5701807885062364 0.3498795354232334 0.18250920312100105
1 0.5701792020615037 0.25351411504631655 0.32229802828179605 0.12638130000821862
1 0.5075648092398539 0.7066124101734427 0.3075668604367212 0.1210699427559338
2 0.5950630712298033 0.14591338001942206 0.3628553219751826 0.12300065837687177
2 0.4569318369537418 0.8043192232397824 0.34014238836357463 0.10541823788305994
3 0.5764932235568048 0.061416283132204444 0.2834675176761226 0.08185290687750658
3 0.4343586497004264 0.8758622659589845 0.2679661225260529 0.0645223188559911
4 0.5604203862765141 0.016790644357023047 0.2281181749155237 0.033581288714046094
4 0.4135569852485991 0.9197610779089559 0.22136877283698225 0.048504302941704665
5 0.5846433338870431 0.00223401759487691 0.18888640914899063 0.00446803518975382
5 0.4488910323707275 0.9485080203918356 0.1893485455319875 0.03539379812585663
0 0.353050364213305 0.4229929279700913 0.3216818464378001 0.11676591539283401
0 0.34394554050600423 0.527644179819831 0.3266435842064915 0.11933764986154435
1 0.3335401022659502 0.3157432367787673 0.27964497935656113 0.1344856897898257
1 0.2939753321833189 0.6337224823459164 0.30756686043672116 0.1210699427559338
2 0.35594310254990436 0.209428368986228 0.37441241636141653 0.11620884070249378
2 0.22515946828236172 0.7344627227468428 0.2875658639009572 0.10837915872724634
3 0.3149218300678646 0.11971912620999983 0.21948794428827006 0.09400949154991721
3 0.20774864637816748 0.8190170589186186 0.18041022398273585 0.08305100041561914
4 0.33951374982252874 0.05410175471798095 0.20127461206235636 0.07178726706327719
4 0.22793597139165514 0.8782737711904516 0.15211937075844068 0.053281460837712194
5 0.37144081288866165 0.012866280471772872 0.15615683576113823 0.025732560943545743
5 0.2350561880199879 0.935588330174315 0.1466023323678907 0.07947193605772376