0 0.5659160595505279 0.48113735167116817 0.38744773185101933 0.2096212789910033
0 0.5895749946196582 0.6692555338276821 0.29570978110520774 0.1946855867701875
1 0.5880057083948815 0.3233935581340405 0.35144310429922637 0.1499688579703789
2 0.589542273472121 0.1969816229147978 0.39191669201495327 0.14273361096795026
3 0.581636910149297 0.09532004397886049 0.33015540134525384 0.09836802398057151
4 0.5356169207955772 0.04203911285049591 0.26530461994730703 0.03703550582138985
1 0.3462763362394136 0.3719627526935036 0.36105848891461095 0.15052889034989797
2 0.3367017459496019 0.2521323195088404 0.43479412588452615 0.1356383720604015
3 0.28918189570077363 0.14695868393046385 0.2177623274639712 0.10621072044429934
4 0.31010024398959596 0.07709528310360057 0.21467283673572377 0.0892437892724965
5 0.3385505107926499 0.029356525993431876 0.12578359379931556 0.02651119016451716
1 0.6976358603701974 0.8261463029498557 0.08977078596063848 0.08436721449259466
2 0.6728934021662695 0.9307254649126084 0.12744873062286124 0.06737657477990175
0 0.2859434896178579 0.4925406434343459 0.18420643053503946 0.10665445326982866