0 0.7063429227193369 0.33297386299517956 0.3824125784593399 0.23055585390121985
0 0.7350791999587449 0.5195638103784611 0.3657537486803581 0.2319796433909076
1 0.7003926439587966 0.17884769295926617 0.3464559661169882 0.16142805636009058
1 0.7699596792144094 0.6732118063527402 0.3227536911744089 0.1648356677189851
2 0.676783212306593 0.07133572897356168 0.38664897754060834 0.14267145794712335
2 0.7369946796022581 0.7885727131964657 0.37636121973345926 0.14401739236275818
3 0.6345648446327143 0.019863048808189027 0.32201430465004405 0.039726097616378055
3 0.7150656209630257 0.8719135755183521 0.2940086172935959 0.09612789446249519
4 0.6983309812100382 0.9259882597094455 0.24184691508341524 0.06914926293155851
0 0.2262207951505354 0.38748779371088066 0.32722519688621904 0.1603079916010524
0 0.24519062779298795 0.5034442957454602 0.3243170708385495 0.15295644504463424
1 0.22975131437373905 0.2653935224672511 0.29821094974212403 0.15622404830864903
1 0.24372776812774816 0.6205908665865179 0.34578359292522376 0.15181267174470583
2 0.21609345393280222 0.1563685427044505 0.36227432940626453 0.14798503610117203
2 0.2537798593379158 0.729825858491638 0.3890528236944545 0.1543328174525419
3 0.1979388177887202 0.06936744535956157 0.32811620335859504 0.13873489071912315
3 0.25888143493378507 0.8200400933083085 0.3452793130314004 0.14460113328316737
4 0.18571798705524806 0.03613955062557724 0.2928319642080079 0.07227910125115448
4 0.2779270775502431 0.8853058139697993 0.25705991851352744 0.11552238032903425
5 0.28643282241264034 0.9379104131646551 0.21602644060020174 0.11073839656223218
6 0.3965642422533754 0.9423573525399334 0.11114821630334695 0.08308343309778667
7 0.44701974149280943 0.9563141096718213 0.06312183320909416 0.04676943314122512