0 0.4168451477175698 0.36293452555013456 0.3690890821452376 0.23425924355887717
0 0.4359648369609701 0.5499099397044882 0.3642813898375453 0.23411935400003833
1 0.3738897818690225 0.21151432842074527 0.3567062370128221 0.1714095196617797
1 0.4332331407186256 0.7002552414890022 0.3277621869919648 0.15374325923182233
2 0.36718090809366727 0.09149688267698636 0.3975436512925772 0.16779088860421906
2 0.4674743639206932 0.8002375530386676 0.3156310748802156 0.13416276610395583
3 0.39077883684596276 0.022945068721332222 0.3007884429226948 0.045890137442664444
3 0.5051185714202155 0.8652591781884345 0.25763109349598234 0.07959947601327198
4 0.5329725797066682 0.9005125055328023 0.21184613523038712 0.05903975597353213
0 0.620026088388829 0.3666395763045707 0.3349737254535031 0.15395309357008102
0 0.6302847907236943 0.4769367202638157 0.3181048468731355 0.14625194165260602
1 0.6397315519701519 0.24104504567950485 0.30867126943934353 0.17722216253492798
1 0.663380031520098 0.5865693888185755 0.3181607875443949 0.15586732626799063
2 0.6005707551178735 0.12197185445790931 0.4143426040338707 0.16347280975246334
3 0.6576966635136821 0.03416354761790313 0.22885486548890255 0.06832709523580625