0 0.6530203814828232 0.5950199324857911 0.36445164561756643 0.2197631321592953
0 0.6257949779067127 0.4191195372029385 0.3639477246629218 0.21014774754391055
1 0.6919551760411538 0.7423818996940176 0.33738965835123697 0.16151132306420982
1 0.6198160273799498 0.28212828150384667 0.31487318129599373 0.1441808487247866
2 0.712299324181305 0.8556983697664535 0.37066556378909965 0.1550830865665601
2 0.5801100189607259 0.18876892754674193 0.35473072400208905 0.1259012318787396
3 0.6932370820699592 0.9469665464248667 0.2867931305010909 0.10606690715026665
3 0.5384359844133281 0.12657564837922053 0.2587130797061881 0.08044994563867544
4 0.669251389031544 0.9878459185753208 0.2278512420414559 0.02430816284935844
4 0.5053592709527412 0.09099252732484017 0.20216481578111506 0.055124630873824944
0 0.4664073539630934 0.5846741812296478 0.3151251417733159 0.1489885410324789
0 0.44770605973517924 0.4797991477658123 0.31474720105733245 0.14177700257094045
1 0.45227367358845894 0.7043909127295944 0.30613965835123713 0.1607839712405987
1 0.4229321600033191 0.37358231587435936 0.305131816441948 0.1415532020098292
2 0.4869779085323565 0.8168411605667738 0.3871145461500394 0.14826319908696617
2 0.3784814493957336 0.2813129847136221 0.27059610861747363 0.12394297696901738
3 0.44406617524054093 0.9142798500689105 0.2292268030474444 0.11337643996891043
3 0.3419981586816535 0.20363458089679518 0.15812948196063312 0.08531157820854715
4 0.4665724306765001 0.9712967363216882 0.19090146644385114 0.05740652735662348
4 0.33296501756917035 0.145802397853793 0.16686300490538974 0.06870845569273519
5 0.32880255888371007 0.0892840381682695 0.14801017639060385 0.0754723930320514
6 0.37416579601977623 0.061528912057532366 0.06489362453456196 0.047127780570299205