0 0.40452372524251945 0.5408941503245873 0.36227876408259946 0.24552642771379168
0 0.4449850425279197 0.37127670665953755 0.3671844056152062 0.24829457900660087
1 0.3437501071088488 0.679699044038048 0.33338772576743053 0.1834265956033404
1 0.45903058449896206 0.23241801882019816 0.31386310886191804 0.17475783658594932
2 0.3035295727422924 0.7845947941187332 0.3596341350099093 0.18062258155994526
2 0.5071748342794078 0.13890396551555825 0.342121567358585 0.16252059049665132
3 0.30851481140874826 0.8680918755101631 0.28565771512115024 0.1294849275524213
3 0.5446262579704099 0.07256083018115235 0.2680471982449116 0.10897909033528098
4 0.31597531307601506 0.9202478806168521 0.23120591213790356 0.08701603256228797
4 0.5666751124891906 0.03650881550656644 0.21428103983606606 0.07301763101313288
5 0.310139153906721 0.9458525703712 0.21850103679427166 0.06927834663795697
5 0.5441058893244457 0.015101890833803025 0.17763565217888705 0.03020378166760605
0 0.5894239806388444 0.5316760947821983 0.3163649042406786 0.177343835309277
0 0.6103647711621742 0.4294394883342888 0.32578439040623436 0.17326475327951102
1 0.5823185716891047 0.6472428627362952 0.29742798268465265 0.18309815321496303
1 0.6540441509221282 0.3278762786301505 0.29674233811025164 0.16627123013803982
2 0.5445998327013089 0.7495526140936527 0.395300030417944 0.17373948548678442
2 0.7249759645516551 0.2338336989923587 0.32058490119888405 0.16328506352516323
3 0.5637632752285555 0.8379663954528085 0.22345156279589348 0.13196049920743855
3 0.7416253412698146 0.14869724447559465 0.1648777120793558 0.10595422215526556
4 0.5310215946203314 0.9063490718020973 0.20294745364123642 0.09925327865158615
4 0.7452270203571417 0.08971193742162309 0.14466745059944203 0.08045854006095142
5 0.49974915238582385 0.938674055843694 0.15791513682354555 0.052705301631687115
5 0.7393112640539987 0.0394935627111664 0.14785489055260387 0.0789871254223328