0 0.6018451600523752 0.38929262189428465 0.4189981682416767 0.271650203262729
0 0.6340330400773392 0.5733616672612004 0.409298869779159 0.2643827241299314
1 0.6023749302869217 0.22824891475440712 0.3821572800274113 0.20413273343781477
1 0.6705950575331424 0.7201990675791302 0.34355588515398483 0.19188973998354714
2 0.5878251405278315 0.11398930402373343 0.42042301951230654 0.18752957304592843
2 0.6623642513954493 0.8391335115232557 0.3987884041276911 0.18740370653559532
3 0.5450865220584612 0.05605225589466679 0.3209422748861532 0.1076292580885987
3 0.6597514626890851 0.9244490722330719 0.3043391220682511 0.12676213114466442
4 0.5122430010282517 0.022209609975320885 0.269678309748811 0.04002787725679567
4 0.6470198062845394 0.9642088272359383 0.2628863405229366 0.0715823455281235
0 0.17278743493852838 0.49255850762466685 0.3363443466924464 0.19184778448010292
0 0.19459072008272346 0.6104658430895541 0.34109609643538347 0.1870680625080402
1 0.15939761133279487 0.3747001202471313 0.3123618277187401 0.19651562510964724
1 0.21393421650831718 0.7235515010789343 0.3458758174606981 0.18469218668982362
2 0.17605586465013826 0.25701654746728075 0.34841952002643234 0.19672540262686916
2 0.2416212462664284 0.830676491771051 0.34581987489594296 0.1798844943821313
3 0.1546721487416073 0.17516690431008575 0.30738630771678205 0.18206457785094074
3 0.2486238421754488 0.9160479931521265 0.31920973950936965 0.1653075806130916
4 0.13833388104097832 0.11377792379621264 0.2756607959163628 0.14101738605396374
4 0.25749882987314093 0.9546625671044782 0.2630821394995798 0.09067486579104357
5 0.1678924605224471 0.0718854307015899 0.19057515693090868 0.058797135949676615
6 0.29262673333985983 0.04977612096642085 0.07259089641580395 0.0412849396498285
6 0.3684813365445393 0.9899658617053209 0.17573251077216767 0.020068276589358246