0 0.2975393892538782 0.6148580069841711 0.39462242425146693 0.25129600097405896
0 0.2784061370461176 0.4379526185114289 0.3753916550206977 0.2507364427387027
1 0.2996003388985309 0.7658806459999619 0.3484589850881863 0.18520309357008102
1 0.24580654987210127 0.2938139046229975 0.33423213240762395 0.18718727104741012
2 0.32101454915096234 0.8707755670264488 0.38652807506469544 0.18151451773310093
2 0.27916566293000955 0.1789317645211101 0.3757353449942228 0.16681166169234596
3 0.35407992094334745 0.9357622197865058 0.32814918088966927 0.1126680402781793
4 0.4103986589380524 0.9509104681573606 0.26290204149446394 0.07719562985942584
3 0.3037680212080972 0.09787833252161762 0.28806869324434337 0.12109436364343235
4 0.3226061435877542 0.04506929756188417 0.24744868811514345 0.09013859512376834
0 0.7546378309817587 0.5236183608430132 0.32603947273351225 0.17495820593992087
0 0.7433295659509986 0.4124340453142328 0.32603947273351197 0.17495820593992087
1 0.7438209200216169 0.6414417947711845 0.26834716504120454 0.17327953123385242
1 0.7489463361184188 0.2995581932525928 0.348066536603157 0.1803954012623887
2 0.7609179985726426 0.740466989971895 0.36749353007644076 0.18335880565159085
2 0.7480629302949371 0.19286681852411702 0.3961434596800801 0.1817942968507789
3 0.7771810249099397 0.8203313607212558 0.3204468834557612 0.16520293176569714
3 0.7418077370580539 0.10791497634938586 0.3370775822901695 0.16328869906778762
4 0.789396678287768 0.8763321318807038 0.2814458275103489 0.12809606776671245
4 0.7338846377597962 0.05602085916756846 0.2678076475573307 0.11204171833513692
5 0.7194124055930492 0.0271047605419951 0.2198290349677477 0.0542095210839902
6 0.6189414277377974 0.02186453773099432 0.12269406760132831 0.04372907546198864
7 0.5635302764562434 0.009098024951067287 0.07005483170289778 0.018196049902134574