0 0.6076148158051663 0.5738367747563563 0.3714808791194307 0.22009883300096186
0 0.6117633260461282 0.3981881551047538 0.36431129994858497 0.22233482873397475
1 0.6282031786912753 0.7200517640888884 0.3390140596893386 0.14965994271581232
1 0.6285394767713668 0.25711555398253155 0.3196993718771836 0.1444046492858977
2 0.6324112743449131 0.8233611985639953 0.3797116071419517 0.14099571048515003
2 0.6026757860877671 0.15310774769300164 0.3556311863127974 0.13803236292852594
3 0.607269704664083 0.8984958808762815 0.304479068430943 0.09839587152115406
3 0.5809213761232507 0.07786217003920891 0.28027276972971005 0.08822098550299168
4 0.5767330126058613 0.9400886173152773 0.25096506368593496 0.0611072761273508
4 0.5716687287709324 0.03385913695416648 0.24881297327624588 0.06771827390833296
5 0.5795774313119821 0.9652730517903841 0.2315244980017017 0.04864044423589757
5 0.5784187150348499 0.011343809329700657 0.21452973776200734 0.022687618659401314
6 0.5966770897784086 0.9805064008084396 0.16367133491500263 0.01582384030811978
0 0.20406846028603973 0.5315257309451922 0.30540217282618526 0.15128048690576945
0 0.21173273788420768 0.4195230842302349 0.31008398726179903 0.1441808487247866
1 0.19756414647410198 0.6410965564361644 0.3101259465524919 0.14658469487863274
1 0.1978882779698388 0.3152355272393161 0.319615453295798 0.13959695697820537
2 0.20421804757227885 0.7467538869248396 0.3846032180310298 0.14591530307339767
2 0.2009546597137786 0.21536401157414514 0.34846160714195185 0.14026835866153872
3 0.2152600480712197 0.8282608555944976 0.3218934215775657 0.13244136865694472
3 0.20918538773629983 0.13581328793611094 0.29292138985933336 0.12455842851207291
4 0.22588245566323226 0.8857293627256944 0.25909970654271586 0.11415974193279947
4 0.2165498670074406 0.07552130859898486 0.237339213286022 0.10644465220876088
5 0.2495791595839737 0.9344766825469014 0.19866787837101937 0.09353021919508546
5 0.2217622558688922 0.03342904065368584 0.19833220404547672 0.06685808130737168
6 0.3735870329605149 0.9436144810918267 0.07350004120824795 0.08100542728525649
6 0.32021504994985245 0.025964721621848187 0.14523779220739724 0.051929443243696374
7 0.4136700874059046 0.9667297653157048 0.058321697052700086 0.037400495674359144
7 0.3848461607141952 0.00916476867601481 0.07257693681300573 0.01832953735202962