0 0.4323698290134692 0.38325349563469674 0.23133238525806446 0.3791266830179657
0 0.6078771306221882 0.34514779424694797 0.21892135758917583 0.36888139720927526
1 0.2817376474984268 0.3815118759356345 0.1696690438132794 0.3375156385898983
1 0.7437699453049027 0.3103226898740313 0.14955673155828025 0.3148731812959936
2 0.1632859836200716 0.4009690515955156 0.16633058987930388 0.37332137042026825
2 0.8443131544888337 0.32432527920036247 0.1371905883584066 0.364598069094796
3 0.07340906814763451 0.4418139929723318 0.11482544393037508 0.2866671502624297
3 0.9139981605724224 0.3495809962446733 0.08029005475229886 0.26326881153655807
4 0.03786356419902197 0.4858339943638874 0.04536286867456491 0.23025508819530208
4 0.9538575205607128 0.35231001461445655 0.06469158713024853 0.2336667762584374
5 0.9738269991217826 0.31031080785112153 0.039432850423798765 0.14359064641817923
0 0.5064951642568967 0.7539650567105753 0.16147801310259646 0.3130992363354531
0 0.6213410589044825 0.734696851408686 0.14955673155828025 0.31487318129599373
1 0.3929001672986911 0.7743721949700574 0.15495211921545915 0.329548218696393
1 0.72465746890741 0.7280777780693332 0.14543468382498895 0.33144814389559446
2 0.2826660665089685 0.788580747486932 0.17000777595703787 0.4046973506589296
2 0.8252761850817478 0.714373146507103 0.15028726060169634 0.3916702779804095
3 0.18906299034634022 0.7970997460254863 0.14052904229238222 0.328792337264426
3 0.892855282829676 0.6879461712437216 0.1268446746996059 0.2872970514557356
4 0.11795363035804979 0.7960084707582982 0.12086159169294015 0.2581989371322594
4 0.9457817954073614 0.6839096927969226 0.10843640918527725 0.24327193925453783
5 0.07566798198140567 0.7632943655847686 0.05885951810439675 0.14940618063516098
5 0.9656625007890495 0.6603853738323898 0.068674998421901 0.19481707546163124