0 0.41532179328417296 0.6154799462596794 0.27708129032079043 0.3840659690026654
0 0.581460452379885 0.7068756803127706 0.22625801043329885 0.27189410693453253
1 0.25068797894288747 0.5948297854301857 0.22156890691431086 0.3773275610740349
2 0.1220558764422898 0.5741223853161338 0.22174016224267193 0.4325320784550644
3 0.054046949482319646 0.5314712980606119 0.10809389896463929 0.3457112500326224
4 0.014607409811876125 0.49078906896593366 0.02921481962375225 0.27803724668351737
1 0.3713973665476261 0.3734202772652328 0.22486844054022917 0.3966422744622364
2 0.25235431539258457 0.327178687984784 0.2258234224066533 0.46867371492018894
3 0.16207510434686392 0.25593327935540455 0.14821532417013192 0.24516943235824434
4 0.07919839250617611 0.25762742970988844 0.11903328752195105 0.23695056400752076
5 0.031203783166085998 0.28330280231827565 0.057310386205318926 0.14839744269068922
2 0.8305581370531178 0.8205737534711233 0.08447712604133747 0.11334708027218181
0 0.5099840503929831 0.33498161413775784 0.15771874785150758 0.2431013628341264