0 0.5748988406056981 0.3749284491614067 0.3921960563726658 0.24234566761326462
0 0.5732772442503621 0.5519300554547061 0.36334990252651167 0.23999097670308864
1 0.579479102991374 0.22397670207538567 0.34042108074103766 0.18553656737835592
1 0.6007034017054214 0.6895135796957287 0.31760981227083435 0.16694362611880081
2 0.5756123971722881 0.10837128482642058 0.38575797106823234 0.18445713567844235
2 0.5820444856675159 0.7854466239852251 0.3595342966565361 0.15124489325329576
3 0.5521199588689153 0.04181043285953697 0.31285265994581235 0.08362086571907394
3 0.5650665026090217 0.85734120673626 0.27701360091873156 0.09909641632723466
4 0.515482176693394 0.003336605587080981 0.2574971850747504 0.006673211174161962
4 0.5369685319286379 0.9002669458980487 0.19824149771830227 0.0663749328744576
0 0.38901276025250897 0.43551456851559855 0.333764362155993 0.1587018112010188
0 0.39587163876823495 0.5425102999835875 0.33136051600214683 0.15850558695850425
1 0.3521898514626765 0.32976971700211993 0.34215255370311937 0.1761174070054859
1 0.3762882095916533 0.6516644981192378 0.3217451313867622 0.15772068998844554
2 0.34678503597078525 0.21907010418210443 0.41957991052001964 0.18960812122749388
2 0.3202268548625265 0.7697716752772235 0.33236907578979363 0.17292866388158118
3 0.3308403227248332 0.1223765421783015 0.3186689120411516 0.14790908113054627
3 0.33329694872710935 0.839213454996825 0.26975152247452283 0.13196536551102211
4 0.3345131052882028 0.057471902560123765 0.26443955027300703 0.11494380512024753
4 0.34102980039884123 0.8995304107073285 0.19427427190031565 0.07800171515865902
5 0.3248219106988128 0.016287703142173534 0.15944377266088144 0.03257540628434707
5 0.3585208599925637 0.9399298123382616 0.17420303617984073 0.06441269044931083
5 0.513316796968729 0.9308791179268346 0.06468521287323462 0.03635183030538131
6 0.39605788531542596 0.9500113783041807 0.13389247144094987 0.03483079487676832