0 0.4259064013915606 0.6090936939334053 0.25275050166535434 0.3787464222640666
0 0.6028572556185675 0.5828323920675405 0.2431351170499697 0.37869048159280727
1 0.2817111949721266 0.6712099031736477 0.17358729522420108 0.33983735843245455
1 0.7458042434545286 0.5627764979356982 0.1699233762164372 0.31818875788002454
2 0.17333996017717504 0.6958707046798677 0.17652746521667623 0.39031812766322377
2 0.846100182677773 0.5117293294084297 0.16579201584225373 0.3710314177611954
3 0.09146918285152604 0.698750046539417 0.12114641266511515 0.30588982375449775
3 0.9195337899240703 0.46804753618866246 0.11069097948045171 0.2914108061601617
4 0.043870433836237094 0.6701905886334665 0.0817285260803084 0.24798773854496814
4 0.952253874920308 0.4426253443916855 0.05656999978280853 0.22861711763605103
5 0.025721362615094803 0.6787788647696129 0.051442725230189605 0.2359405374401078
6 0.00764029381947634 0.7029362002345003 0.01528058763895268 0.15647376268503657
0 0.39123357103652967 0.19357094592948312 0.17501108471388896 0.32302442052334635
0 0.504132481949414 0.17368986639532585 0.17515109280876856 0.3254282666771925
1 0.2784046641710853 0.21225010238671735 0.17473106852412934 0.3182167282156541
1 0.6090379556084761 0.1486600606523126 0.16653947339843247 0.2973201213046252
2 0.17442109739918676 0.24409447201884615 0.1717197729089839 0.39029015732759437
2 0.7112014171469376 0.14835238696038708 0.159327934936894 0.29670477392077416
3 0.09475600835550932 0.27099129766513474 0.15846417782672534 0.32773421665633506
3 0.7906564940482953 0.1252781006459971 0.14945624267264015 0.2505562012919942
4 0.05279202437151582 0.298943202126291 0.10558404874303164 0.262690518824341
4 0.8518027086060476 0.10703947697492898 0.1233176597109819 0.21407895394985796
5 0.02494963573041045 0.32553934666456147 0.0498992714608209 0.21911361436318472
5 0.9041854413881386 0.09485242419192065 0.10989834799295349 0.1897048483838413
6 0.024868898987755936 0.46132169143733215 0.04973779797551187 0.0725489248176434
6 0.922903595321169 0.18326868538087465 0.0830597245568967 0.14706815558687408
7 0.007213781611999302 0.5154991334896668 0.014427563223998604 0.04111711763605104
7 0.9444337654222397 0.24682376419574237 0.03318640478742661 0.07468705278300834