0 0.34938396545441724 0.6472457337429784 0.2816123942208077 0.4344049229371429
0 0.5331925685594675 0.6845904428891182 0.25108682636451884 0.39683546776551665
1 0.18802003754187396 0.6195112984025811 0.2121774441669442 0.3852043993315537
1 0.652983071200701 0.854728933999698 0.09934804670045047 0.1251055370000928
2 0.08392708500438305 0.5793694699576852 0.1678541700087661 0.41835432453075516
3 0.023886911625233705 0.5401622716834641 0.04777382325046741 0.3447476202900051
0 0.4198068584992286 0.45454476829037627 0.18769113889244665 0.37432921232955746
0 0.5328699414668308 0.48456729116524283 0.18769113889244665 0.37432921232955746
1 0.3083112286077526 0.39086839926166367 0.1995984087276684 0.3725552673690171
1 0.658489040531228 0.42608843718311556 0.13680856461060303 0.20860002957211832
2 0.19055241426646707 0.3581900697556287 0.20787688998964007 0.4473264586155702
3 0.1055847197314793 0.2681922624636275 0.14100378570859345 0.24718754827231787
4 0.04011950101839042 0.270737421285061 0.08023900203678085 0.2177217148521423