0 0.6468796385894418 0.3722074124497507 0.386715990873209 0.21276451773310093
0 0.6413160864074544 0.5546898858037999 0.35770174372911395 0.20952133422622055
1 0.6682027774030702 0.22165227632697826 0.3437159333672598 0.14674155510854256
1 0.6539829803435544 0.6994581027070068 0.3122978400693188 0.1434284268222426
2 0.6506106378440071 0.11301169651088311 0.38631279094472615 0.13838517652270915
2 0.6137987655613393 0.8109792803060932 0.3640058023683463 0.12814028889254886
3 0.6237057935991412 0.041222334693811154 0.31855135872588064 0.08244466938762231
3 0.5831793954118385 0.888636777413075 0.2819893865243651 0.0873705727101667
4 0.5703504049870027 0.01873552012937024 0.2535299592567638 0.03747104025874048
4 0.5601665269773939 0.9432828741099696 0.24184691508341524 0.062212994700992945
0 0.1862321835233563 0.4072014807034924 0.3050863016077802 0.14321859248398433
0 0.17919753500116395 0.5249549698522441 0.30938971402164916 0.13614694358128487
1 0.16556794295616498 0.6357417272674257 0.33113588591232995 0.14165408368317228
2 0.17620892067556643 0.7427478535032894 0.35241784135113285 0.14099885701481385
2 0.1888870496912343 0.19388867602596027 0.3777740993824686 0.1458764941019256
3 0.19273672219395013 0.10834230322616328 0.30614540137809737 0.12405776803263456
3 0.15602013163982076 0.8318650231441459 0.3120402632796415 0.12496705016508805
4 0.18586960700325902 0.05216667011816645 0.28059410015816566 0.10172370485382408
4 0.1509913676133542 0.8940152992470483 0.25722801181146865 0.11063964167501357
5 0.1581946693999276 0.9453832400473529 0.2110506549945683 0.1020991524045042
6 0.26337557362636443 0.950719131291356 0.10410477113974967 0.08219465903312304
7 0.3126796897715457 0.9660772140004693 0.06809761881472773 0.04756158596740352