0 0.5618616671898011 0.49839655689391393 0.20779304004373025 0.3546255243835032
0 0.3862549177203707 0.5130712137974627 0.19855559614432927 0.3611646896532771
1 0.707997472429414 0.5205107421474574 0.14466313885042473 0.3382358678678031
1 0.24462207581108147 0.5421354409577881 0.13619179800227463 0.31369312643551805
2 0.8178815041937006 0.5259996042883193 0.13212976550726496 0.37328500038784856
2 0.14397037713655378 0.5204332522741322 0.11935465330606736 0.35802145697506593
3 0.9055537878801125 0.4983136301778232 0.0962184966768022 0.2821574798223061
3 0.07115699039889073 0.515944713245952 0.07686174720737188 0.2784088872849309
4 0.9548275232243166 0.4721152257574621 0.04574794906531729 0.23312253694040663
4 0.029719583899888817 0.5068671151906912 0.05346340848150029 0.2432422014496146
5 0.010138918606784833 0.5318888665254643 0.020277837213569665 0.19242524562296326
0 0.5393043036574209 0.334716385151764 0.14504107956640808 0.3454474063293415
0 0.4309422563763523 0.34588635278988417 0.13049202240467012 0.34203500038784856
1 0.6573396148635626 0.29891962943238837 0.14505130118569226 0.2999424227042057
1 0.325671835752124 0.3209145814713414 0.13479579375771764 0.3327558023683462
2 0.7667146148635626 0.2912713843760669 0.1278259941542173 0.38256419840735084
2 0.22463197474232868 0.26091894762408824 0.12088685940856955 0.2958576435709481
3 0.8567226437748481 0.2418667482319849 0.10192849389369102 0.20831062224483984
3 0.13948440663878198 0.26328049047022917 0.0882715200218652 0.17622015575513422
4 0.9225185732186065 0.26600628973578705 0.08497559057810679 0.20473012300540583
4 0.0766115767324406 0.2976149464908049 0.06651092439858866 0.1723034699198179
5 0.9660448752748017 0.28092540987772235 0.034379062727960714 0.15329133396966008
5 0.027417824340118895 0.3113486169057472 0.05483564868023779 0.1561489200346594