0 0.3752073734517737 0.5554455856912672 0.3618775436836991 0.2508805777299286
0 0.36183318411480647 0.37625003956969516 0.3714649579634542 0.24680149570016263
1 0.3514827768339956 0.709820265870573 0.344645050740147 0.17989397128201917
1 0.33984274830606326 0.23254779667207787 0.3230244205233464 0.18065844431053107
2 0.3496585137893141 0.8168824960014677 0.392652047977996 0.17151779190241984
2 0.35970984267240563 0.12171557611622524 0.38061883204095043 0.16820318290116584
3 0.36962270297521077 0.8958630453147205 0.3082936699083439 0.12668091350902644
3 0.40346156173124686 0.04315738429264394 0.2312587116427487 0.08631476858528787
4 0.4150580320454361 0.933267531109955 0.23830242809050958 0.0733215659171374
4 0.39768969419948313 0.01449338301597167 0.22865907313949527 0.02898676603194334
5 0.4113473740560559 0.9515696061180235 0.22375348465709946 0.0505940351156325
0 0.8045386523500712 0.4808640443464984 0.30133386446747157 0.16940368656981233
0 0.7956015483737041 0.3650061161628862 0.3085733732646399 0.17475783658594926
1 0.8110998805082216 0.5920964327918998 0.3109632342506714 0.17253614300158468
1 0.8058602507085694 0.25370058280803687 0.32052267819479663 0.16364936866412647
2 0.8008411781733563 0.7034019661467491 0.3686835122786084 0.18171549697683476
2 0.7944353895714674 0.15244788411698318 0.3470069413905488 0.17286458538996224
3 0.8003586898837457 0.7863346584544414 0.3132691842298139 0.15589137249414348
3 0.7949318630288926 0.0712810547319647 0.31083736774033793 0.1425621094639294
4 0.7831891301953602 0.8465039572100432 0.24343177925794196 0.1289743325945621
4 0.7904947776682926 0.03315621464231183 0.25542303969154345 0.06631242928462366
5 0.7661454370173078 0.8850386405810298 0.19996675613930448 0.09204174019004742
5 0.7750725626016071 0.0037090992576964475 0.22389333633524744 0.007418198515392895
6 0.6374487641957423 0.9104088030482941 0.07006116765690852 0.06537857836111928
6 0.6789466867833904 0.001451542922746198 0.16614508797168062 0.002903085845492396
7 0.5844452748847012 0.934848851884581 0.041047191796976974 0.03434659368118668