0 0.3528172563763522 0.39475779092524294 0.4042989667043776 0.25623040147423803
0 0.32591191420653665 0.5862817566948721 0.3939277006570261 0.24135948081512518
1 0.37106228734002605 0.2305421731228174 0.38432253766092556 0.1953505210900212
1 0.16153107800324992 0.7111598539788204 0.1057487875306624 0.09604851307453216
2 0.402979624604452 0.10431391677606588 0.4246840013216655 0.18763847235278971
3 0.4434517360749269 0.04475123433012865 0.32463498938860774 0.0630796882341306
0 0.5264389868850566 0.5763437449868509 0.3179069286431457 0.16348142202562407
0 0.5615211625449378 0.4586968915795744 0.3230925616668212 0.17091688235518043
1 0.5990071843586651 0.3411619991063069 0.3400454649824056 0.17410445504708974
1 0.6028207067823689 0.7052063972101619 0.21265184044784363 0.12260940955554443
2 0.6352282929761386 0.22477304924295802 0.45353015516781936 0.18898200356089784
3 0.7149757036498074 0.12848422281262198 0.22770481856422636 0.13530040592882905
4 0.7074338821626898 0.06548039860958142 0.20431670145763875 0.055077795379833885