0 0.6970296580670943 0.5722581309366084 0.4441391253022346 0.30405166693290514
0 0.6538955738959444 0.36540749641182213 0.43692758684069644 0.30342073907093936
1 0.7530992494711861 0.7420142373674488 0.4009709744983447 0.2333790260280619
1 0.6893402296359473 0.20604698905306137 0.24773018051135465 0.16024369636794827
2 0.7732457351992266 0.8763740906988591 0.44921599087320874 0.23998905792834682
2 0.7176656302383477 0.0986247052859673 0.11802356816900318 0.08199992111951546
3 0.7798601504765661 0.9500796005222573 0.370662520953391 0.0998407989554854
0 0.46805067691758057 0.5605870555358253 0.3776554261343179 0.20744778090370303
0 0.44994658075616883 0.43835158761730686 0.3609965963553361 0.2083794620462956
1 0.4652765775351119 0.6917470475607541 0.3642409089988878 0.22060900210284837
1 0.34622853619497185 0.3217661392013526 0.22917178447235015 0.16817660668475737
2 0.5019137997441933 0.8227713735957256 0.4780621447193626 0.24251276937620994
3 0.47057095645381775 0.9302868264700852 0.24739399391547254 0.13942634705982962
4 0.5097131047820856 0.978453648517521 0.2261966450920801 0.043092702964958