0 0.3547431976255345 0.4347287906983003 0.40647782031730795 0.2327036744068667
0 0.3640269011554492 0.6272323814558215 0.3894270966792736 0.22240264521708097
1 0.3315959185753207 0.2656759661297539 0.3690213745026711 0.17113828218699617
1 0.24878517593867588 0.7834415871302485 0.12718205547083342 0.09884335969555134
2 0.32972058393696596 0.13351340228067268 0.4072591124030983 0.16309008517024276
2 0.25253283039823793 0.8928655617427059 0.10029214665630352 0.07853514899072313
3 0.3445053268937501 0.046458662239689204 0.3476644999413463 0.07900853454152672
0 0.5822703350758016 0.45960999245271567 0.3492311038691241 0.14631622684921908
0 0.5778563036281521 0.57950845247028 0.3372118730998933 0.1458264807246468
1 0.5805348757881412 0.3334570439882498 0.3880842933126069 0.16471033752477326
1 0.6621607793116993 0.6934156491942942 0.2140002677106837 0.11438876256170206
2 0.5908466223398505 0.20899576472527925 0.45997587736688045 0.1580334296568221
3 0.6375517620409189 0.10042680075910239 0.2213237064527778 0.1194903025441379
4 0.6205559836041132 0.040895900027927694 0.20745812105438033 0.039673633342642574