0 0.5281859302800166 0.5645869158290681 0.41763060933368507 0.2895885384764591
0 0.4913181682821818 0.3873153524277489 0.4126266927834781 0.28679224383758345
1 0.5912260428621392 0.6991289643111134 0.3808863305432744 0.21972993101607585
1 0.47993617038591646 0.23422951792981864 0.35385535012342256 0.21035992588687608
2 0.6126402531145706 0.8024453920489107 0.4065437412655234 0.2122730130683528
2 0.431392867592376 0.14148501839814415 0.40595506853797936 0.20506147460681426
3 0.6156821256057138 0.8821893412326982 0.336930513291325 0.14928265082814873
3 0.4026200498795615 0.07368567447070921 0.3206922629419461 0.14737134894141843
4 0.3631771918393668 0.04107429440098261 0.2526488289078651 0.08214858880196522
5 0.36913765198031206 0.016851897430923933 0.21845546527014512 0.033703794861847866
0 0.12902378716804813 0.6835759118818724 0.25804757433609626 0.20103907600134635
0 0.11661190954770512 0.56934406433051 0.23322381909541023 0.18342725595436457
1 0.1390441074454625 0.7991077946314152 0.278088214890925 0.1918161398709911
1 0.10550006712554252 0.46004259882993226 0.21100013425108505 0.18087634080167392
2 0.17168016432006564 0.8949429251657371 0.3433603286401313 0.19834069511764532
2 0.10240923775681213 0.3560639638651686 0.20481847551362425 0.1724874568850474
3 0.1728103381923125 0.9398311051187554 0.3261869384645225 0.10542474733137433
3 0.07920463006599648 0.27408781514821456 0.15840926013199297 0.15855513893434012
4 0.05972848134904247 0.2121519102539235 0.11945696269808494 0.1333884871844607
5 0.05325268461389257 0.14562911491628988 0.10650536922778514 0.15104946247511256
6 0.08648950466087432 0.11413393379618798 0.17297900932174864 0.13711674779223942
7 0.14317631188485652 0.07427444638129468 0.10125567645922753 0.07034896970058678