0 0.588899347900339 0.35462205732190427 0.460122781366301 0.2745054732737112
0 0.6002229923256759 0.5536797358935139 0.42555817236504695 0.2618988124347808
1 0.5803797175183971 0.1819227678612167 0.39696589658954606 0.2013830656816986
1 0.7284257548503431 0.6834786151402146 0.18939609001254026 0.12333925449426995
2 0.5600947344378773 0.07624291521100002 0.43750283881655316 0.15248583042200003
2 0.7644268142156037 0.7944812144162434 0.1348721015025906 0.10078153471441234
0 0.36550445737855886 0.4197384296980289 0.4080743645113689 0.18957363136593186
0 0.3971711372351239 0.5404193525254815 0.37536714395551635 0.169797391356156
1 0.3339288538067346 0.29785558379365307 0.4063991286354491 0.1991470566906237
1 0.31170482092170576 0.6703468394130749 0.24355577338352674 0.14108928196643525
2 0.2976366342119588 0.17485473339373997 0.47112082221981366 0.19787611138548394
3 0.24020104340685722 0.07742994193475408 0.2574323925981589 0.13412949924905387