0 0.5466216090837582 0.3920990439943407 0.29089189603416526 0.42136529853594296
0 0.35917758955076273 0.3987566598659856 0.242024618564484 0.2999139848140842
1 0.701610391612483 0.3346330455577475 0.21916506076046469 0.37606766916354645
2 0.8245127810634879 0.31180012018687353 0.22554020614428302 0.40986140487623174
3 0.9220199220585327 0.30048395030250236 0.15596015588293463 0.3359274559959398
4 0.9678905875797992 0.32775634661171726 0.06421882484040171 0.2713990573927741
1 0.7050647890789766 0.589685544593408 0.20395825729932462 0.35882107741010627
2 0.821203483804479 0.5766778381761772 0.22984738817628225 0.4507967342710358
3 0.9293681868347109 0.5914542520870163 0.14126362633057818 0.23482602797556235
4 0.971252729527417 0.5561916760065213 0.05749454094516601 0.2330774084900746
1 0.19193902653009393 0.34825941571776037 0.10907539224984425 0.12560377936119266
2 0.08812911210602084 0.39340429370452656 0.10605907488629605 0.16392542826389225
0 0.6017883460551202 0.6721250103544993 0.15693502131344444 0.2254204776984363