0 0.2884810657277195 0.5581449262037366 0.37384097982964337 0.2437347386154228
0 0.323208482536694 0.37949091824550657 0.3590820201045394 0.23610353147736737
1 0.23964012152786657 0.7048016521512703 0.3443757269190923 0.17806149988796213
1 0.3410233486045649 0.2289357821227342 0.3206731481826578 0.18457359055530548
2 0.22498649488207645 0.8132545081920253 0.37780565120492055 0.1742330344921429
2 0.40931566997585744 0.12852455316042485 0.3579031163700972 0.15925039933370994
3 0.22936936279621362 0.8995481630025186 0.3105506254368851 0.1218637562170468
3 0.4582356139851957 0.05748406388991572 0.2811446669206861 0.10900518809478205
4 0.27045535535226867 0.9451641569729673 0.26113017115185383 0.09161870678250275
4 0.492478912006263 0.02696125789249159 0.2361960221413202 0.05392251578498318
0 0.7252763389991418 0.6378581361033334 0.31793341922678475 0.17729210731434747
0 0.7450175602876468 0.5232557751191241 0.29803088439196135 0.16230947215591457
1 0.6998054046610439 0.7466257436514763 0.33179669147981655 0.16569254522163382
1 0.7835976875378894 0.4165073174380203 0.3221813068644319 0.1654127661039557
2 0.6303111602128284 0.8470719450034954 0.3070864643373009 0.1505700205043618
2 0.8064408538541231 0.31261734697698934 0.3638304180178797 0.1834287504310104
3 0.6086435837036893 0.9257215308491417 0.2575540491182605 0.11792112491597159
3 0.8370257161047642 0.22290564671106702 0.30960227142515606 0.15304381143762738
4 0.636034245407726 0.9561321934961076 0.2642584494494109 0.05570090403364958
4 0.8531018737681477 0.16122287350118278 0.24357881593121972 0.1271168408548391
5 0.8718617799204 0.09346054012726368 0.21300058153527382 0.14063063564546244
6 0.7770514649746622 0.0674121774578902 0.135069856206116 0.11675778731942274
7 0.719668706814553 0.03667390147674511 0.06004348730649685 0.05215944393683746