0 0.2672407009672694 0.5667200114105627 0.37432142491603043 0.2243413990812536
0 0.2888386319653192 0.3807408484730929 0.35495064759038136 0.22036775898729005
1 0.23551364848086573 0.721228372483683 0.34918660715942085 0.1624792270524678
1 0.29072761967096566 0.22507952120063693 0.31553276100557465 0.15973208765726235
2 0.23367095628176907 0.835018616306346 0.38412423470807505 0.14619182145941834
2 0.34270106086363217 0.1131781836697813 0.3791765343055029 0.14339552682054302
3 0.26108258794302047 0.9189080505708594 0.31698025903615257 0.10243222844998402
3 0.3810451781959505 0.038314767011818254 0.29492561936689793 0.07662953402363651
4 0.30104977421213164 0.951531818634545 0.25704782182576863 0.05926130816809332
4 0.4100076315960941 0.006255391602965969 0.24729242911550414 0.012510783205931937
0 0.731906757674866 0.5574986622088708 0.32500813752607954 0.1581131384734749
0 0.742302919507304 0.4406177873835602 0.3149727286260556 0.15011670304187774
1 0.7239844460437141 0.6729813897147434 0.3293958055491325 0.1512940484969658
1 0.7670521542153791 0.3237614901800848 0.3414150363183633 0.15227516970953905
2 0.7903194496567715 0.21181099740555906 0.3941596436080991 0.15418825689101562
3 0.8065270690019501 0.11837991139116613 0.340434979654205 0.13544824663261604
3 0.6813237863110131 0.8714457664058958 0.3134326395823784 0.12367439534957005
4 0.8065615102380549 0.05717835966068336 0.2531964776413446 0.11435671932136672
4 0.6918847863544513 0.916039609995142 0.2791024614950234 0.06823886481226374
5 0.8116836599716115 0.022592448354892516 0.2099272468721136 0.04518489670978503
6 0.7175017814165271 0.013075076677723785 0.1413594817105038 0.02615015335544757