0 0.3624108446297291 0.630801618181561 0.40978671120332666 0.2563407772950572
0 0.40543976204315624 0.45755450813527665 0.4024632118077792 0.25347479475821433
1 0.3029765146055866 0.768037618039584 0.36578642043568965 0.18641431215038295
1 0.42325462811102715 0.30800732809438736 0.3560590748862961 0.18339428415254092
2 0.2631384838114163 0.872775112701253 0.3992163447215178 0.1837632562966759
2 0.48313348794385813 0.21299268138967103 0.3913330406559253 0.16887804299060208
3 0.2615677168079426 0.9469675675029108 0.324749780491944 0.10606486499417837
3 0.5212361242608886 0.14551480211261744 0.30289124323931066 0.1224670217792551
4 0.2873645921660247 0.9857443464378002 0.24469179741661476 0.028511307124399712
4 0.5475138044795305 0.0989783336456839 0.2654900197235101 0.09131018601811694
5 0.5430716421710412 0.06493937383934037 0.24077979258099447 0.07534665448505046
0 0.7795308188616937 0.708163320356648 0.33934411274338205 0.18471981207939445
0 0.8028218289139635 0.596337892083371 0.338784308073337 0.17270058131016341
1 0.7512641751007182 0.8232864269386965 0.33660438378750884 0.177354228156857
1 0.8245190526202785 0.4928489026180559 0.31692577082070356 0.1665064798534806
2 0.7176037010921769 0.917624230648551 0.401396269007346 0.16475153870289788
2 0.8340850846233537 0.39099353200159237 0.3071984252713099 0.16348645185563873
3 0.6905982748024766 0.9578501423602244 0.3541557390081428 0.08429971527955124
3 0.8560325634675153 0.3080142575744691 0.27091681109559956 0.15636807763296204
4 0.6481654371109659 0.9920431476275671 0.2356362174712751 0.0159137047448659
4 0.8781183365155143 0.24794854433938385 0.23122370235996215 0.12746104256467103
5 0.8933844343710065 0.17900723318284018 0.20785700642555474 0.1403436648777584
6 0.8238704845076575 0.14441481516029403 0.1908061614806136 0.13445765434307344
7 0.7506388044795305 0.11199517510009566 0.08268575109719342 0.07719888482835015