0 0.4255596306860178 0.6154980994374326 0.2304649149243332 0.3883338365438215
0 0.6026339209469966 0.5828721631179741 0.22286177850950833 0.3546380348865311
1 0.27853341734811593 0.6482988503545761 0.16254185440433358 0.3350576364603921
1 0.7443070019708428 0.5969184418652008 0.15762227696713074 0.3254142815093778
2 0.16054915683301113 0.6644405002085741 0.17017296210153615 0.3711572842715286
2 0.8350106583876257 0.5493659625813326 0.13623940312391405 0.34692303038365996
3 0.06807100811587823 0.6578924558630892 0.12136878568279527 0.3083775809152326
3 0.898978308647136 0.5269000310668862 0.08989501542377426 0.28896500450287105
4 0.9367274214733597 0.48504949347570797 0.06493350156685168 0.2094982297478001
4 0.021101476888812767 0.626341774755071 0.042202953777625535 0.24306816489475752
0 0.4278392901997928 0.41958463789897105 0.15281458465943842 0.32538631117374817
0 0.5349503004578346 0.4081877470974987 0.14554710363314485 0.32053666336261155
1 0.312342789685667 0.42852873445924544 0.15770619081426374 0.3326258199709162
1 0.6408873589213311 0.3943800175582729 0.14842646158741027 0.3614160331458108
2 0.19941796301965298 0.4230637392642577 0.15848938672083668 0.3999335122786085
2 0.7368882050874144 0.30478820091772657 0.1576502482495085 0.32781812766322393
3 0.10445205430154111 0.42371324821249634 0.13562403491160657 0.29403841499904454
3 0.8136154830338481 0.3220626493647231 0.12357683285999818 0.29156464300612445
4 0.04143711177349749 0.43895365609758935 0.08287422354699497 0.2480996198874864
4 0.8725516707266453 0.3187995167454164 0.07194924105174695 0.19271326217432153
5 0.0038138697179732066 0.4495541936887678 0.007627739435946413 0.1443006950698433
5 0.9291679261127292 0.30831086049675643 0.08354890258531356 0.15672549570570313
5 0.9623733896832196 0.45034056850699405 0.03418530051902079 0.04586886927248406
6 0.9564765014934286 0.33731784377278046 0.05937058463496433 0.14456641325832437