0 0.6335948367978177 0.6068470437552377 0.21217744416694428 0.3886155571332316
0 0.44908482089153734 0.6064850272015805 0.21424540751876336 0.3815721119696342
1 0.7846485951484414 0.6396944900521184 0.1439740643871798 0.36467817556011045
1 0.2939807635014559 0.6161251218418602 0.14699038175072793 0.3265528236944545
2 0.8925154364666673 0.6514451075245072 0.1307825577382021 0.39011192346477175
2 0.18281438855731172 0.5853118284366432 0.13033471400216604 0.380496538849387
3 0.9658605562435251 0.6348285810532306 0.06827888751294992 0.31273510663054166
3 0.10186403193725799 0.5560031380379313 0.0830348896086108 0.29093239794798514
4 0.9976275470814797 0.5994350252623377 0.004744905837040501 0.25201711957529366
4 0.05157753737733074 0.5378144352611092 0.06028066488390533 0.2653810967280533
0 0.6270812190612094 0.15795292458292381 0.14425065279485458 0.31590584916584763
0 0.5101587977976441 0.15726023968696654 0.13670323153128933 0.31145737357961306
1 0.7465754278796347 0.160962130595934 0.14218268944303575 0.321924261191868
1 0.3982383435126128 0.15198917087705627 0.14022668702522553 0.30397834175411254
2 0.8585518626316705 0.18817789144534686 0.13559025004589442 0.3763557828906937
2 0.29160307246848594 0.16277269191984375 0.13128306801389497 0.3255453838396875
3 0.9365945488948374 0.19979120386471216 0.11976434752035722 0.30787687434017896
3 0.2080545950237441 0.1493202697974109 0.12228015460821233 0.2986405395948218
4 0.9736466338992205 0.2146262773576768 0.052706732201559046 0.25179848629468216
4 0.13937703823811518 0.14460102245939166 0.10025036202721786 0.24900791356228338
5 0.0693855974415542 0.14346611271506907 0.11791367818186091 0.21669881379196626
6 0.05639499331811356 0.25289988937270447 0.08397661576564462 0.15682129322642388
7 0.03909720716267357 0.32163637471289636 0.039864364063998695 0.0842521686998862