0 0.6550042186551347 0.6021634615384616 0.23605733291730283 0.3870192307692308
0 0.47183859816383017 0.6117788461538461 0.2244382700376209 0.3605769230769231
1 0.8125472180167985 0.6033653846153846 0.16860335079071448 0.35336538461538464
1 0.3424339125622398 0.7439903846153846 0.0950996323040955 0.11298076923076923
2 0.9253477033243496 0.5877403846153846 0.1493045933513009 0.3894230769230769
3 0.9850705863438939 0.5612980769230769 0.02985882731221232 0.3245192307692308
0 0.6055762438658394 0.4098557692307692 0.15363381615919294 0.34615384615384615
0 0.4906470099049279 0.41586538461538464 0.15050135972742057 0.33653846153846156
1 0.7193394175004134 0.37259615384615385 0.16215628535768817 0.3317307692307692
1 0.3694335122969022 0.3389423076923077 0.13159619406847567 0.21394230769230768
2 0.8324291943912162 0.3581730769230769 0.1685316252895434 0.41586538461538464
3 0.9243203865375383 0.2860576923076923 0.1180838799928064 0.22596153846153846
4 0.9788587579020891 0.29447115384615385 0.04228248419582178 0.21394230769230768
2 0.23673782670245705 0.7608173076923077 0.069786102779263 0.09615384615384616