0 0.3641826923076923 0.5815860061571653 0.3605769230769231 0.2544739588760965
0 0.4050480769230769 0.4202661317528665 0.34134615384615385 0.24625457850526886
1 0.3173076923076923 0.7173505453494265 0.3245192307692308 0.19729579375771777
1 0.41225961538461536 0.2800190724688499 0.3076923076923077 0.17477931670247424
2 0.3004807692307692 0.8258436836787985 0.35096153846153844 0.1890661917676057
2 0.46634615384615385 0.20472862783872595 0.35336538461538464 0.16515371046780544
3 0.3125 0.9214255079490273 0.27163461538461536 0.14404345927640294
3 0.5072115384615384 0.15037990728058098 0.25961538461538464 0.11456740423694335
4 0.3233173076923077 0.9665121255607562 0.22115384615384615 0.06697574887848773
4 0.5288461538461539 0.11425411404391603 0.21153846153846154 0.09041318407910487
0 0.5372596153846154 0.6026758141099993 0.3245192307692308 0.1804688706807947
0 0.5348557692307693 0.4955786800251843 0.27884615384615385 0.16845986153084797
1 0.53125 0.7141397096671925 0.31490384615384615 0.1991957189569193
1 0.5372596153846154 0.3935411987253839 0.27884615384615385 0.16365216922315567
2 0.5180288461538461 0.8252256645084023 0.41346153846153844 0.20916860104971902
3 0.5528846153846154 0.9292158395074506 0.2283653846153846 0.13456427651896355
4 0.5264423076923077 0.9692709137871964 0.1875 0.06145817242560707
6 0.6658653846153846 0.11302152610914042 0.07692307692307693 0.06172367532946472