0 0.6098271153820806 0.3947775631458343 0.3443672227760376 0.1869857130147747
0 0.6057625237225044 0.5747721770095524 0.33483575674203875 0.1914016084228093
1 0.6312221416068937 0.24431474770267106 0.3242972677314119 0.13812519613853608
1 0.6299146965486896 0.7198844892645516 0.3048147427564856 0.12291852541614372
2 0.6243794237005992 0.1275323107913037 0.3720385164827921 0.12085341140605584
2 0.5968002378816729 0.8182238408879077 0.3332413036957111 0.10005545457665531
3 0.5917867263984286 0.04933589394433894 0.2797272989507033 0.06184287932084525
3 0.5630983491449565 0.8829093463574172 0.24594757492477862 0.053260051710504595
4 0.5445179489199261 0.9193853679427171 0.19289512237739195 0.04148978414700202
0 0.4131942626096635 0.41438995747208024 0.28558397352571635 0.12213493161682802
0 0.419932082289226 0.5251627789988322 0.2782045979014066 0.11222569932670012
1 0.39426937499809883 0.2935120052053714 0.28102803696218115 0.13636211009007596
1 0.41212094717363307 0.628136366714559 0.28060844405525276 0.11232364855161456
2 0.39590305756630506 0.18067815981197383 0.388949358141101 0.12634674828814924
2 0.3861550880321155 0.723163796781889 0.25640214535401995 0.10172877168708538
3 0.34608482392562945 0.0789595599290695 0.22747207292648033 0.0957456886804197
3 0.3624671971723657 0.811077637612595 0.14561542582363268 0.08520387657178984
4 0.36198864260731034 0.02676058911885526 0.1903234390607745 0.03177645030670296
4 0.358750446422687 0.8733817391627662 0.15949303196770273 0.054541571921276684
5 0.37289470466408314 0.926805075284411 0.14527975149808997 0.0659731073410206
6 0.4142426211224353 0.9561144428771874 0.07776226273693364 0.051211298274185316