0 0.5365059766900132 0.38074358704183836 0.4185287864729901 0.2641767807165484
0 0.5503976884633851 0.5617514398142555 0.42002186977942846 0.2521995092380104
1 0.552315968076048 0.2196229557981068 0.3699771311887936 0.19370997502253895
1 0.5803339189098752 0.7052689011032466 0.3574114427111181 0.18628864010753624
2 0.5491311369266737 0.1032462137900325 0.4030845196341951 0.18708586663070012
2 0.5587337468675688 0.8160766002789802 0.3947800657557673 0.17253691183554473
3 0.5182647928492062 0.041219308817459464 0.30481656814774144 0.08243861763491893
3 0.5444003268209561 0.894348457796405 0.3012839438264201 0.110888264233756
4 0.5360406594083731 0.9413073763777907 0.25397149377800904 0.08845642232597693
5 0.5608435939753467 0.962480439564785 0.20593043345167153 0.05640919580281324
0 0.3639561605379654 0.4401711220057211 0.36666252218753964 0.18164878496261536
0 0.37351491221091837 0.551635273479371 0.3692485209108674 0.1840945904071544
1 0.31593587040347415 0.3293783191831565 0.3413131299121215 0.19561030968807103
1 0.34415674399862883 0.6697803889887216 0.3544611388488273 0.17903514235530502
2 0.3030445783539743 0.2143713374147766 0.426940828603175 0.18510161338378225
2 0.27837657833968393 0.793362586166157 0.3247042221552655 0.1665124000977601
3 0.2578283022628779 0.129936923703134 0.24024116438227267 0.12902809190651177
3 0.2920696255765579 0.8819482398875755 0.203090556657691 0.1139756256230424
4 0.27374588190066973 0.06244041458732394 0.22898640664155392 0.10722563935912505
4 0.3137759664623446 0.9439866876899544 0.18185610916262432 0.08719764360519214
5 0.3355375208822865 0.973615171706103 0.16877982572708985 0.04135672951934365