0 0.507195325122705 0.6162073362202402 0.2414714417491342 0.3859160052221607
0 0.6975733482824157 0.5994705153789638 0.23861975185925197 0.3762866354389613
1 0.3489629894350665 0.6519931191106934 0.18003175669487212 0.35672022218063676
1 0.8519793067986148 0.6105946954080476 0.1572775319701668 0.3325558941318423
2 0.2193792189953922 0.6575560104803847 0.17198382515561364 0.39031812766322377
2 0.9374144614102955 0.5703718271569941 0.1251710771794089 0.385342613341754
3 0.11796983679781768 0.6485280029132213 0.12625145383818467 0.33718177925794196
3 0.9877701030721415 0.5483945751609163 0.024459793855716984 0.30073250225143566
4 0.05488038493059658 0.6104230862309603 0.06452855252155258 0.2503076736919256
0 0.5077418740833598 0.42143985708744247 0.16102490933212094 0.36141603314581094
0 0.6319877947424727 0.430335005560365 0.16342875548596708 0.3614300183136257
1 0.3794423404574415 0.40295030175085744 0.16230914614587702 0.3373915567751642
1 0.7367197299084463 0.38163574251568355 0.1505138372446644 0.3421293232437824
2 0.26428164694084416 0.40842928211366 0.16689954444024643 0.4359492490828565
2 0.8410861350752169 0.29927564073324847 0.16342875548596708 0.36143001831362565
3 0.15538082394670866 0.3934336146653259 0.1500659935086282 0.3325139386283978
3 0.9250264757889902 0.3204277678282534 0.12457203982804953 0.30112408695024995
4 0.0778156286167537 0.40590736338853745 0.11087339504868356 0.26499646880348354
4 0.9740961345989303 0.3176952702307595 0.05180773080213951 0.18783564402755515
5 0.034994241583558974 0.4157744810245884 0.03886334351261277 0.16364334564313082