0 0.4226648670970705 0.3952132790059229 0.4055587690909892 0.2940037822991219
0 0.47677350920080286 0.5754773612886322 0.4051808283750057 0.28679224383758345
1 0.3569728142497794 0.2472784300570442 0.3658476498621233 0.22134888019986343
1 0.4821804378439484 0.7247120470696083 0.272485812197391 0.17543082052276743
2 0.3338468792397985 0.12845969206233915 0.39697166962346214 0.22149594919870796
2 0.4862696847907939 0.8257716976524043 0.2426318164419478 0.15384536038182206
3 0.33614518839355184 0.05393966782877681 0.3117134537101806 0.10787933565755362
3 0.5401519204654144 0.8865548347134423 0.16065930835314043 0.09688919114806893
0 0.6297786878534654 0.3626148820284039 0.33864946073784863 0.20476733660912522
0 0.6548045480626477 0.4716220111652096 0.333589807952834 0.19956719581640342
1 0.6231017352044239 0.23521103587455777 0.31245911352286326 0.20741656224915608
1 0.719178919213639 0.5713818249159079 0.30689553978320394 0.19260103684104982
2 0.5787821156451418 0.12657177760094634 0.4283476498621233 0.22645071050524485
2 0.8009522353251702 0.6576507260785155 0.29399444734334534 0.1747929925515532
3 0.6139153994014437 0.04388327458294143 0.2566769526490412 0.08776654916588286