0 0.6871314266706973 0.37510599067231215 0.44961919080169166 0.2814491672378994
0 0.7030596665667191 0.576679426565669 0.4228406965135015 0.27633379082405346
1 0.682155081098624 0.20583063580280156 0.3987352216424395 0.2063984821034941
1 0.7366047560466996 0.7324119578416833 0.35428933778762084 0.18906807594377392
2 0.6483243450054317 0.0923575866364 0.431380508008639 0.1847151732728
2 0.6991017973565774 0.8565456901532915 0.41388121173995146 0.18255581954167582
3 0.6090053067378175 0.03713206048328807 0.35891246344744193 0.07426412096657614
3 0.6780137651734908 0.9348525034887459 0.3094402540043195 0.09727438157957871
4 0.5517920089479981 0.013191498433148159 0.27141598210400386 0.026382996866296318
0 0.1802143314637758 0.46266877227881253 0.3594332166911955 0.19393171081622163
0 0.1990336640910972 0.5885490256083931 0.34690970602814136 0.18658031594279506
1 0.17042973361757022 0.3392622933090221 0.34085946723514043 0.19166772107426355
1 0.1965545679296855 0.7098733281716799 0.3807316454799286 0.18937576004992762
2 0.194956001699925 0.21750443586888243 0.369771514481015 0.1700331056896481
2 0.20805576387654545 0.8299117938109107 0.4161115277530909 0.19955057031286463
3 0.16760565421887122 0.12775180305293818 0.3160464326066939 0.15739850670810998
3 0.2058008192493275 0.9211320768863653 0.34953218546259895 0.1553862585075503
4 0.21504651060252963 0.9606556820129388 0.28148510663054166 0.07533208208880939
4 0.14185219306825825 0.0848741702369939 0.2837043861365165 0.10909781337216605