0 0.3881380730787697 0.5972468376463029 0.26231748804012894 0.39819616981872213
0 0.5652388646513037 0.6498147524545932 0.2342716699730728 0.3439114734853091
1 0.2324345307872144 0.5809347730175796 0.1928239648986578 0.3654297893159347
2 0.11471921415820081 0.5571774492441081 0.19020210342474436 0.3939959269723291
3 0.04661686370451727 0.5215290485258404 0.09323372740903454 0.33151963551321917
4 0.005933631658614231 0.4746777570667305 0.011867263317228462 0.24743243721038402
1 0.3341648005020946 0.36955890653965745 0.18615888414556403 0.372221303492834
2 0.22890616469072295 0.3247970038085295 0.18849100479823883 0.4345812953979541
3 0.14145835971313012 0.2520989998479661 0.14154002107223768 0.2571404128388682
4 0.060018750711876095 0.2594279594387246 0.1071934273910509 0.21445492299004656
5 0.01944736514255988 0.28688588660652586 0.03889473028511976 0.13939936838218683
0 0.4671422314004217 0.3193570319234174 0.1397543581280076 0.20199195939528636
1 0.6817508387951177 0.7531790154947474 0.11484099649272395 0.15746265577213756
2 0.7928190060463302 0.7849997805694812 0.09174916055225588 0.13697181368745057