0 0.30649038461538464 0.4256288270676972 0.39903846153846156 0.2733932073531882
0 0.34134615384615385 0.6139092396784126 0.38461538461538464 0.27512528790298035
1 0.2608173076923077 0.27631377712156074 0.35336538461538464 0.20155441114547853
1 0.3581730769230769 0.7717793592941958 0.3389423076923077 0.20088264554142435
2 0.24158653846153846 0.16302677228594054 0.39663461538461536 0.19876201564994847
2 0.42427884615384615 0.8696619720704863 0.38221153846153844 0.1836671731228175
3 0.2608173076923077 0.07116205971263422 0.33653846153846156 0.14232411942526843
3 0.47716346153846156 0.928496908445365 0.3004807692307692 0.11255280905881876
4 0.30649038461538464 0.037952743367476525 0.25961538461538464 0.07590548673495305
4 0.5036057692307693 0.9597172612481889 0.25240384615384615 0.04540974422479248
0 0.7896634615384616 0.30096121779342433 0.33413461538461536 0.193447185211868
0 0.8125 0.41888797353572343 0.3293269230769231 0.19322326334384995
1 0.8353365384615384 0.5284012677395609 0.3293269230769231 0.1884155710361575
2 0.7355769230769231 0.08727597124261062 0.39903846153846156 0.17455194248522124
2 0.8389423076923077 0.6388102494154704 0.32211538461538464 0.19288738054182303
3 0.7043269230769231 0.040233029841597094 0.32211538461538464 0.08046605968319419
3 0.8665865384615384 0.7252630832897513 0.2668269230769231 0.17348535598269274
4 0.7115384615384616 0.002469590253941163 0.2932692307692308 0.004939180507882326
4 0.8870192307692307 0.7928210307352901 0.22596153846153846 0.14513971241223173
5 0.9038461538461539 0.8461238426587655 0.19230769230769232 0.12674533625918263
6 0.8064903846153846 0.886715952793823 0.10817307692307693 0.07474978049194411
7 0.7632211538461539 0.9163754803752158 0.0625 0.026949445822695796