0 0.39774012955390714 0.5677387998124848 0.2696855359911417 0.39077384251961117
0 0.5797087920606508 0.5913651486920071 0.2696855359911417 0.39077384251961117
1 0.23842351943663423 0.5649076247432568 0.21029872822784543 0.36231687504893356
1 0.7195797062640186 0.6356493174786443 0.18773984007723607 0.34713830070896773
2 0.12248360343016015 0.5401747346112753 0.20253188914444828 0.390827252265359
2 0.8253023549138183 0.6139689004765022 0.17880151852798457 0.3947955029987305
3 0.05486045057784547 0.5000114376670317 0.10972090115569094 0.30733365572851584
3 0.9002371399466151 0.586168219059439 0.10829115455603883 0.26761295490549625
4 0.017985948845727476 0.46293497780312265 0.03597189769145495 0.25201465977837006
4 0.9364022955958754 0.5645183364689814 0.06434486072067522 0.21810898115222768
0 0.4714388660874 0.3720886084133512 0.18921941346508875 0.332799167943323
0 0.5828021579776801 0.39338361762942775 0.18921941346508875 0.33279916794332287
1 0.35565299554192487 0.34495187212752343 0.19806457077547862 0.3211157138038206
1 0.694503981401027 0.3906821373857588 0.18262405684754632 0.34216272008641124
2 0.23866520191952667 0.31785710792041166 0.20709237175227985 0.42456504257663713
2 0.8084394640088584 0.3531248879113207 0.17991211977170216 0.337271083621287
3 0.15411318986568917 0.25245342636078344 0.13753856356305258 0.23745422895211335
3 0.8880135967856423 0.3839246327124759 0.08804663313172621 0.10141179366038326
4 0.0759881898656892 0.2551816114773262 0.11420944810744864 0.21025642384291682