0 0.36240233720929527 0.42350156932152605 0.4247594470414532 0.29832735636372176
0 0.41146140255822705 0.618545676657744 0.4027891308151711 0.28289663103456364
1 0.30571311228579084 0.2625031714081858 0.3870232505254275 0.22453255773820205
2 0.2773954699551283 0.13146722275374192 0.43778377045758565 0.23890296812162204
3 0.2741513667580663 0.053622214163240596 0.3535352449143163 0.10724442832648119
1 0.5632603515889959 0.2649464283922985 0.3942907391272439 0.22727228669407526
2 0.5637888631044874 0.13256694852974651 0.47607745849829075 0.2334828046042278
3 0.5794678033666667 0.04711199942845612 0.25028176057948726 0.09422399885691224
4 0.5519624430090813 0.0017748053074062276 0.22411719371047012 0.003549610614812455
1 0.37688839884599423 0.7874043592941958 0.2753273246429488 0.17130543169686435
2 0.36761072495037467 0.9057526255027024 0.20002479190982925 0.13418079658873913
3 0.403725372337394 0.9582157304211102 0.1525613104978633 0.055130461919490545
0 0.6501365238472225 0.3788162572404446 0.22736230184658132 0.17387390532437655