0 0.3726983700389956 0.479832104885931 0.39999519535132994 0.2701374571217964
0 0.33402575757727154 0.6656520077473738 0.2728535312940903 0.22199165157266385
1 0.3424255470904323 0.32134197536785464 0.36306586299229365 0.20567734379347977
2 0.32595101068128235 0.19861766769726608 0.40848697943804824 0.203529805288503
3 0.3361128631320737 0.09673422234856408 0.3290442977417482 0.15097262317542734
4 0.3687435349477044 0.04920547738071501 0.2528975454892066 0.06984930340595738
1 0.5863580523961285 0.3596612625840525 0.35332449813824784 0.2027134652601144
2 0.5854455258676479 0.2390489306071055 0.4420148453532332 0.2030860724629736
3 0.6295761750689384 0.13311598320210485 0.25224720105733256 0.14889621029312095
4 0.5906583733431596 0.07056968769555506 0.2177217148521423 0.08457610505968396
2 0.2872750774123072 0.9365984369280352 0.08753608182846666 0.06980412947463813
0 0.6385702197066758 0.4675887645534746 0.20151447134924075 0.1411483479929535