0 0.7361333166433041 0.5261547011462563 0.39765864411688656 0.2554818007853858
0 0.6898377982857812 0.34516312667587423 0.36863033770125114 0.2515661917676058
1 0.7869991612048823 0.6719125656698857 0.3422597555101151 0.18793236961965548
1 0.6652321088470289 0.19561563337312593 0.3198965298475734 0.1771831628563204
2 0.8001858717087272 0.7822375282694864 0.394051455477841 0.1762808579471239
2 0.5976676996521305 0.10020744703196256 0.3718703823847808 0.16793549733763505
3 0.792320287286987 0.8695318712399149 0.3138496323040955 0.12898025954073616
3 0.5523575084597401 0.0427772566368786 0.28649656176438004 0.0855545132737572
4 0.7489972623918777 0.9188634858938074 0.25415364634749066 0.09951442612056055
4 0.5127299096718642 0.0150989754031615 0.25142135780526687 0.030197950806323
0 0.2761625027290053 0.6347294828311362 0.33967375678678713 0.1854025432271479
0 0.2588235652859466 0.5173819521279885 0.3267437631701485 0.17275341126461158
1 0.3372439837402916 0.7401309945036675 0.278848992662707 0.17263765264523448
1 0.20753962145952648 0.41388036565465863 0.35355037600141936 0.17894688619757654
2 0.3311999250133671 0.8514637990125575 0.39423360804732244 0.17868470410097032
2 0.19675675710952786 0.30342942281639673 0.3585402208785933 0.18160269282874503
3 0.3522895020978144 0.9227603120766447 0.3363950105361188 0.14213331245791713
3 0.1677270312856158 0.22289546585290848 0.3117742285386269 0.16478599137110614
4 0.3634352521784996 0.9583770735490229 0.2900650488362869 0.067876263785293
4 0.13895260294063336 0.16165526823952003 0.2618757797668881 0.13822792505942147
5 0.12580317459565085 0.09959619907483411 0.2311722374753328 0.14380172041836486
6 0.22689165209251574 0.06413097188932743 0.11731656814774133 0.0947373986707209
7 0.2777725892128338 0.03491709894647429 0.051537821897073 0.04819268169630005