0 0.3452986782481308 0.5655474193724527 0.3889794955570514 0.20765683818578504
0 0.34923612856437003 0.37279879622944634 0.3601892918511754 0.20854892147569737
1 0.3394039779612186 0.7259071095578664 0.34442341156143175 0.15010073235142257
1 0.32284675619519254 0.22135137772749655 0.3200492491813035 0.1344178530417342
2 0.34113943724887896 0.8521720227541203 0.39233248421752154 0.14540879866310738
2 0.34336136383520316 0.12039495007560018 0.3723743631631411 0.11315095675381813
3 0.3650120582446055 0.9471920467600159 0.3189302463757479 0.08634092996481121
3 0.3620875768644231 0.04600681035467265 0.28963649140737185 0.06559839787010803
4 0.393588347556624 0.012842382928357616 0.20751407119465812 0.025684765856715232
0 0.5441465073340283 0.5262449057174229 0.33911216799123944 0.12821415648948514
0 0.5378271562997867 0.40984733761387615 0.3366523716971155 0.12568433009697783
1 0.5830296817257484 0.6457494329067364 0.34654750701388903 0.13820748182085324
1 0.5603819341818379 0.2931399297233186 0.32709293722200855 0.12758425529617926
2 0.5882590099636225 0.7670176834373059 0.43073807253878205 0.14502063632783985
2 0.6226001736023505 0.17435384789485195 0.3369321223985044 0.13770356086620844
3 0.6039699450521374 0.8732959459708234 0.32435339022649584 0.11303519813444123
3 0.6099924614211539 0.09799768204575023 0.2761086167287395 0.10330405489967956
4 0.597039162231037 0.9374387998830606 0.27074142301826937 0.0790136328838959
4 0.6012143190318378 0.0310679304540414 0.20304207972863253 0.058659263124460244
5 0.5833243432896368 0.0038824535544892233 0.1786679173485043 0.007764907108978447