0 0.6345719613747995 0.44315799874140005 0.22775890482334085 0.40849001548920955
0 0.43591846708660964 0.4337344198607909 0.2217745594300606 0.391551192131731
1 0.807842247740999 0.4327913069884622 0.16978095051782122 0.3687416238012822
1 0.27145716547882937 0.2955102511974895 0.08415108873454556 0.10515578910427358
2 0.933339130909517 0.4503755668372337 0.13332173818096585 0.41161920358856846
3 0.997478040564443 0.47251473842339825 0.005043918871113926 0.35632873217200856
2 0.15780402305629557 0.2832652099890493 0.0736952376294553 0.09291275777393164
0 0.6251323467658813 0.6685320607300219 0.13992623688402042 0.35364714519487184
0 0.5019478663769334 0.6572651420373935 0.13975814358607933 0.3512432990410257
1 0.7520906896835394 0.682286750786913 0.16497325821012893 0.3686297235207266
1 0.39057222015157006 0.7290707910031521 0.1253691332957427 0.21411216799123933
2 0.8829069417788784 0.6997311352849901 0.15112147451347588 0.4451051993215813
3 0.9705896696695075 0.7671807128214752 0.05882066066098501 0.21858415945726506