0 0.3737980769230769 0.3863387369840766 0.4182692307692308 0.264867624012871
0 0.359375 0.589354729324043 0.3918269230769231 0.24844086882549676
1 0.37259615384615385 0.21575673634574047 0.36538461538461536 0.19114872902273794
1 0.25 0.7370657481585317 0.19230769230769232 0.12274528248160294
2 0.390625 0.08872216325982554 0.4206730769230769 0.17744432651965109
2 0.20793269230769232 0.8592438027398437 0.10576923076923077 0.09936086690334306
3 0.421875 0.024455141395026598 0.3581730769230769 0.048910282790053196
0 0.5793269230769231 0.4176396922934019 0.37259615384615385 0.17727210980810562
0 0.5685096153846154 0.542257455779146 0.36778846153846156 0.16729242005375797
1 0.6334134615384616 0.2861374133262203 0.3701923076923077 0.18670534185400872
1 0.6490384615384616 0.6575495754707439 0.21394230769230768 0.13640388637616768
2 0.6394230769230769 0.1582781857486702 0.4543269230769231 0.1906768356320177
3 0.7139423076923077 0.056785542603578126 0.23798076923076922 0.11357108520715625
4 0.7067307692307693 0.009127428495635014 0.21394230769230768 0.018254856991270028