0 0.38500922793602244 0.3540368869254416 0.3885650171505613 0.24137672901735796
0 0.3695264912761885 0.5461499860453958 0.39303652286237134 0.2367369250245298
1 0.357869837027055 0.18991906241028864 0.3596518499718069 0.17082574898149863
1 0.3425205670659821 0.6940857358702086 0.34679215271287056 0.15838679742510728
2 0.3603665264712767 0.07659873796038029 0.4072244931549066 0.15319747592076058
2 0.3749049168438648 0.7953677837556332 0.3813370053390926 0.13801134440197307
3 0.4079309329794113 0.019463504958412856 0.29182340442036103 0.03892700991682571
3 0.4004644547387616 0.8679715661097682 0.2869651721299984 0.09155223565032326
4 0.43404249091860225 0.9174030333726364 0.22278423915058726 0.06533122601862774
0 0.5653899727984196 0.40075160673879867 0.3564075373282552 0.15872257405483575
0 0.5455620803834514 0.5134958107031138 0.3363363016077801 0.1460317900261483
1 0.6039443545503337 0.28012431105348845 0.338521514481015 0.1772817900261483
1 0.5446287706033702 0.62076076910028 0.3097259006175314 0.1427045581405492
2 0.6048188876727795 0.1547885344237601 0.43897877304872995 0.1735959061767575
2 0.5564123347756195 0.7203524961700313 0.26047232445502044 0.12419875191498438
3 0.6593091860292406 0.05938068826387604 0.270255802368346 0.11876137652775208
4 0.653123240671719 0.013182960356848584 0.20014106397832493 0.02636592071369717
6 0.5622362635794838 0.9587110141092448 0.09230417365113024 0.051182856901910156
3 0.6074391272414774 0.8125495292575375 0.1751610559848171 0.10443378332793839